text,text_clean,intent
lần thứ mua ở shop nên chất_lượng khỏi bàn,lần thứ mua ở shop nên chất_lượng khỏi bàn,khen_chat_luong
quan_trọng nhất là shop phục_vụ cực_kì tốt,quan_trọng nhất là shop phục_vụ cực_kì tốt,khen_chat_luong
lần này đặt còn được tặng mã giảm_giá nữa,lần này đặt còn được tặng mã giảm_giá nữa,gia_tri_gia
ncl mình re com men de d mọi người nên mua nha,ncl mình re com men de d mọi người nên mua nha,de_xuat_mua
than k shop ạ iu iu,than k shop ạ iu iu,trung_tinh
uuu,uuu,trung_tinh
rcm nên mua nha,rcm nên mua nha,de_xuat_mua
áo ở ngoài xinh hơn trong hình,áo ở ngoài xinh hơn trong hình,khen_chat_luong
sẽ ủng_hộ tiếp sao cho sản_phẩm nha a,sẽ ủng_hộ tiếp sao cho sản_phẩm nha a,trung_tinh
áo siu siu siu siu đẹp lun,áo siu siu siu siu đẹp lun,khen_chat_luong
đã mua nhiều áo của shop mẫu nào cũng ưng,đã mua nhiều áo của shop mẫu nào cũng ưng,trung_tinh
siêu thích áo của shop chỉ muốn mua hết các mẫu về mặc shop thì rất thân_thiện còn gửi kèm cả tờ giấy hướng_dẫn siêu đáng yêu,siêu thích áo của shop chỉ muốn mua hết các mẫu về mặc shop thì rất thân_thiện còn gửi kèm cả tờ giấy hướng_dẫn siêu đáng yêu,khen_dich_vu
chắc_chắn sẽ ủng_hộ shop tiếp,chắc_chắn sẽ ủng_hộ shop tiếp,khen_chat_luong
shop giao hàng siêu nhanh á,shop giao hàng siêu nhanh á,khen_giao_hang
rất đáng để mua nha,rất đáng để mua nha,trung_tinh
cảm_ơn shop rất nhiều nha a,cảm_ơn shop rất nhiều nha a,khen_dich_vu
so với thời_điểm dịch_bệnh như này thì shop giao thế_là quá nhanh rùi í,so với thời_điểm dịch_bệnh như này thì shop giao thế_là quá nhanh rùi í,khen_giao_hang
đúng với mô_tả giống hình,đúng với mô_tả giống hình,dung_voi_mo_ta
chất_liệu oke,chất_liệu oke,khen_chat_luong
sẽ ủng_hộ tiếp a,sẽ ủng_hộ tiếp a,trung_tinh
chất_liệu li ke,chất_liệu li ke,trung_tinh
đúng với mô_tả đẹp,đúng với mô_tả đẹp,khen_chat_luong
cho shop sao luôn,cho shop sao luôn,trung_tinh
đúng với mô_tả đẹp như hình,đúng với mô_tả đẹp như hình,khen_chat_luong
còn đc tặng chun tóc,còn đc tặng chun tóc,trung_tinh
than k s shop,than k s shop,trung_tinh
bên trong vừa được lót sốp vừa dùng túi_bóng phồng để giữ orm nên dáng rất ok,bên trong vừa được lót sốp vừa dùng túi_bóng phồng để giữ orm nên dáng rất ok,khen_chat_luong
màu_sắc ok,màu_sắc ok,khen_chat_luong
đúng với mô tảđ,đúng với mô tảđ,trung_tinh
chất_liệu đ c,chất_liệu đ c,trung_tinh
dép đi êm rẻ nhưng mới_đầu có mùi nồng nhưng sài lâu sẽ ht và dép hơi to nhưng giá có k thì k đòi_hỏi nhìu,dép đi êm rẻ nhưng mới_đầu có mùi nồng nhưng sài lâu sẽ ht và dép hơi to nhưng giá có k thì k đòi_hỏi nhìu,phan_nan_chat_luong
màu_sắc đẹp,màu_sắc đẹp,khen_chat_luong
đúng với mô_tả đúng với miêu_tả,đúng với mô_tả đúng với miêu_tả,dung_voi_mo_ta
chất_liệu tốt,chất_liệu tốt,khen_chat_luong
chất_liệu xốp,chất_liệu xốp,trung_tinh
màu sắc đen_trắng,màu sắc đen_trắng,trung_tinh
đúng với mô_tả tốt,đúng với mô_tả tốt,khen_chat_luong
rất hợp với số tiền,rất hợp với số tiền,trung_tinh
màu_sắc trắng,màu_sắc trắng,trung_tinh
đúng với mô_tả đúng,đúng với mô_tả đúng,dung_voi_mo_ta
sản_phẩm đẹp đóng_gói chắc_chắn nhất_định sẽ ủng_hộ nh lần sau,sản_phẩm đẹp đóng_gói chắc_chắn nhất_định sẽ ủng_hộ nh lần sau,khen_chat_luong
hình_ảnh mang tính_chất nhận xu,hình_ảnh mang tính_chất nhận xu,trung_tinh
rất đẹp m,rất đẹp m,khen_chat_luong
n nên ủng_hộ shop này nhé,n nên ủng_hộ shop này nhé,trung_tinh
đế cao cm rep đi êm_đẹp hơn mong_đợi cảm_ơn shop nhiều ạ,đế cao cm rep đi êm_đẹp hơn mong_đợi cảm_ơn shop nhiều ạ,khen_chat_luong
sẽ tiếp_tục ủng_hộ shop,sẽ tiếp_tục ủng_hộ shop,trung_tinh
đẹp nhưng hơi to chút,đẹp nhưng hơi to chút,khen_chat_luong
chất_liệu cao_su hay sao ý,chất_liệu cao_su hay sao ý,trung_tinh
chất ko giống tui tưởng_tượng nhưng_mà vậy cx đẹp đi êm vs giá ms lần đầu mua như_vậy là ok,chất ko giống tui tưởng_tượng nhưng_mà vậy cx đẹp đi êm vs giá ms lần đầu mua như_vậy là ok,khen_chat_luong
chất_liệu êm,chất_liệu êm,khen_chat_luong
hàng đi êm vừa_vặn chân,hàng đi êm vừa_vặn chân,khen_chat_luong
nói_chung đẹp ạ mọi người nên mua nha,nói_chung đẹp ạ mọi người nên mua nha,khen_chat_luong
chất_liệu nhựa,chất_liệu nhựa,trung_tinh
màu_sắc trắng_đen,màu_sắc trắng_đen,trung_tinh
đẹp quá_trời lun,đẹp quá_trời lun,khen_chat_luong
chất_liệu đẹp,chất_liệu đẹp,khen_chat_luong
màu_sắc đúng mẫu,màu_sắc đúng mẫu,trung_tinh
dép đẹp đúng màu đúng mẫu giá dẻ lần sau ủng_hộ shop,dép đẹp đúng màu đúng mẫu giá dẻ lần sau ủng_hộ shop,khen_chat_luong
đúng với mô_tả đẹp tv,đúng với mô_tả đẹp tv,khen_chat_luong
chất_liệu cao_su,chất_liệu cao_su,trung_tinh
cho,cho,trung_tinh
chất_liệu nền đi êm chân thoải_mái đúng vs một tả,chất_liệu nền đi êm chân thoải_mái đúng vs một tả,khen_chat_luong
dép đẹp lắm nha m,dép đẹp lắm nha m,khen_chat_luong
nó có vết keo nhưng ko sao vì mik mua với giá k là quá rẻ,nó có vết keo nhưng ko sao vì mik mua với giá k là quá rẻ,gia_tri_gia
giao hàng nhanh,giao hàng nhanh,khen_giao_hang
mình thêm vài s ti c ke r vào trông rất ưng_ý,mình thêm vài s ti c ke r vào trông rất ưng_ý,khen_chat_luong
đúng với mô_tả đúng luôn,đúng với mô_tả đúng luôn,dung_voi_mo_ta
màu sắc đen t rắn v,màu sắc đen t rắn v,trung_tinh
trời_ơi mua vs giá k quá tuyệt_vời luôn chất đẹp hàng xịn dã_man,trời_ơi mua vs giá k quá tuyệt_vời luôn chất đẹp hàng xịn dã_man,khen_chat_luong
mua giá k cứ nghĩ chắc kh có mà ai_ngờ có thật,mua giá k cứ nghĩ chắc kh có mà ai_ngờ có thật,khen_chat_luong
sie dép hình_như nhỏ hơn bth nên mua số to để trừ_hao ạ,sie dép hình_như nhỏ hơn bth nên mua số to để trừ_hao ạ,de_xuat_mua
đúng với mô_tả đúng mẫu ạ,đúng với mô_tả đúng mẫu ạ,dung_voi_mo_ta
chất_liệu không biết,chất_liệu không biết,trung_tinh
đúng với mô_tả rất rất đúng với miêu_tả,đúng với mô_tả rất rất đúng với miêu_tả,dung_voi_mo_ta
quá tuyệt_vời dép đúng như hình mọi người ủng_hộ cho shop đi a,quá tuyệt_vời dép đúng như hình mọi người ủng_hộ cho shop đi a,khen_chat_luong
than k you shop nhe,than k you shop nhe,trung_tinh
đánh_giá tiêu_chuẩn khá chi là ok nha nên đi săn và mua nó ngay đi,đánh_giá tiêu_chuẩn khá chi là ok nha nên đi săn và mua nó ngay đi,khen_chat_luong
ang hàng khá đẹp mà đi hôm đã bay mất s ti ke r haa khộ ko chất_lượng cho lắm,ang hàng khá đẹp mà đi hôm đã bay mất s ti ke r haa khộ ko chất_lượng cho lắm,khen_chat_luong
chất_liệu chắc là cao_su,chất_liệu chắc là cao_su,khen_chat_luong
màu_sắc đúng như trong hình,màu_sắc đúng như trong hình,trung_tinh
hàng đc lắm mn ạ đáng tiền lắm mn ạ,hàng đc lắm mn ạ đáng tiền lắm mn ạ,gia_tri_gia
chất_liệu mềm,chất_liệu mềm,khen_chat_luong
màu_sắc tốt,màu_sắc tốt,khen_chat_luong
ưng_ý,ưng_ý,trung_tinh
đã nhận đx hàng dép đẹp giá rẻ nhưng về dép bị móp méo đi mấy hôm rồi vẫn vây,đã nhận đx hàng dép đẹp giá rẻ nhưng về dép bị móp méo đi mấy hôm rồi vẫn vây,khen_chat_luong
chất_liệu hơi cứng,chất_liệu hơi cứng,trung_tinh
đúng với mô_tả ko,đúng với mô_tả ko,dung_voi_mo_ta
mik đặt dép đen_trắng gấu mà về hàng là dép trắng_trơn,mik đặt dép đen_trắng gấu mà về hàng là dép trắng_trơn,trung_tinh
đúng với mô_tả hàng rất đẹp nha a,đúng với mô_tả hàng rất đẹp nha a,khen_chat_luong
tr oii dép xinh nhắm giao nhanh ship det h săn sa le k mà dị là quá là xúc_xích,tr oii dép xinh nhắm giao nhanh ship det h săn sa le k mà dị là quá là xúc_xích,khen_chat_luong
kem đặc_trị mụn trắng da c trị hết sạch mụn các loại mụn,kem đặc_trị mụn trắng da c trị hết sạch mụn các loại mụn,trung_tinh
đặc_trị mụn đỏ mụn viêm mụn bọc mụn dị_ứng,đặc_trị mụn đỏ mụn viêm mụn bọc mụn dị_ứng,khen_chat_luong
đặc_trị mụn đầu trắng mụn trứng_cá mụn cám nám tàn nhan,đặc_trị mụn đầu trắng mụn trứng_cá mụn cám nám tàn nhan,trung_tinh
đặc_trị mụn đầu đen mụn mảng thể nặng mụn ẩn,đặc_trị mụn đầu đen mụn mảng thể nặng mụn ẩn,trung_tinh
ngăn_ngừa mụn trị thâm và mờ thâm do mụn để lại,ngăn_ngừa mụn trị thâm và mờ thâm do mụn để lại,trung_tinh
chỉ,chỉ,trung_tinh
rất nhỏ so với shop đưa ra đề_cử mn nên lấy tăng sie nhé,rất nhỏ so với shop đưa ra đề_cử mn nên lấy tăng sie nhé,trung_tinh
đúng với mô_tả đúng sie,đúng với mô_tả đúng sie,dung_voi_mo_ta
chỉ là lúc đóng_gói hk có chống xóc nên hơi mất orm xíu,chỉ là lúc đóng_gói hk có chống xóc nên hơi mất orm xíu,khen_giao_hang
mang ok,mang ok,khen_chat_luong
đúng như hình,đúng như hình,dung_voi_mo_ta
đúng với mô_tả có,đúng với mô_tả có,dung_voi_mo_ta
đã nhận được hàng,đã nhận được hàng,trung_tinh
hàng rất đẹp,hàng rất đẹp,khen_chat_luong
lần sau sẽ ủng_hộ tiếp,lần sau sẽ ủng_hộ tiếp,trung_tinh
dép cao cm nên phù_hợp với mấy nàng nấm lắm nha,dép cao cm nên phù_hợp với mấy nàng nấm lắm nha,trung_tinh
hôm nào nên biết có phải xem với lượng dư_thừa biết đến với chúng có_thể như ế trong tủ_lạnh để e hỏi chủ ít đít nàng không có y i lo ve my xem với lượng nước nói tiếng anh t ư i u itu,hôm nào nên biết có phải xem với lượng dư_thừa biết đến với chúng có_thể như ế trong tủ_lạnh để e hỏi chủ ít đít nàng không có y i lo ve my xem với lượng nước nói tiếng anh t ư i u itu,trung_tinh
sản_phẩm đúng với hình_ảnh,sản_phẩm đúng với hình_ảnh,trung_tinh
đẹp và rất vừa chân nha,đẹp và rất vừa chân nha,khen_chat_luong
dép đi rất êm luôn ạ,dép đi rất êm luôn ạ,khen_chat_luong
mình không có ảnh thật nhưng mua đơn đầu có k nên mình không đòi_hỏi nhiều,mình không có ảnh thật nhưng mua đơn đầu có k nên mình không đòi_hỏi nhiều,trung_tinh
dép đẹp nhẹ shipper thân_thiện vui_tính sẽ quay lại mua các sản_phẩm khác đặt trưa qua trưa nay nhận đc luôn ngày,dép đẹp nhẹ shipper thân_thiện vui_tính sẽ quay lại mua các sản_phẩm khác đặt trưa qua trưa nay nhận đc luôn ngày,khen_chat_luong
đúng với mô_tả thiếu cái hình con gấu,đúng với mô_tả thiếu cái hình con gấu,dung_voi_mo_ta
sản_phẩm đẹp nhưng_mà nếu có cái hình thì đẹp hơn,sản_phẩm đẹp nhưng_mà nếu có cái hình thì đẹp hơn,khen_chat_luong
săn sản_phẩm đầu k với ngàn rữi ship là ngàn rữi nên rất hài_lòng,săn sản_phẩm đầu k với ngàn rữi ship là ngàn rữi nên rất hài_lòng,khen_giao_hang
so đẹp lắm ạ sẻ ủng_hộ tiếp,so đẹp lắm ạ sẻ ủng_hộ tiếp,khen_chat_luong
hàng ko đúng mẫu,hàng ko đúng mẫu,trung_tinh
ko có hình con gấu trên dép,ko có hình con gấu trên dép,trung_tinh
giao sai cỡ,giao sai cỡ,trung_tinh
quá rộng,quá rộng,trung_tinh
b â h nan s sn s sn sn sn sn n sn sn s hy sb sb n,b â h nan s sn s sn sn sn sn n sn sn s hy sb sb n,trung_tinh
màu_sắc đỏ,màu_sắc đỏ,trung_tinh
chất_liệu sắt,chất_liệu sắt,trung_tinh
đúng với mô_tả không,đúng với mô_tả không,dung_voi_mo_ta
dép có đánh_giá để được xu hay gì thì cũng phải_biết cách đánh_giá,dép có đánh_giá để được xu hay gì thì cũng phải_biết cách đánh_giá,gia_tri_gia
dép đẹp đi rất êm,dép đẹp đi rất êm,khen_chat_luong
giao hàng nhanh thân_thiện,giao hàng nhanh thân_thiện,khen_giao_hang
đã v mua mất có k,đã v mua mất có k,trung_tinh
nói_chung quá là ok,nói_chung quá là ok,khen_chat_luong
hình_ảnh chỉ mang tính_chất nhận xu,hình_ảnh chỉ mang tính_chất nhận xu,trung_tinh
dùng cũng ok,dùng cũng ok,khen_chat_luong
dùng rất thi k và rất đẹp cảm_ơn shop,dùng rất thi k và rất đẹp cảm_ơn shop,khen_chat_luong
rất tuyệt_vời,rất tuyệt_vời,khen_chat_luong
chất_liệu chất_liệu cứng,chất_liệu chất_liệu cứng,trung_tinh
màu_sắc giống với mô_tả,màu_sắc giống với mô_tả,trung_tinh
đúng với mô_tả,đúng với mô_tả,dung_voi_mo_ta
hàng cũng ok lắm mọi người ạ,hàng cũng ok lắm mọi người ạ,khen_chat_luong
dép vừa luôn và đẹp nữa rất hài_lòng về sản_phẩm này sẻ ủng_hộ s ko p nữa,dép vừa luôn và đẹp nữa rất hài_lòng về sản_phẩm này sẻ ủng_hộ s ko p nữa,khen_chat_luong
hàng ok nhưng mùi hơi nồng ut d x hg ap u q n ko a b k mang tính nhận xuu,hàng ok nhưng mùi hơi nồng ut d x hg ap u q n ko a b k mang tính nhận xuu,phan_nan_chat_luong
chất_liệu silic on,chất_liệu silic on,trung_tinh
đúng với mô_tả đúng vs mô_tả,đúng với mô_tả đúng vs mô_tả,dung_voi_mo_ta
sợ đẹp đánh_giá sao,sợ đẹp đánh_giá sao,khen_chat_luong
chất_liệu được ạ,chất_liệu được ạ,trung_tinh
sản_phẩm đg như mô_tả màu_sắc ok,sản_phẩm đg như mô_tả màu_sắc ok,khen_chat_luong
hàng siêu xịn mọi ng ui shop uy_tín chất_lượng ship hàng nhanh đáng mua nha mọi ng,hàng siêu xịn mọi ng ui shop uy_tín chất_lượng ship hàng nhanh đáng mua nha mọi ng,khen_chat_luong
đi khá êm chân,đi khá êm chân,khen_chat_luong
dép xinh kinh_khủng g,dép xinh kinh_khủng g,khen_chat_luong
giá rẻ mà xinh lắm luôn,giá rẻ mà xinh lắm luôn,khen_chat_luong
giống y dép mình mua k ở shop đế dày và êm chân lắm ý,giống y dép mình mua k ở shop đế dày và êm chân lắm ý,khen_chat_luong
sẽ ủng_hộ shop thêm,sẽ ủng_hộ shop thêm,khen_chat_luong
chất_liệu e va,chất_liệu e va,trung_tinh
đúng với mô tản hận đúng sản_phẩm,đúng với mô tản hận đúng sản_phẩm,trung_tinh
đúng với mô_tả dép cứng,đúng với mô_tả dép cứng,dung_voi_mo_ta
những hàng như này shop k nên bán cho khách nữa,những hàng như này shop k nên bán cho khách nữa,trung_tinh
hàng lỗi k chấp_nhận được,hàng lỗi k chấp_nhận được,phan_nan_chat_luong
sản_phẩm này okk nha hình_ảnh chỉ mang tính_chất nhận xuu,sản_phẩm này okk nha hình_ảnh chỉ mang tính_chất nhận xuu,khen_chat_luong
chất_liệu ok,chất_liệu ok,khen_chat_luong
đẹp nên mua nha mấy en,đẹp nên mua nha mấy en,khen_chat_luong
sản_phẩm đẹp tuyệt_vời rất giống hình minh_hoạ giá_thành hợp_lý,sản_phẩm đẹp tuyệt_vời rất giống hình minh_hoạ giá_thành hợp_lý,khen_chat_luong
hàng đúng hình_ảnh,hàng đúng hình_ảnh,trung_tinh
nhưng với giá này thì rất hài_lòng,nhưng với giá này thì rất hài_lòng,gia_tri_gia
hình_ảnh chỉ để nhận xu,hình_ảnh chỉ để nhận xu,trung_tinh
đúng với mô_tả đúng mô_tả,đúng với mô_tả đúng mô_tả,dung_voi_mo_ta
rất đẹp,rất đẹp,khen_chat_luong
mua lần đầu giá o,mua lần đầu giá o,gia_tri_gia
không ngờ đẹp hơn mong_đợi,không ngờ đẹp hơn mong_đợi,khen_chat_luong
hơi mùi xíu nhưng không sao,hơi mùi xíu nhưng không sao,phan_nan_chat_luong
chất_liệu dép xốp,chất_liệu dép xốp,trung_tinh
đúng với mô_tả đúng với ảnh shop đăng,đúng với mô_tả đúng với ảnh shop đăng,dung_voi_mo_ta
dép đẹp chuẩn ảnh chuẩn sai,dép đẹp chuẩn ảnh chuẩn sai,khen_chat_luong
chất_liệu ko bt,chất_liệu ko bt,trung_tinh
nên mua,nên mua,de_xuat_mua
màng bọc thực_phẩm set có chun co_dãn tái_sử_dụng kèm túi gấu,màng bọc thực_phẩm set có chun co_dãn tái_sử_dụng kèm túi gấu,trung_tinh
màu sắc đen,màu sắc đen,trung_tinh
chất_liệu chất_liệu rất tốt,chất_liệu chất_liệu rất tốt,khen_chat_luong
đúng với mô_tả đúng ok k la,đúng với mô_tả đúng ok k la,khen_chat_luong
chất_liệu cao_su mềm,chất_liệu cao_su mềm,khen_chat_luong
mình chọn sie hơi nhỏ nên là_hơi chật một_tí xíu nma vẫn đi được rất tốt,mình chọn sie hơi nhỏ nên là_hơi chật một_tí xíu nma vẫn đi được rất tốt,khen_chat_luong
quá hài_lòng,quá hài_lòng,trung_tinh
tao cx á hạ hay sao mà_còn phải có cái gì cũng_nên có cái gì cũng_nên có cái gì cũng_nên có,tao cx á hạ hay sao mà_còn phải có cái gì cũng_nên có cái gì cũng_nên có cái gì cũng_nên có,trung_tinh
đúng với mô_tả sao,đúng với mô_tả sao,dung_voi_mo_ta
k ko đòi_hỏi tốt sip pơ thân_thiện,k ko đòi_hỏi tốt sip pơ thân_thiện,khen_chat_luong
rất đáng sao,rất đáng sao,trung_tinh
ảnh mang tính chat nhạn xu,ảnh mang tính chat nhạn xu,trung_tinh
dép đẹp chất_liệu tốt cộng với anh si p pe r vui_tính nên cho sao,dép đẹp chất_liệu tốt cộng với anh si p pe r vui_tính nên cho sao,khen_chat_luong
về diện_mạo khác hoàn_toàn so với sản_phẩm đặt mua,về diện_mạo khác hoàn_toàn so với sản_phẩm đặt mua,trung_tinh
về kích_cỡ bị chật hơn so kích_cỡ đặt,về kích_cỡ bị chật hơn so kích_cỡ đặt,trung_tinh
đúng với mô_tả đúng thi ệ c,đúng với mô_tả đúng thi ệ c,dung_voi_mo_ta
nên mua nha,nên mua nha,de_xuat_mua
sản_phẩm đẹp hơn nhiều,sản_phẩm đẹp hơn nhiều,khen_chat_luong
chất_liệu mềm sơ_sơ,chất_liệu mềm sơ_sơ,khen_chat_luong
rẻ mà xịn vãi ra ý,rẻ mà xịn vãi ra ý,khen_chat_luong
hàng oke lắm nha mm nhưng_mà hình dán hơi lệch,hàng oke lắm nha mm nhưng_mà hình dán hơi lệch,khen_chat_luong
hơi chật tý,hơi chật tý,trung_tinh
ai đi thì nên mua,ai đi thì nên mua,de_xuat_mua
đúng với mô_tả dép ở ngoài giống y hình,đúng với mô_tả dép ở ngoài giống y hình,dung_voi_mo_ta
sản_phẩm giống qc,sản_phẩm giống qc,trung_tinh
chất_lượng nhìn bằng mắt thường thì thấy ok,chất_lượng nhìn bằng mắt thường thì thấy ok,khen_chat_luong
màu_sắc đúng vs mô_tả,màu_sắc đúng vs mô_tả,trung_tinh
đúng với mô tảo ke e la,đúng với mô tảo ke e la,trung_tinh
dép đẹp lắm nha nhưng tui mua sie to nhất rồi mà vẫn bị chật những bạn chân mà to thì nên lưu_ý nha,dép đẹp lắm nha nhưng tui mua sie to nhất rồi mà vẫn bị chật những bạn chân mà to thì nên lưu_ý nha,khen_chat_luong
chất_liệu xốp hơi cứng,chất_liệu xốp hơi cứng,trung_tinh
màu_sắc trắng_trơn k giống hình,màu_sắc trắng_trơn k giống hình,dung_voi_mo_ta
cũng được vì giá tiền cũng hợp_lý,cũng được vì giá tiền cũng hợp_lý,gia_tri_gia
ship oke,ship oke,khen_chat_luong
chất vải đẹp nên mua nha mng b d sn a d n c k x,chất vải đẹp nên mua nha mng b d sn a d n c k x,khen_chat_luong
mặc siêu đẹp nha các chế,mặc siêu đẹp nha các chế,khen_chat_luong
cho shop này điểm về chất_lượng,cho shop này điểm về chất_lượng,khen_chat_luong
sie s mình cao m nặng kg mặc vừa in,sie s mình cao m nặng kg mặc vừa in,trung_tinh
chắc sẽ chọn sie m lần sau phòng béo lên ka ka,chắc sẽ chọn sie m lần sau phòng béo lên ka ka,khen_chat_luong
hình_ảnh chỉ mang tính_chất nhận xuu,hình_ảnh chỉ mang tính_chất nhận xuu,trung_tinh
quần rất xinh nha mọi người,quần rất xinh nha mọi người,khen_chat_luong
chất_lượng quá đỉnh cho một chiếc quần c ạ,chất_lượng quá đỉnh cho một chiếc quần c ạ,khen_chat_luong
lần đầu mình đặt mà thấy ưng quá tr luôn á,lần đầu mình đặt mà thấy ưng quá tr luôn á,trung_tinh
mặc lên chân dài lắm mng ơi quần chất rất xinh nu ôn á còn đc tặng tất nữa,mặc lên chân dài lắm mng ơi quần chất rất xinh nu ôn á còn đc tặng tất nữa,khen_chat_luong
có giấy thơm nữa nên thơm_phức,có giấy thơm nữa nên thơm_phức,trung_tinh
shop gói hàng có tâm quá ạ,shop gói hàng có tâm quá ạ,trung_tinh
quần dày_dặn,quần dày_dặn,trung_tinh
rất ok xinh_đẹp tuyệt_vời sẽ quay lại sau shop bán hàng rất là xinh_đẹp p hình_ảnh minh_hoạ thôi ạ,rất ok xinh_đẹp tuyệt_vời sẽ quay lại sau shop bán hàng rất là xinh_đẹp p hình_ảnh minh_hoạ thôi ạ,khen_chat_luong
váy đẹp lắm ạ,váy đẹp lắm ạ,khen_chat_luong
vải tốt,vải tốt,khen_chat_luong
giá_thành thì rẻ,giá_thành thì rẻ,gia_tri_gia
shipper thân_thiện,shipper thân_thiện,khen_giao_hang
mặc vào nhìn thiếu_nữ hẳn,mặc vào nhìn thiếu_nữ hẳn,trung_tinh
nói_chung là tuy ệ,nói_chung là tuy ệ,trung_tinh
chất_liệu cung duoc,chất_liệu cung duoc,trung_tinh
màu_sắc xanh h đậm,màu_sắc xanh h đậm,trung_tinh
kh sao mặc vẫn xinh h,kh sao mặc vẫn xinh h,khen_chat_luong
đ cho shop p,đ cho shop p,trung_tinh
đúng với mô_tả hàng đúng với mô_tả,đúng với mô_tả hàng đúng với mô_tả,dung_voi_mo_ta
chất_liệu vải trơn,chất_liệu vải trơn,trung_tinh
màu_sắc xanh,màu_sắc xanh,trung_tinh
giao hàng nhanh vải đẹp m mua sie l hơi dài nhưng không sao hàng ok chất_lượng uy_tín,giao hàng nhanh vải đẹp m mua sie l hơi dài nhưng không sao hàng ok chất_lượng uy_tín,khen_chat_luong
sản_phẩm i hình,sản_phẩm i hình,trung_tinh
nói_chung là mua on lin e mà giá rẻ mà như này thì quá đỉnh h,nói_chung là mua on lin e mà giá rẻ mà như này thì quá đỉnh h,gia_tri_gia
màu_sắc n đúng,màu_sắc n đúng,trung_tinh
đúng với mô_tả ý e,đúng với mô_tả ý e,dung_voi_mo_ta
rất tốt nha mb,rất tốt nha mb,khen_chat_luong
chất_liệu vải,chất_liệu vải,trung_tinh
màu_sắc xanh h,màu_sắc xanh h,trung_tinh
đúng với mô_tả màu ko đúng vs mô_tả,đúng với mô_tả màu ko đúng vs mô_tả,dung_voi_mo_ta
shop p mình nhắn_tin ko thấy rep p,shop p mình nhắn_tin ko thấy rep p,trung_tinh
shop tư_vấn nhiệt_tình,shop tư_vấn nhiệt_tình,khen_dich_vu
nhanh_chóng,nhanh_chóng,khen_giao_hang
đẹp xịn,đẹp xịn,khen_chat_luong
tuyệt_vời,tuyệt_vời,khen_chat_luong
ưng_ý quá luôn nèk,ưng_ý quá luôn nèk,trung_tinh
nên mua nhé,nên mua nhé,de_xuat_mua
chúc shop buôn may bán đắt tư_vấn nhiệt_tình,chúc shop buôn may bán đắt tư_vấn nhiệt_tình,khen_dich_vu
chúc shop buôn may bán đắt,chúc shop buôn may bán đắt,trung_tinh
k nghĩ vây rẻ bèo mà mặc dc vậy luôn á,k nghĩ vây rẻ bèo mà mặc dc vậy luôn á,gia_tri_gia
rẻ mà mặc thấy đẹp vl ban_đầu đặt mình nghĩ váy chắc k dc đâu,rẻ mà mặc thấy đẹp vl ban_đầu đặt mình nghĩ váy chắc k dc đâu,khen_chat_luong
ai dè nhận dc cái vui ghê,ai dè nhận dc cái vui ghê,trung_tinh
màu_sắc den,màu_sắc den,trung_tinh
xin k nha,xin k nha,trung_tinh
chưa giao mà để giao rồi,chưa giao mà để giao rồi,trung_tinh
áo xinh xỉu lun nha,áo xinh xỉu lun nha,khen_chat_luong
mình m nặng_kí mặc áo qua mông,mình m nặng_kí mặc áo qua mông,trung_tinh
lúc đầu mua sợ mũ nhỏ mà không nhỏ đâu rộng lắn lun nè,lúc đầu mua sợ mũ nhỏ mà không nhỏ đâu rộng lắn lun nè,trung_tinh
tóm_lại là xinh,tóm_lại là xinh,khen_chat_luong
hàng xinh và xịn lắm nha,hàng xinh và xịn lắm nha,khen_chat_luong
mình thích n h â t phần đóng_gói của shop lắm á,mình thích n h â t phần đóng_gói của shop lắm á,khen_giao_hang
lần sau sẽ tiếp_tục ủng_hộ shop nhé,lần sau sẽ tiếp_tục ủng_hộ shop nhé,trung_tinh
đúng với mô_tả uy_tín chất_lượng,đúng với mô_tả uy_tín chất_lượng,khen_chat_luong
chất_liệu da mềm,chất_liệu da mềm,khen_chat_luong
chất_liệu da,chất_liệu da,trung_tinh
đúng với mô_tả đúng với mô_tả,đúng với mô_tả đúng với mô_tả,dung_voi_mo_ta
nên mua nha mọi người,nên mua nha mọi người,de_xuat_mua
chất_liệu vải da,chất_liệu vải da,trung_tinh
với,với,trung_tinh
được như này cũng ổn,được như này cũng ổn,khen_chat_luong
nhưng túi hơi bẩn nha,nhưng túi hơi bẩn nha,trung_tinh
dùg t gian thấy dây đeo bị sỉn màu lại trong khi mk ms đeo đc lần,dùg t gian thấy dây đeo bị sỉn màu lại trong khi mk ms đeo đc lần,trung_tinh
túi ở dưới đáy bị lỗi như g vẫn còn vớt_vát lại đc tí,túi ở dưới đáy bị lỗi như g vẫn còn vớt_vát lại đc tí,phan_nan_chat_luong
đúng với mô_tả tạm,đúng với mô_tả tạm,dung_voi_mo_ta
túi khá nhỏ trông không được chắc_chắn như trên mẫu chụp nhưng với giá vậy thì cũng không mong_đợi nhiều,túi khá nhỏ trông không được chắc_chắn như trên mẫu chụp nhưng với giá vậy thì cũng không mong_đợi nhiều,khen_chat_luong
xinh h,xinh h,khen_chat_luong
lắm luôn nha,lắm luôn nha,trung_tinh
m mua vs giá k mà nhận được đúng hàng bao xinh luôn,m mua vs giá k mà nhận được đúng hàng bao xinh luôn,khen_chat_luong
đúng với mô_tả đúng như hình,đúng với mô_tả đúng như hình,dung_voi_mo_ta
chất_liệu chất_liệu ok,chất_liệu chất_liệu ok,khen_chat_luong
mình mua có k nên cx ko đòi_hỏi gì,mình mua có k nên cx ko đòi_hỏi gì,trung_tinh
chất_liệu cũng được,chất_liệu cũng được,trung_tinh
màu_sắc màu đen,màu_sắc màu đen,trung_tinh
túi đẹp nhưng có mỗi ngăn ủng_hộ shop nha mọi người,túi đẹp nhưng có mỗi ngăn ủng_hộ shop nha mọi người,khen_chat_luong
đúng với mô_tả chuẩn ảnh lần đầu mua shop y không nghỉ nhận được hàng đẹp và chuẩn ảnh như này đáng mua nhé,đúng với mô_tả chuẩn ảnh lần đầu mua shop y không nghỉ nhận được hàng đẹp và chuẩn ảnh như này đáng mua nhé,khen_chat_luong
chất_liệu dep,chất_liệu dep,trung_tinh
d dep chuẩn ảnh đánh mua,d dep chuẩn ảnh đánh mua,khen_chat_luong
bề_mặt sờ khá mềm mịn,bề_mặt sờ khá mềm mịn,khen_chat_luong
vs giá này với mình là ok,vs giá này với mình là ok,khen_chat_luong
màu_sắc trắng kem,màu_sắc trắng kem,trung_tinh
đúng với mô_tả giống hình quảng_cáo,đúng với mô_tả giống hình quảng_cáo,dung_voi_mo_ta
chất_liệu cũng ok,chất_liệu cũng ok,khen_chat_luong
mk nhận hàng rất ưng_ý túi đẹp hơn trong hình cảm_ơn shop nhiều,mk nhận hàng rất ưng_ý túi đẹp hơn trong hình cảm_ơn shop nhiều,khen_chat_luong
giao hàng nhanh sản_phẩm đẹp shipper thân_thiện n,giao hàng nhanh sản_phẩm đẹp shipper thân_thiện n,khen_chat_luong
k hàng cung đẹp,k hàng cung đẹp,khen_chat_luong
chất_liệu không biếc,chất_liệu không biếc,trung_tinh
đúng với mô_tả quá đẹp so với tưởng_tượng,đúng với mô_tả quá đẹp so với tưởng_tượng,khen_chat_luong
giao hàng nhanh om túi rấc đẹp đáng tiền nha có video un box hàng mà ko up đc so r y shop hen g,giao hàng nhanh om túi rấc đẹp đáng tiền nha có video un box hàng mà ko up đc so r y shop hen g,khen_chat_luong
đúng với mô_tả y ep p,đúng với mô_tả y ep p,dung_voi_mo_ta
một chiếc túi khá là xinh,một chiếc túi khá là xinh,khen_chat_luong
mình đặt túi quai xách nhún nma shop hết hàng gửu mk mẫu túi mà mk cũng đang có ý_định mua,mình đặt túi quai xách nhún nma shop hết hàng gửu mk mẫu túi mà mk cũng đang có ý_định mua,trung_tinh
shop bù hàng khá là ưng tuy kh phải hàng mình đặt,shop bù hàng khá là ưng tuy kh phải hàng mình đặt,trung_tinh
với tính hỉu khách như này mk sẽ ủng_hộ dài,với tính hỉu khách như này mk sẽ ủng_hộ dài,trung_tinh
hình_ảnh và video chỉ mang tính_chất nhận xu túi hơi nhỏ so với tưởng_tượng tuy_nhiên với giá k thì cũng không mong_đợi gì hơn,hình_ảnh và video chỉ mang tính_chất nhận xu túi hơi nhỏ so với tưởng_tượng tuy_nhiên với giá k thì cũng không mong_đợi gì hơn,gia_tri_gia
đúng với mô_tả giống mô_tả,đúng với mô_tả giống mô_tả,dung_voi_mo_ta
túi rẻ mà rất đẹp phù_hợp với giá tiền,túi rẻ mà rất đẹp phù_hợp với giá tiền,khen_chat_luong
nói_chung là nên mua nha,nói_chung là nên mua nha,de_xuat_mua
hình_ảnh và video mang tính_chất nhận xu,hình_ảnh và video mang tính_chất nhận xu,trung_tinh
uay y túi rất đẹp nhìn vô_cùng chin g luon vượt ngoài sức tưởng_tượng của mình uay y,uay y túi rất đẹp nhìn vô_cùng chin g luon vượt ngoài sức tưởng_tượng của mình uay y,khen_chat_luong
đúng với mô tảo k,đúng với mô tảo k,trung_tinh
đẹp và màu xinh nhưng mình không biết gắn dây với giá này thì quá tốt rồi á,đẹp và màu xinh nhưng mình không biết gắn dây với giá này thì quá tốt rồi á,khen_chat_luong
màu_sắc đúng,màu_sắc đúng,trung_tinh
đúng với mô_tả chuẩn chất_lượng lên mua,đúng với mô_tả chuẩn chất_lượng lên mua,khen_chat_luong
sản_phẩm tốt nên mua,sản_phẩm tốt nên mua,khen_chat_luong
túi xinh giá rẻ,túi xinh giá rẻ,khen_chat_luong
shop chuẩn_bị hàng nhanh,shop chuẩn_bị hàng nhanh,khen_chat_luong
có dịp sẽ ủng_hộ tiếp,có dịp sẽ ủng_hộ tiếp,trung_tinh
shop chú_ý khâu đóng_gói ạ,shop chú_ý khâu đóng_gói ạ,khen_giao_hang
chất_liệu ok đẹp lắm nha mọi người,chất_liệu ok đẹp lắm nha mọi người,khen_chat_luong
màu_sắc đẹp màu đều nhau,màu_sắc đẹp màu đều nhau,khen_chat_luong
đúng với mô_tả rất là ok giá rất hợp_lý với túi nha,đúng với mô_tả rất là ok giá rất hợp_lý với túi nha,khen_chat_luong
đúng với mô_tả sản_phẩm tốt sẽ tiếp_tục ủng_hộ shop,đúng với mô_tả sản_phẩm tốt sẽ tiếp_tục ủng_hộ shop,khen_chat_luong
cho shop sao,cho shop sao,trung_tinh
màu_sắc màu đúng như đơn hàng đã đặt,màu_sắc màu đúng như đơn hàng đã đặt,trung_tinh
chất_liệu chất_liệu tốt,chất_liệu chất_liệu tốt,khen_chat_luong
đúng với mô_tả rất hài_lòng,đúng với mô_tả rất hài_lòng,dung_voi_mo_ta
nhưng nên mua nha m,nhưng nên mua nha m,de_xuat_mua
chất_liệu da mem,chất_liệu da mem,trung_tinh
hàng giao nhanh chất lương,hàng giao nhanh chất lương,khen_giao_hang
túi đẹp lắm ạ,túi đẹp lắm ạ,khen_chat_luong
shop giao hàng nhanh tư_vấn nhiệt_tình,shop giao hàng nhanh tư_vấn nhiệt_tình,khen_giao_hang
hàng rất đẹp làn sau ung hộ shop,hàng rất đẹp làn sau ung hộ shop,khen_chat_luong
giao đứng hơi bị đẹp mình đã mua lại cai nữa,giao đứng hơi bị đẹp mình đã mua lại cai nữa,khen_chat_luong
hàng rất đẹp và ok,hàng rất đẹp và ok,khen_chat_luong
cảm ưn shop,cảm ưn shop,trung_tinh
ưng lắm ạ,ưng lắm ạ,trung_tinh
túi xinh nha a hợp giá tiền,túi xinh nha a hợp giá tiền,khen_chat_luong
túi đẹp rất đẹp,túi đẹp rất đẹp,khen_chat_luong
đẹp mê luôn ah,đẹp mê luôn ah,khen_chat_luong
đáng mua,đáng mua,gia_tri_gia
đúng với mô_tả hàng ok,đúng với mô_tả hàng ok,khen_chat_luong
túi đáng đồng tiến bát gạo quá,túi đáng đồng tiến bát gạo quá,trung_tinh
kkk,kkk,trung_tinh
đẹp như hình,đẹp như hình,khen_chat_luong
túi chất_lượng luôn ạ shop thì nhiệt_tình tư_vấn,túi chất_lượng luôn ạ shop thì nhiệt_tình tư_vấn,khen_chat_luong
tui xinh giá_cả hợp_lí dẹp,tui xinh giá_cả hợp_lí dẹp,khen_chat_luong
shop giao nhầm mẫu túi cho mình nha nhưng shop cx đã giải thi k vì hết hàng dù_sao túi mik rất ưng nên cho shop sao nha,shop giao nhầm mẫu túi cho mình nha nhưng shop cx đã giải thi k vì hết hàng dù_sao túi mik rất ưng nên cho shop sao nha,trung_tinh
chất_liệu xịn,chất_liệu xịn,khen_chat_luong
màu_sắc đúng với yêu_cầu,màu_sắc đúng với yêu_cầu,trung_tinh
đúng với mô_tả đúng hàng,đúng với mô_tả đúng hàng,dung_voi_mo_ta
túi rất đẹp nha shop,túi rất đẹp nha shop,khen_chat_luong
và chất_lượng,và chất_lượng,khen_chat_luong
mn mua thử của shop đi ạ,mn mua thử của shop đi ạ,trung_tinh
đúng với mô_tả hàng đẹp lắm,đúng với mô_tả hàng đẹp lắm,khen_chat_luong
ủng_hộ dài_dài,ủng_hộ dài_dài,trung_tinh
chất_liệu chất ok,chất_liệu chất ok,khen_chat_luong
màu_sắc màu đẹp,màu_sắc màu đẹp,khen_chat_luong
síp bơ nhiệt_tình chu_đáo,síp bơ nhiệt_tình chu_đáo,khen_dich_vu
nhanh gọn,nhanh gọn,khen_giao_hang
vui_vẻ,vui_vẻ,trung_tinh
vẫn chx nhận đc hàng mà s để là kiện hàng giao thành_công ạ mong shop xem_xét lại ạ,vẫn chx nhận đc hàng mà s để là kiện hàng giao thành_công ạ mong shop xem_xét lại ạ,trung_tinh
đúng với mô_tả đúng với trên hình,đúng với mô_tả đúng với trên hình,dung_voi_mo_ta
hàng cũng đẹp nhưng khao a còn hơi lỏng,hàng cũng đẹp nhưng khao a còn hơi lỏng,khen_chat_luong
đúng với mô_tả đẹp lắm luôn á trời,đúng với mô_tả đẹp lắm luôn á trời,khen_chat_luong
l hanh xịn vãi t mua về ai cx khen,l hanh xịn vãi t mua về ai cx khen,khen_chat_luong
đúng với mô tảy hình,đúng với mô tảy hình,trung_tinh
sẽ ủng_hộ nhiều,sẽ ủng_hộ nhiều,trung_tinh
màu_sắc tím,màu_sắc tím,trung_tinh
túi đẹp xuất_sắc lun cả nhà ơi,túi đẹp xuất_sắc lun cả nhà ơi,khen_chat_luong
đúng mẫu túi đẹp lắm shop ơi,đúng mẫu túi đẹp lắm shop ơi,khen_chat_luong
đúng với mô_tả đúng thực_tế,đúng với mô_tả đúng thực_tế,dung_voi_mo_ta
đúng với mô_tả đúng sp,đúng với mô_tả đúng sp,dung_voi_mo_ta
chất_liệu de l l thấy hàng đâu,chất_liệu de l l thấy hàng đâu,trung_tinh
màu_sắc chịu,màu_sắc chịu,trung_tinh
đúng với mô_tả chịu,đúng với mô_tả chịu,dung_voi_mo_ta
như lo,như lo,trung_tinh
sp tốt giá rẻ,sp tốt giá rẻ,khen_chat_luong
sp tuyệt_vời đẹp săn se le đk vs giá k,sp tuyệt_vời đẹp săn se le đk vs giá k,khen_chat_luong
ơn shop,ơn shop,trung_tinh
sản_phẩm tốt rất ưng,sản_phẩm tốt rất ưng,khen_chat_luong
đúng với mô_tả xinh,đúng với mô_tả xinh,khen_chat_luong
ủng_hộ lần sau,ủng_hộ lần sau,trung_tinh
quá đẹp luôn,quá đẹp luôn,khen_chat_luong
màu_sắc đúng như hình,màu_sắc đúng như hình,dung_voi_mo_ta
hàng chất_lượng,hàng chất_lượng,khen_chat_luong
chất_liệu mềm mịn,chất_liệu mềm mịn,khen_chat_luong
đẹp mà_còn giao nhanh nữa ạ,đẹp mà_còn giao nhanh nữa ạ,khen_chat_luong
giá_thành hợp_lí,giá_thành hợp_lí,gia_tri_gia
với giá này,với giá này,gia_tri_gia
hàng ok,hàng ok,khen_chat_luong
đẹp lắm,đẹp lắm,khen_chat_luong
hàng rất là ok,hàng rất là ok,khen_chat_luong
đúng với mô_tả hàng k đẹp,đúng với mô_tả hàng k đẹp,khen_chat_luong
k đúng với mô_tả,k đúng với mô_tả,dung_voi_mo_ta
bóp đẹp lắm mn,bóp đẹp lắm mn,khen_chat_luong
tốt và đẹp,tốt và đẹp,khen_chat_luong
đẹp y hình,đẹp y hình,khen_chat_luong
đúng với mô tảk đúng,đúng với mô tảk đúng,trung_tinh
de thuong dang iu cut e pho mai que hơi cứng xíu nma quá là rẻ,de thuong dang iu cut e pho mai que hơi cứng xíu nma quá là rẻ,gia_tri_gia
màu_sắc sai màu,màu_sắc sai màu,phan_nan_chat_luong
đặt đen giao trắng,đặt đen giao trắng,trung_tinh
màu_sắc trắng xinh h,màu_sắc trắng xinh h,khen_chat_luong
đẹp,đẹp,khen_chat_luong
tớ săn được với giá k,tớ săn được với giá k,gia_tri_gia
sao o,sao o,trung_tinh
mùi kinh lắm luôn ý dép bị cứng khi đi dễ đau chân nhưng_mà giá rẻ thì đành chịu thôi nói_chung là mua thì mua ko mua thì thôi chả có gì đặc_biệt đẹp lắm đâu,mùi kinh lắm luôn ý dép bị cứng khi đi dễ đau chân nhưng_mà giá rẻ thì đành chịu thôi nói_chung là mua thì mua ko mua thì thôi chả có gì đặc_biệt đẹp lắm đâu,phan_nan_chat_luong
màu_sắc be,màu_sắc be,trung_tinh
thất_vọng chọn cái có s ti c ke r mà cuối cg đưa cái gắn quả dâu cứ nghĩ đẹp ai_ngờ bth chả đẹp chút nào cả thất_vọng,thất_vọng chọn cái có s ti c ke r mà cuối cg đưa cái gắn quả dâu cứ nghĩ đẹp ai_ngờ bth chả đẹp chút nào cả thất_vọng,phan_nan_chat_luong
chất_lượng sản_phẩm tuyệt_vời,chất_lượng sản_phẩm tuyệt_vời,khen_chat_luong
đóng_gói sản_phẩm rất đẹp và chắc_chắn mang tính_chất nhận xu,đóng_gói sản_phẩm rất đẹp và chắc_chắn mang tính_chất nhận xu,khen_chat_luong
màu_sắc trà sữa,màu_sắc trà sữa,trung_tinh
hàng hơi mùi nhưng không giao thời_gian giao hàng nhanh chị ship thân_thiện,hàng hơi mùi nhưng không giao thời_gian giao hàng nhanh chị ship thân_thiện,phan_nan_chat_luong
vẫn còn vài chỗ bị dính keo,vẫn còn vài chỗ bị dính keo,trung_tinh
đóng_gói sơ_sài,đóng_gói sơ_sài,khen_giao_hang
sie mà ngỡ kh á,sie mà ngỡ kh á,trung_tinh
nhìn tổng_thể vẫn ok nha,nhìn tổng_thể vẫn ok nha,khen_chat_luong
chất_liệu ổn,chất_liệu ổn,khen_chat_luong
dép rẻ săn được lúc sa le còn k nghĩ ko ra gì nhưng thật_sự mình rất hài_lòng nhé cảm_ơn shop và các b nên mua nhé ạ,dép rẻ săn được lúc sa le còn k nghĩ ko ra gì nhưng thật_sự mình rất hài_lòng nhé cảm_ơn shop và các b nên mua nhé ạ,khen_dich_vu
giao hàng không đúng mẫu đặt nhưng dép đẹp lắm,giao hàng không đúng mẫu đặt nhưng dép đẹp lắm,phan_nan_chat_luong
mong lần sau giao đúng mẫu hình_ảnh mang tc minh_hoạ,mong lần sau giao đúng mẫu hình_ảnh mang tc minh_hoạ,trung_tinh
chất_liệu d c,chất_liệu d c,trung_tinh
màu_sắc giống hình,màu_sắc giống hình,dung_voi_mo_ta
giống như hình luôn,giống như hình luôn,dung_voi_mo_ta
quớ đẹp,quớ đẹp,khen_chat_luong
hình_ảnh mang tính_chất nhận xuu,hình_ảnh mang tính_chất nhận xuu,trung_tinh
màu_sắc oke,màu_sắc oke,khen_chat_luong
đúng với mô_tả hơi lớn xíu nhưng cũng oke nha mn,đúng với mô_tả hơi lớn xíu nhưng cũng oke nha mn,khen_chat_luong
giao hàng nhanh đóng_gói sản_phẩm hơi sơ_sài xíu dép mặc êm nhìn hơi lớn nhưng tui mặc cũng ổn đẹp đáng mua nha mọi người,giao hàng nhanh đóng_gói sản_phẩm hơi sơ_sài xíu dép mặc êm nhìn hơi lớn nhưng tui mặc cũng ổn đẹp đáng mua nha mọi người,khen_chat_luong
đặt,đặt,trung_tinh
thì đưa cx uy_tín mùi nhựa nồng,thì đưa cx uy_tín mùi nhựa nồng,phan_nan_chat_luong
ar ti san thì quán quen_thuộc với các tín_đồ bánh ở vinh mấy năm nay rồi,ar ti san thì quán quen_thuộc với các tín_đồ bánh ở vinh mấy năm nay rồi,trung_tinh
bên cạnh hai cơ_sở ở lê_hồng phong và lê lợi thì có cơ_sở mới ở nguyễn_văn cừ đang v,bên cạnh hai cơ_sở ở lê_hồng phong và lê lợi thì có cơ_sở mới ở nguyễn_văn cừ đang v,trung_tinh
chất_liệu nhua deo,chất_liệu nhua deo,trung_tinh
hình_ảnh chỉ mang tính_chất nhận xu ạ,hình_ảnh chỉ mang tính_chất nhận xu ạ,trung_tinh
màu_sắc e,màu_sắc e,trung_tinh
đúng với mô tảr,đúng với mô tảr,trung_tinh
chất_liệu r,chất_liệu r,trung_tinh
màu_sắc hồng,màu_sắc hồng,trung_tinh
ca ngày,ca ngày,trung_tinh
ca đêm,ca đêm,khen_chat_luong
lương cơ_bản,lương cơ_bản,trung_tinh
chất_liệu tót,chất_liệu tót,trung_tinh
màu_sắc cũng đ,màu_sắc cũng đ,trung_tinh
săn sa le đôi dép k,săn sa le đôi dép k,trung_tinh
cx đẹp đếy chứ,cx đẹp đếy chứ,khen_chat_luong
dép đẹp,dép đẹp,khen_chat_luong
hình_ảnh và video chỉ mang tính_chất nhận xu,hình_ảnh và video chỉ mang tính_chất nhận xu,trung_tinh
chất_liệu đúng với ảnh,chất_liệu đúng với ảnh,trung_tinh
màu_sắc màu nâu,màu_sắc màu nâu,trung_tinh
hàng mới nhận hôm_qua đẹp ưng dã_man,hàng mới nhận hôm_qua đẹp ưng dã_man,khen_chat_luong
dép hơi cứng và thô nhưng bn nào chân nhỏ mang sẽ đẹp,dép hơi cứng và thô nhưng bn nào chân nhỏ mang sẽ đẹp,khen_chat_luong
màu_sắc be_be be,màu_sắc be_be be,trung_tinh
đúng với mô tản o,đúng với mô tản o,trung_tinh
đung s với mô_tả của shop,đung s với mô_tả của shop,trung_tinh
hình_ảnh giống trên hình_ảnh chủ mang tính_chất minh_hoạ,hình_ảnh giống trên hình_ảnh chủ mang tính_chất minh_hoạ,trung_tinh
chất_liệu chất_liệu làm bàng cao_su,chất_liệu chất_liệu làm bàng cao_su,trung_tinh
dép đẹp nhưng khi khui hàng trên dép có vài vết b nhưng tẩy được,dép đẹp nhưng khi khui hàng trên dép có vài vết b nhưng tẩy được,khen_chat_luong
mua về mang liền quên e e d bac k,mua về mang liền quên e e d bac k,trung_tinh
đúng với mô_tả đúng nha mấy cha,đúng với mô_tả đúng nha mấy cha,dung_voi_mo_ta
kk xinh lắm m nha a tuỵ t lúm m ne k km m,kk xinh lắm m nha a tuỵ t lúm m ne k km m,khen_chat_luong
hơi bị bẩn một_tí nhưng không sao ạ,hơi bị bẩn một_tí nhưng không sao ạ,trung_tinh
chất_liệu hi,chất_liệu hi,trung_tinh
sản_phẩm đẹp rẻ đặt diễn nhưng giao si e nhỏ hơn,sản_phẩm đẹp rẻ đặt diễn nhưng giao si e nhỏ hơn,khen_chat_luong
đúng với mô_tả hàng đẹp,đúng với mô_tả hàng đẹp,khen_chat_luong
cao lần sau sẽ ủng_hộ shop tiếp,cao lần sau sẽ ủng_hộ shop tiếp,trung_tinh
chất_liệu deo mem,chất_liệu deo mem,trung_tinh
rất là ưng luôn n,rất là ưng luôn n,trung_tinh
hàng rất đẹp và hạnh_phúc la e vui roi a ăn cơm chưa e ngu co tiên tra cho thăng giang ho d tôi chỗ lâm chua e đi làm gì vậy tướng ngu roi a ăn cơm chưa e ngu co tiên tra cho thăng giang ho d tôi chỗ lâm chua e đi làm về không_gian của các bạn có_thể kiêm_nhiệm chức_năng sinh lời hiệu_quả của các bạn trẻ_em mất_ngủ,hàng rất đẹp và hạnh_phúc la e vui roi a ăn cơm chưa e ngu co tiên tra cho thăng giang ho d tôi chỗ lâm chua e đi làm gì vậy tướng ngu roi a ăn cơm chưa e ngu co tiên tra cho thăng giang ho d tôi chỗ lâm chua e đi làm về không_gian của các bạn có_thể kiêm_nhiệm chức_năng sinh lời hiệu_quả của các bạn trẻ_em mất_ngủ,khen_chat_luong
sản_phẩm oke lắm nha rất đáng để thử cho shop chất_lượng đóng_gói giao hàng luôn,sản_phẩm oke lắm nha rất đáng để thử cho shop chất_lượng đóng_gói giao hàng luôn,khen_chat_luong
đúng với mô_tả đúng với ảnh,đúng với mô_tả đúng với ảnh,dung_voi_mo_ta
chất_liệu nhua deo r,chất_liệu nhua deo r,trung_tinh
màu_sắc trang,màu_sắc trang,trung_tinh
sản_phẩm rất đẹp dễ đi và giá rất đang với đồng tìn bỏ ra quá xuất_sắc cho shop còn,sản_phẩm rất đẹp dễ đi và giá rất đang với đồng tìn bỏ ra quá xuất_sắc cho shop còn,khen_chat_luong
g gai ai h s k ko o d n n k ko o q o oi y i o oa as n n s k ka k sn n mm ko al sii o oe hue i eo p k x x k k x d,g gai ai h s k ko o d n n k ko o q o oi y i o oa as n n s k ka k sn n mm ko al sii o oe hue i eo p k x x k k x d,trung_tinh
hu_hu,hu_hu,trung_tinh
đúng với mô_tả đúng với mô_tả không bị bẩn như dép khác rửa là trôi luôn,đúng với mô_tả đúng với mô_tả không bị bẩn như dép khác rửa là trôi luôn,dung_voi_mo_ta
chất_liệu đẹp và rất xinh,chất_liệu đẹp và rất xinh,khen_chat_luong
tb quy khach co diem tieu dung viet tel tinh den het ngay,tb quy khach co diem tieu dung viet tel tinh den het ngay,trung_tinh
bam goi hoac truy cap ung_dung my viet tel tai ht tp s my v t,bam goi hoac truy cap ung_dung my viet tel tai ht tp s my v t,trung_tinh
pa ge,pa ge,trung_tinh
lh d,lh d,trung_tinh
sản_phẩm này cũng ok đúng với mô_tả khoa_học đầu_tiên của em đi ăn sáng_mai a ghé nhà chị_em đi ăn với em là em không có chi đâu mà em đi ăn với em là em không có chi đâu mà em đi làm rồi à_à em có_thể,sản_phẩm này cũng ok đúng với mô_tả khoa_học đầu_tiên của em đi ăn sáng_mai a ghé nhà chị_em đi ăn với em là em không có chi đâu mà em đi ăn với em là em không có chi đâu mà em đi làm rồi à_à em có_thể,khen_chat_luong
máy hút mùi âm tủ ha e le h h sa,máy hút mùi âm tủ ha e le h h sa,phan_nan_chat_luong
chất_liệu siêu êm,chất_liệu siêu êm,khen_chat_luong
màu_sắc trắng tuy hơi bẩn nhưng đánh được,màu_sắc trắng tuy hơi bẩn nhưng đánh được,trung_tinh
đúng với mô_tả săn sa le còn k nên em mừng vì dép siêu đep,đúng với mô_tả săn sa le còn k nên em mừng vì dép siêu đep,dung_voi_mo_ta
hình_ảnh vs video không liên_quan nhưng_mà nên mua dép nha mn,hình_ảnh vs video không liên_quan nhưng_mà nên mua dép nha mn,de_xuat_mua
chất_liệu d dep,chất_liệu d dep,trung_tinh
mẫu dép ưng lắm ạ nhưng hơi cứng đeo vào thì sang lắm nên mua nhé ạ,mẫu dép ưng lắm ạ nhưng hơi cứng đeo vào thì sang lắm nên mua nhé ạ,de_xuat_mua
màu_sắc đúng với mô_tả,màu_sắc đúng với mô_tả,dung_voi_mo_ta
chất_liệu cao_su dẻo,chất_liệu cao_su dẻo,trung_tinh
phần s ti c ke r bị dính keo,phần s ti c ke r bị dính keo,trung_tinh
mùi hơi nồng,mùi hơi nồng,phan_nan_chat_luong
nói_chung là cũng ok,nói_chung là cũng ok,khen_chat_luong
ảnh chỉ mang t,ảnh chỉ mang t,trung_tinh
c minh_hoạ,c minh_hoạ,trung_tinh
chất_liệu k bt,chất_liệu k bt,trung_tinh
cái gì cũng k bt tất_cả chỉ mang tính_chất nhận xu,cái gì cũng k bt tất_cả chỉ mang tính_chất nhận xu,trung_tinh
màu_sắc trắng ố,màu_sắc trắng ố,trung_tinh
đúng với mô_tả khá đúng,đúng với mô_tả khá đúng,dung_voi_mo_ta
nhìn thì cũng xinh mà nó ố vàng g dơ thất_vọng lém luôn á,nhìn thì cũng xinh mà nó ố vàng g dơ thất_vọng lém luôn á,phan_nan_chat_luong
đúng với mô_tả ko biết,đúng với mô_tả ko biết,dung_voi_mo_ta
chất_liệu dẻo cao_su,chất_liệu dẻo cao_su,trung_tinh
chưa nhận được hàng mà kêu nhận hàng rồi,chưa nhận được hàng mà kêu nhận hàng rồi,phan_nan_giao_hang
hàng đẹp giao nhanh nhưng_mà mùi nó hơi nồng sao á,hàng đẹp giao nhanh nhưng_mà mùi nó hơi nồng sao á,phan_nan_chat_luong
đúng với mô_tả đẹp xuất_sắc,đúng với mô_tả đẹp xuất_sắc,khen_chat_luong
mua đôi dép sa le k rất xinh luôn,mua đôi dép sa le k rất xinh luôn,khen_chat_luong
đúng với mô_tả h s k s d h,đúng với mô_tả h s k s d h,dung_voi_mo_ta
lớp nha_khoa có thấu_hiểu những thông_tin và sự_nghiệp công,lớp nha_khoa có thấu_hiểu những thông_tin và sự_nghiệp công,trung_tinh
hình_ảnh và video chỉ nang tính_chất nhận xu,hình_ảnh và video chỉ nang tính_chất nhận xu,trung_tinh
chất_liệu nhựa cao_su,chất_liệu nhựa cao_su,trung_tinh
chất_liệu sốp cứng,chất_liệu sốp cứng,trung_tinh
đúng với mô_tả khá giống,đúng với mô_tả khá giống,dung_voi_mo_ta
dép rất dễ_thương,dép rất dễ_thương,trung_tinh
đúng màu_sắc khách đặt,đúng màu_sắc khách đặt,dung_voi_mo_ta
dép đẹp săn dcc k kk,dép đẹp săn dcc k kk,khen_chat_luong
đúng với mô_tả ko bt nx,đúng với mô_tả ko bt nx,dung_voi_mo_ta
kích thu ơ cs khá to nên mn đặt thì nên đặt lùi về sie nhé,kích thu ơ cs khá to nên mn đặt thì nên đặt lùi về sie nhé,trung_tinh
vừa rẻ lại vừa dễ_thương,vừa rẻ lại vừa dễ_thương,gia_tri_gia
mn nên mua nhé,mn nên mua nhé,de_xuat_mua
lúc mở hơi mùi dép đẹp sie chuẩn rất đáng tiền nhe mn,lúc mở hơi mùi dép đẹp sie chuẩn rất đáng tiền nhe mn,phan_nan_chat_luong
đặt sie nhưng lòng dép om hơi nhỏ,đặt sie nhưng lòng dép om hơi nhỏ,trung_tinh
mọi ng mua thì lên đặt lên thêm sie đi ok hơn,mọi ng mua thì lên đặt lên thêm sie đi ok hơn,khen_chat_luong
dép nhẹ so với giá tiền là ok,dép nhẹ so với giá tiền là ok,khen_chat_luong
bền,bền,khen_chat_luong
than k shop nhiều lắm nha hi_hi hi,than k shop nhiều lắm nha hi_hi hi,trung_tinh
mùi hôi dã,mùi hôi dã,phan_nan_chat_luong
man,man,trung_tinh
nói_chung là tạm ổn,nói_chung là tạm ổn,khen_chat_luong
qá là oke nma nhỡ đặt sie hơi pé,qá là oke nma nhỡ đặt sie hơi pé,khen_chat_luong
chất_liệu đúc,chất_liệu đúc,trung_tinh
đúng với mô_tả dễ bị bong,đúng với mô_tả dễ bị bong,dung_voi_mo_ta
chất_liệu hơi nồng mùi cao suu,chất_liệu hơi nồng mùi cao suu,phan_nan_chat_luong
dép ok ua vy b d kan a h h ba ai n ban na kan x x cn s sn nma kan h s xb d n x x b x b b x s s h b n b b sb xbd dbx,dép ok ua vy b d kan a h h ba ai n ban na kan x x cn s sn nma kan h s xb d n x x b x b b x s s h b n b b sb xbd dbx,khen_chat_luong
dép đẹp lắm,dép đẹp lắm,khen_chat_luong
giá vs chất_lượng khá là ok,giá vs chất_lượng khá là ok,khen_chat_luong
nhưng dép ko đc mềm lắm,nhưng dép ko đc mềm lắm,khen_chat_luong
đúng sie,đúng sie,trung_tinh
shop đóng_gói cẩn_thận,shop đóng_gói cẩn_thận,khen_giao_hang
dép nhìn yêu lắm nhưng k dc xinh như trên ảnh,dép nhìn yêu lắm nhưng k dc xinh như trên ảnh,khen_chat_luong
mình thường đi sie định mua sie đi cho thoải_mái nhưng_mà thấy to quá_trời,mình thường đi sie định mua sie đi cho thoải_mái nhưng_mà thấy to quá_trời,trung_tinh
chất_liệu dẻo o,chất_liệu dẻo o,trung_tinh
màu sắc đen đen n,màu sắc đen đen n,trung_tinh
dép đẹp lắm luôn n ạ,dép đẹp lắm luôn n ạ,khen_chat_luong
mik săn được k thi k quá tr,mik săn được k thi k quá tr,trung_tinh
màu_sắc chuẩn,màu_sắc chuẩn,khen_chat_luong
chất_liệu ổn với giá tiền,chất_liệu ổn với giá tiền,khen_chat_luong
đẹp ổn dễ_thương mới_đầu thấy cái đế to tưởng ko vừa ai_ngờ mang vào vưa đúng với chân nếu mua nên chọn đúng số chân,đẹp ổn dễ_thương mới_đầu thấy cái đế to tưởng ko vừa ai_ngờ mang vào vưa đúng với chân nếu mua nên chọn đúng số chân,khen_chat_luong
dép xinh xuất_sắc luôn,dép xinh xuất_sắc luôn,khen_chat_luong
dép không bị gẫy orm nha,dép không bị gẫy orm nha,trung_tinh
lần đầu mua được đôi dép chưa đến k,lần đầu mua được đôi dép chưa đến k,trung_tinh
shop giao hàng nhanh,shop giao hàng nhanh,khen_giao_hang
đúng với mô_tả dép đúng với mẫu,đúng với mô_tả dép đúng với mẫu,dung_voi_mo_ta
dép xinh lắm nha,dép xinh lắm nha,khen_chat_luong
cơ_mà shop giao sai sie cho mình,cơ_mà shop giao sai sie cho mình,trung_tinh
mình đặt mà shop giao nên đeo hơi bự,mình đặt mà shop giao nên đeo hơi bự,trung_tinh
còn lại thì oke nha mn,còn lại thì oke nha mn,khen_chat_luong
sp rất đẹp nma mk đặt sie to quá shop đóng_gói cẩn_thận shipper thân_thiện mọi người nên mua,sp rất đẹp nma mk đặt sie to quá shop đóng_gói cẩn_thận shipper thân_thiện mọi người nên mua,khen_chat_luong
màu_sắc đúng với sp,màu_sắc đúng với sp,trung_tinh
đúng với mô_tả rất đẹp nên mua nha mọi người,đúng với mô_tả rất đẹp nên mua nha mọi người,khen_chat_luong
sẽ mua lại của shop này lần nx,sẽ mua lại của shop này lần nx,de_xuat_mua
chất_liệu k biet,chất_liệu k biet,trung_tinh
eo dép đẹp dã_man nha mn mình săn sa le có k à mà ưng dã_man sẽ ủng_hộ shop nhiều u,eo dép đẹp dã_man nha mn mình săn sa le có k à mà ưng dã_man sẽ ủng_hộ shop nhiều u,khen_chat_luong
đúng với mô_tả đẹp đúng sie,đúng với mô_tả đẹp đúng sie,khen_chat_luong
dép đẹp giá rẻ rất đáng thử nha a,dép đẹp giá rẻ rất đáng thử nha a,khen_chat_luong
dép sie hơi bé so với mình tưởng_tượng tiền_nào_của_nấy thoi i,dép sie hơi bé so với mình tưởng_tượng tiền_nào_của_nấy thoi i,trung_tinh
ảnh mang tính_chất nhận xu,ảnh mang tính_chất nhận xu,trung_tinh
được cái giá rẻ,được cái giá rẻ,gia_tri_gia
kính đẹp lắm mọi người ơi mình không nghĩ với giá rẻ mà có_thể mua được sản_phẩm chất_lượng như này,kính đẹp lắm mọi người ơi mình không nghĩ với giá rẻ mà có_thể mua được sản_phẩm chất_lượng như này,khen_chat_luong
đúng với mô_tả ko hẳn,đúng với mô_tả ko hẳn,dung_voi_mo_ta
dép đẹp lắm nha m người nên mua nhé dép nhẹ đi êm chân lắm,dép đẹp lắm nha m người nên mua nhé dép nhẹ đi êm chân lắm,khen_chat_luong
shop giao nhầm hai đôi cho mình,shop giao nhầm hai đôi cho mình,trung_tinh
chị mik cũng thích,chị mik cũng thích,trung_tinh
hàng vừa rẻ vừa xinh ạ bóc ra thấy mùi hắc nma xí xía đc giao hàng cũng nhanh đóng_gói cẩn_thận mình ưng ls ạ cảm_ơn shop,hàng vừa rẻ vừa xinh ạ bóc ra thấy mùi hắc nma xí xía đc giao hàng cũng nhanh đóng_gói cẩn_thận mình ưng ls ạ cảm_ơn shop,phan_nan_chat_luong
đúng với mô_tả đúng v,đúng với mô_tả đúng v,dung_voi_mo_ta
chất_liệu xốp nhẹ,chất_liệu xốp nhẹ,khen_chat_luong
màu_sắc như hình,màu_sắc như hình,dung_voi_mo_ta
sp cx ok đúng với hình minh_hoạ chỉ là mn mua thì mua rộng hơn chân sie nha mình đeo sie shop giao mà vẫn hơi chật nha,sp cx ok đúng với hình minh_hoạ chỉ là mn mua thì mua rộng hơn chân sie nha mình đeo sie shop giao mà vẫn hơi chật nha,khen_chat_luong
màu_sắc trăng,màu_sắc trăng,trung_tinh
chất_liệu cau su,chất_liệu cau su,trung_tinh
đóng_gói cẩn_thận,đóng_gói cẩn_thận,khen_giao_hang
shop tư_vấn chuẩn sie,shop tư_vấn chuẩn sie,khen_chat_luong
chất quần mềm min n om cứng_cáp,chất quần mềm min n om cứng_cáp,khen_chat_luong
ưng từ chất_liệu tới om dáng,ưng từ chất_liệu tới om dáng,trung_tinh
giá_cả lại hợp_lí mặc đi học đi chơi đều ok sao shop nhé,giá_cả lại hợp_lí mặc đi học đi chơi đều ok sao shop nhé,khen_chat_luong
chất_lượng sản_phẩm kha s oon,chất_lượng sản_phẩm kha s oon,khen_chat_luong
khá ổn nhưng chưa biết pin được bao_lâu,khá ổn nhưng chưa biết pin được bao_lâu,phan_nan_giao_hang
chất_lượng sản_phẩm tốt,chất_lượng sản_phẩm tốt,khen_chat_luong
tính_năng nổi_bật dùng để cos và nghe nữa,tính_năng nổi_bật dùng để cos và nghe nữa,trung_tinh
chỗ nghe hơi nhỏ so với tai thằng bạn,chỗ nghe hơi nhỏ so với tai thằng bạn,trung_tinh
vì mua hộ nó nên v deo và ảnh chỉ mang tính_chất minh_hoạ thôi nha,vì mua hộ nó nên v deo và ảnh chỉ mang tính_chất minh_hoạ thôi nha,trung_tinh
chất_lượng sản_phẩm âm_thanh nghe tốt,chất_lượng sản_phẩm âm_thanh nghe tốt,khen_chat_luong
có_thể gấp gọn lại được,có_thể gấp gọn lại được,trung_tinh
chất_lượng sản_phẩm ok ok ok,chất_lượng sản_phẩm ok ok ok,khen_chat_luong
tính_năng nổi_bật hai cái tai mèo,tính_năng nổi_bật hai cái tai mèo,trung_tinh
hàng ok lắm ha mọi người nhưng bé hơn trong nhưng giá tiến kh đòi_hỏi gì thêm,hàng ok lắm ha mọi người nhưng bé hơn trong nhưng giá tiến kh đòi_hỏi gì thêm,khen_chat_luong
sản_phẩm giống hình đóng_gói cẩn t hạn như mg mà sao lết nối đt mình thì chỉ nghe đc bên còn đt khác vẫn nghe đc bên,sản_phẩm giống hình đóng_gói cẩn t hạn như mg mà sao lết nối đt mình thì chỉ nghe đc bên còn đt khác vẫn nghe đc bên,khen_giao_hang
tính_năng nổi_bật nghe âm tốt,tính_năng nổi_bật nghe âm tốt,khen_chat_luong
tính_năng nổi_bật như mieu tả,tính_năng nổi_bật như mieu tả,trung_tinh
đúng miêu_tả,đúng miêu_tả,trung_tinh
chất_lượng sản_phẩm chat luôn,chất_lượng sản_phẩm chat luôn,khen_chat_luong
tính_năng nổi_bật không bt nx tại chx dung,tính_năng nổi_bật không bt nx tại chx dung,trung_tinh
sản_phẩm tốt và cảm_thấy khá tuyệt khi dùng mọi người nên mua nha,sản_phẩm tốt và cảm_thấy khá tuyệt khi dùng mọi người nên mua nha,khen_chat_luong
tính_năng nổi_bật giao hàng nhanh tầm ngày là tối,tính_năng nổi_bật giao hàng nhanh tầm ngày là tối,khen_giao_hang
hàng rất ok k như_vậy cũng rất ngon tôi khuyến mọi người nên mua hình_ảnh chỉ mang tính_chất nhận xu,hàng rất ok k như_vậy cũng rất ngon tôi khuyến mọi người nên mua hình_ảnh chỉ mang tính_chất nhận xu,khen_chat_luong
tính_năng nổi_bật giá rẻ xài được hay,tính_năng nổi_bật giá rẻ xài được hay,gia_tri_gia
hàng hơi mốp một xíu nhưng cũng rất hay chất_lượng cao,hàng hơi mốp một xíu nhưng cũng rất hay chất_lượng cao,khen_chat_luong
chất_lượng sản_phẩm chất_lượng tốt,chất_lượng sản_phẩm chất_lượng tốt,khen_chat_luong
cut e lắm mua dưa l ng mới nên k en ne mua ạ ổn lắm lun sii nên mua,cut e lắm mua dưa l ng mới nên k en ne mua ạ ổn lắm lun sii nên mua,khen_chat_luong
chất_lượng sản_phẩm tot,chất_lượng sản_phẩm tot,khen_chat_luong
tính_năng nổi_bật nghe nhạc,tính_năng nổi_bật nghe nhạc,trung_tinh
chất_lượng sản_phẩm oke,chất_lượng sản_phẩm oke,khen_chat_luong
tính_năng nổi_bật ổn,tính_năng nổi_bật ổn,khen_chat_luong
chạm và giữ một đoạn để ghim đoạn đó,chạm và giữ một đoạn để ghim đoạn đó,trung_tinh
các đoạn đã bỏ ghim sẽ bị xoá sau giờ,các đoạn đã bỏ ghim sẽ bị xoá sau giờ,trung_tinh
nhấn vào một đoạn để dán vào hộp văn_bản,nhấn vào một đoạn để dán vào hộp văn_bản,trung_tinh
chất_lượng sản_phẩm siu u tốt,chất_lượng sản_phẩm siu u tốt,khen_chat_luong
tính_năng nổi_bật rất đẹp nghe rất mu ợ n luôn,tính_năng nổi_bật rất đẹp nghe rất mu ợ n luôn,khen_chat_luong
sản_phẩm tốt chất lu ợ n g siu đỉnh nha,sản_phẩm tốt chất lu ợ n g siu đỉnh nha,khen_chat_luong
nhạc nghe rất ổn nhưng_mà nghe trong thời_gian dài sẽ hơi đau tai xíu nha rất đáng mua a nha,nhạc nghe rất ổn nhưng_mà nghe trong thời_gian dài sẽ hơi đau tai xíu nha rất đáng mua a nha,khen_chat_luong
tính_năng nổi_bật nghe,tính_năng nổi_bật nghe,trung_tinh
lần sau sẽ ghé qua shop mua típ hi_hi,lần sau sẽ ghé qua shop mua típ hi_hi,trung_tinh
chất_lượng sản_phẩm nhựa,chất_lượng sản_phẩm nhựa,khen_chat_luong
tính_năng nổi_bật đẹp,tính_năng nổi_bật đẹp,khen_chat_luong
tai nghe đẹp giao khá nhanh tai nghe ổn,tai nghe đẹp giao khá nhanh tai nghe ổn,khen_chat_luong
nhưng đeo hơi đâu tai,nhưng đeo hơi đâu tai,trung_tinh
thấy shop cũng nhiệt_tình hàng ok,thấy shop cũng nhiệt_tình hàng ok,khen_chat_luong
chất_lượng sản_phẩm rất tuyệt_vời nhìn rất đẹp,chất_lượng sản_phẩm rất tuyệt_vời nhìn rất đẹp,khen_chat_luong
tính_năng nổi_bật rất đẹp màu đen rất đẹp và nổi_bật tôi rất thích,tính_năng nổi_bật rất đẹp màu đen rất đẹp và nổi_bật tôi rất thích,khen_chat_luong
mua có k nên ko đòi_hỏi gì nhiều nên cho shop sao hàng giao nhanh mua có k mình thích nên cho shop năm sao tôi rất thích nó nhìn nó dễ_thương lắm hai đèn led của nó rất đẹp nhấy nhiều màu nghe rất êm tai xài rất tốt,mua có k nên ko đòi_hỏi gì nhiều nên cho shop sao hàng giao nhanh mua có k mình thích nên cho shop năm sao tôi rất thích nó nhìn nó dễ_thương lắm hai đèn led của nó rất đẹp nhấy nhiều màu nghe rất êm tai xài rất tốt,khen_chat_luong
chất_lượng sản_phẩm tốt chất_lượng,chất_lượng sản_phẩm tốt chất_lượng,khen_chat_luong
nghe nhạc tốt giá cũng rẻ có đồng thôi chất_lượng,nghe nhạc tốt giá cũng rẻ có đồng thôi chất_lượng,khen_chat_luong
chất_lượng sản_phẩm ok,chất_lượng sản_phẩm ok,khen_chat_luong
có_điều bị xước tý nhưng không sao o,có_điều bị xước tý nhưng không sao o,trung_tinh
rẻ đẹp,rẻ đẹp,khen_chat_luong
nên mua ạ,nên mua ạ,de_xuat_mua
hàng tốt,hàng tốt,khen_chat_luong
chất_lượng sản_phẩm và khi đã yêu em nhiều lắm nói về sự_kiện này đã khiến những_ai đã từng có,chất_lượng sản_phẩm và khi đã yêu em nhiều lắm nói về sự_kiện này đã khiến những_ai đã từng có,khen_chat_luong
gg những điều cần_thiết,gg những điều cần_thiết,trung_tinh
chất_lượng sản_phẩm ổn_áp,chất_lượng sản_phẩm ổn_áp,khen_chat_luong
tính_năng nổi_bật blu eto ot h,tính_năng nổi_bật blu eto ot h,trung_tinh
tính_năng nổi_bật shop giao đúng hàng,tính_năng nổi_bật shop giao đúng hàng,trung_tinh
chất_lượng sản_phẩm tạm ổn,chất_lượng sản_phẩm tạm ổn,khen_chat_luong
tính_năng nổi_bật nghe hay,tính_năng nổi_bật nghe hay,trung_tinh
chất_lượng sản_phẩm đi như hình uy_tín,chất_lượng sản_phẩm đi như hình uy_tín,khen_chat_luong
tính_năng nổi_bật nhỏ gọn,tính_năng nổi_bật nhỏ gọn,trung_tinh
uy_tín rẻ_tiền nhg ngon mỗi_tội cái chỗ tại bị nhỏ sẽ có bạn cảm_thấy khó_chịu mua có gần nghìn mà dùng ngon x b x s k cn ue d b k s sb b d bs,uy_tín rẻ_tiền nhg ngon mỗi_tội cái chỗ tại bị nhỏ sẽ có bạn cảm_thấy khó_chịu mua có gần nghìn mà dùng ngon x b x s k cn ue d b k s sb b d bs,khen_chat_luong
tính_năng nổi_bật nghe êm,tính_năng nổi_bật nghe êm,khen_chat_luong
dùng để nghe hay chụp ảnh cũng quá tuyệt vv giao có ngày rưỡi đến_nơi quá nhanh,dùng để nghe hay chụp ảnh cũng quá tuyệt vv giao có ngày rưỡi đến_nơi quá nhanh,khen_chat_luong
chất_lượng sản_phẩm xuất_sắc nha a,chất_lượng sản_phẩm xuất_sắc nha a,khen_chat_luong
tính_năng nổi_bật tai nghe rất êm rỏ ràng,tính_năng nổi_bật tai nghe rất êm rỏ ràng,khen_chat_luong
săn sa le đã đ còn ree ship còn đc xu nè kk,săn sa le đã đ còn ree ship còn đc xu nè kk,khen_giao_hang
chụp hình xinh nghe xịn,chụp hình xinh nghe xịn,khen_chat_luong
chất_lượng sản_phẩm tệ,chất_lượng sản_phẩm tệ,phan_nan_chat_luong
tính_năng nổi_bật vẻ ngoài đẹp,tính_năng nổi_bật vẻ ngoài đẹp,khen_chat_luong
tính_năng nổi_bật nghe nhạc ok,tính_năng nổi_bật nghe nhạc ok,khen_chat_luong
xinh_xẻo nha các b,xinh_xẻo nha các b,khen_chat_luong
đúng như trong hình,đúng như trong hình,trung_tinh
mình mua cái rẻ thôi nên k có gì để chê được,mình mua cái rẻ thôi nên k có gì để chê được,gia_tri_gia
tai nghe ổn,tai nghe ổn,khen_chat_luong
đèn ok,đèn ok,khen_chat_luong
hộp hơi bị móp,hộp hơi bị móp,trung_tinh
shop nên cho thêm chống sốc vì hàng này rơi là k sử_dụng được,shop nên cho thêm chống sốc vì hàng này rơi là k sử_dụng được,khen_chat_luong
đồ bền thì tuỳ theo thời_gian,đồ bền thì tuỳ theo thời_gian,khen_chat_luong
nói_chung là ok,nói_chung là ok,khen_chat_luong
sẽ ủng_hộ shop tiếp,sẽ ủng_hộ shop tiếp,trung_tinh
tuy_nhiên mỗi lần kết_nối lại mới mở lên thì sẽ mất âm_thanh cỡ chữ,tuy_nhiên mỗi lần kết_nối lại mới mở lên thì sẽ mất âm_thanh cỡ chữ,trung_tinh
cái khớp lúc mới mở ra hơi sợ gãy xíu,cái khớp lúc mới mở ra hơi sợ gãy xíu,trung_tinh
về cơ_bản thì hàng giống mẫu nhưng chất âm tai nghe không tốt lắm đâu k tiền_nào_của_nấy thôi,về cơ_bản thì hàng giống mẫu nhưng chất âm tai nghe không tốt lắm đâu k tiền_nào_của_nấy thôi,khen_chat_luong
với cả thái_độ phục_vụ của shop cũng như,với cả thái_độ phục_vụ của shop cũng như,phan_nan_dich_vu
điểm trừ duy_nhất là cái dây đi kèm nó hơi chấm tí,điểm trừ duy_nhất là cái dây đi kèm nó hơi chấm tí,trung_tinh
hàng tuy về hơi lau nhưng khi mở hộp ra rất là ok luôn,hàng tuy về hơi lau nhưng khi mở hộp ra rất là ok luôn,khen_chat_luong
chất_lượng nghe ok đây là shop từ trước giờ bán hàng điên n tử ok nhất,chất_lượng nghe ok đây là shop từ trước giờ bán hàng điên n tử ok nhất,khen_chat_luong
trả_lời tin nhắn rất nhanh,trả_lời tin nhắn rất nhanh,khen_giao_hang
mình sẽ giới_thiệu cho bạn_bè mua rất tuyệt,mình sẽ giới_thiệu cho bạn_bè mua rất tuyệt,khen_chat_luong
tính_năng nổi_bật nghe rõ,tính_năng nổi_bật nghe rõ,trung_tinh
dùng tốt cho hỏi shop một_chút làn út nguồn nó bị mà khó bấm vậy mong shop p rep p,dùng tốt cho hỏi shop một_chút làn út nguồn nó bị mà khó bấm vậy mong shop p rep p,khen_chat_luong
hình_ảnh chỉ mang tc nhận xu,hình_ảnh chỉ mang tc nhận xu,trung_tinh
chất_lượng sản_phẩm tuyệt ời,chất_lượng sản_phẩm tuyệt ời,khen_chat_luong
chẳng có ai vĩnh_viễn không_thể rời bỏ ai,chẳng có ai vĩnh_viễn không_thể rời bỏ ai,trung_tinh
cũng chẵn g có ai vĩnh_viễn luôn bên bạn,cũng chẵn g có ai vĩnh_viễn luôn bên bạn,trung_tinh
chất_lượng sản_phẩm giao nhanh,chất_lượng sản_phẩm giao nhanh,khen_chat_luong
tô ts rẻ nên mua nhé al b cn tuyệt_vời đáng mua a h b v n b,tô ts rẻ nên mua nhé al b cn tuyệt_vời đáng mua a h b v n b,khen_chat_luong
tính_năng nổi_bật ok,tính_năng nổi_bật ok,khen_chat_luong
shop ship hàng nhanh,shop ship hàng nhanh,khen_giao_hang
sản_phẩm chất_lượng than k shop nhi è u,sản_phẩm chất_lượng than k shop nhi è u,khen_chat_luong
đrt có gì nói_chuyện gì không có tiền thì con sẽ đi lm gì đâu anh ạ anh không biết nói sao nghe máy đi anh không biết,đrt có gì nói_chuyện gì không có tiền thì con sẽ đi lm gì đâu anh ạ anh không biết nói sao nghe máy đi anh không biết,trung_tinh
sản_phẩm xinh_đẹp tuyệt_vời đ cho sốp ạ tôi xin chân_thành cảm_ơn,sản_phẩm xinh_đẹp tuyệt_vời đ cho sốp ạ tôi xin chân_thành cảm_ơn,khen_chat_luong
vd và hí n h ảnh không liên_quan nma tai nghe mèo rất đẹp và xịn nha mn nên mua,vd và hí n h ảnh không liên_quan nma tai nghe mèo rất đẹp và xịn nha mn nên mua,khen_chat_luong
chất_lượng sản_phẩm tô t lăm,chất_lượng sản_phẩm tô t lăm,khen_chat_luong
xin chào thảo cảm_ơn bạn đã nhắn_tin,xin chào thảo cảm_ơn bạn đã nhắn_tin,khen_dich_vu
chất_lượng sản_phẩm khá ổn nhưng lúc mik nhận về thì tai nghe có vết trầy_xước khá nhiều,chất_lượng sản_phẩm khá ổn nhưng lúc mik nhận về thì tai nghe có vết trầy_xước khá nhiều,khen_chat_luong
tính_năng nổi_bật nghe lớn,tính_năng nổi_bật nghe lớn,trung_tinh
chất_lượng sản_phẩm to ot s,chất_lượng sản_phẩm to ot s,khen_chat_luong
chất_lượng sản_phẩm to ot,chất_lượng sản_phẩm to ot,khen_chat_luong
tính_năng nổi_bật cos đèn_chiếu ở tai mèo,tính_năng nổi_bật cos đèn_chiếu ở tai mèo,trung_tinh
uy_tín,uy_tín,trung_tinh
tính_năng nổi_bật nghe cũng ổn,tính_năng nổi_bật nghe cũng ổn,khen_chat_luong
kết_nối cũng xa,kết_nối cũng xa,trung_tinh
mới mua ko lâu chưa biết được độ bền tai nghe có luôn chỗ để cắm dây ai thích có dây thì kiếm mua thêm,mới mua ko lâu chưa biết được độ bền tai nghe có luôn chỗ để cắm dây ai thích có dây thì kiếm mua thêm,phan_nan_giao_hang
mình thấy sản_phẩm dùng được giá cả cũng rất phù_hợp mn có_thể thử,mình thấy sản_phẩm dùng được giá cả cũng rất phù_hợp mn có_thể thử,gia_tri_gia
tính_năng nổi_bật kết_nối blu eto ot h ổn_định,tính_năng nổi_bật kết_nối blu eto ot h ổn_định,khen_chat_luong
sản_phẩm chất_lượng cao phù_hợp với giá tiền,sản_phẩm chất_lượng cao phù_hợp với giá tiền,khen_chat_luong
hmm lần đầu mua nên mih có coi re vi e thấy có_thể tắt đc đèn mà tai của mih ko tắt dc ko biết s nhma nói_chung tai nghe dễ_thương,hmm lần đầu mua nên mih có coi re vi e thấy có_thể tắt đc đèn mà tai của mih ko tắt dc ko biết s nhma nói_chung tai nghe dễ_thương,trung_tinh
chất_lượng sản_phẩm shop bán không_gian giối về hàng rất nhanh lại còn dễ dùng nói_chung là đỉnh có gì lần tới tôi sẽ mua tiếp,chất_lượng sản_phẩm shop bán không_gian giối về hàng rất nhanh lại còn dễ dùng nói_chung là đỉnh có gì lần tới tôi sẽ mua tiếp,khen_chat_luong
tuyệt_vời mọi nguoi nên mua nhen giá rẻ mà siu siu đẹp lun đoá,tuyệt_vời mọi nguoi nên mua nhen giá rẻ mà siu siu đẹp lun đoá,khen_chat_luong
chất_lượng sản_phẩm chưa dùng nên chưa biết,chất_lượng sản_phẩm chưa dùng nên chưa biết,khen_chat_luong
giao hàng nhanh cái khâu chuẩn_bị hàng chậm nhé,giao hàng nhanh cái khâu chuẩn_bị hàng chậm nhé,khen_chat_luong
sản_phẩm rất ô_kê tôi rất thích,sản_phẩm rất ô_kê tôi rất thích,trung_tinh
k tiện chụp ảnh lên lấy tạm ảnh linh_tinh shop thoi n g cảm,k tiện chụp ảnh lên lấy tạm ảnh linh_tinh shop thoi n g cảm,trung_tinh
mọi người lên mua nha,mọi người lên mua nha,trung_tinh
tính_năng nổi_bật tốt,tính_năng nổi_bật tốt,khen_chat_luong
hàng tốt rẻ nên mua,hàng tốt rẻ nên mua,khen_chat_luong
tai nghe đáng ui,tai nghe đáng ui,trung_tinh
mik tặng r nên k chụp ảnh đc,mik tặng r nên k chụp ảnh đc,trung_tinh
tính_năng nổi_bật pin trâu,tính_năng nổi_bật pin trâu,trung_tinh
ok quá chất_lượng,ok quá chất_lượng,khen_chat_luong
shop chat nhiệt_tình lần sau sẽ mua thêm,shop chat nhiệt_tình lần sau sẽ mua thêm,khen_chat_luong
tính_năng nổi_bật như mô_tả,tính_năng nổi_bật như mô_tả,trung_tinh
giáo hàng nhanh đóng_gói cẩn_thận sẽ ủng_hộ shop tiếp ạ,giáo hàng nhanh đóng_gói cẩn_thận sẽ ủng_hộ shop tiếp ạ,khen_giao_hang
hình_ảnh và video chỉ kan g tinh_chất nhận xu,hình_ảnh và video chỉ kan g tinh_chất nhận xu,trung_tinh
ư ư ư ư ư học_sinh giỏi lớp đại_học sư_phạm kỹ_thuật_số sản_phẩm của mình và người_thân của mình,ư ư ư ư ư học_sinh giỏi lớp đại_học sư_phạm kỹ_thuật_số sản_phẩm của mình và người_thân của mình,trung_tinh
an thanh nghe ok pin sử_dụng lâu không yêu_cầu quá cao về sản_phẩm vì tiền nào của đó,an thanh nghe ok pin sử_dụng lâu không yêu_cầu quá cao về sản_phẩm vì tiền nào của đó,phan_nan_giao_hang
sản_phẩm đúng,sản_phẩm đúng,trung_tinh
như hình,như hình,dung_voi_mo_ta
có_điều chưa đủ pin nên chưa sử_dụng được,có_điều chưa đủ pin nên chưa sử_dụng được,trung_tinh
shop giao nhanh,shop giao nhanh,khen_giao_hang
sản_phẩm oke nge đc cos play đều đc khá là đẹp giao hàng nhanh nchung ổn,sản_phẩm oke nge đc cos play đều đc khá là đẹp giao hàng nhanh nchung ổn,khen_chat_luong
sp ok so với giá tiền đáng để mua lắm,sp ok so với giá tiền đáng để mua lắm,khen_chat_luong
mua chụp ảnh nma đẹp tuyệt,mua chụp ảnh nma đẹp tuyệt,khen_chat_luong
hang ok âm_thanh nghe êm ko biet s có dc bền hay ko thi chưa biết dc,hang ok âm_thanh nghe êm ko biet s có dc bền hay ko thi chưa biết dc,khen_chat_luong
dùng ổn nhưng màu không được như mong_đợi,dùng ổn nhưng màu không được như mong_đợi,khen_chat_luong
có_vẻ pin hết_hơi nhanh,có_vẻ pin hết_hơi nhanh,khen_giao_hang
chất_lượng sản_phẩm ổn,chất_lượng sản_phẩm ổn,khen_chat_luong
tính_năng nổi_bật ko,tính_năng nổi_bật ko,trung_tinh
tai nghe mình thấy nghe ổn nhưng đeo lâu thì đau tai nhé mn g g,tai nghe mình thấy nghe ổn nhưng đeo lâu thì đau tai nhé mn g g,phan_nan_giao_hang
chất_lượng sản_phẩm qua te,chất_lượng sản_phẩm qua te,khen_chat_luong
bán được thì bán ko được thì đừng bán đừng có để giá sa le rồi muốn bán hàng gì thì bán m bán cái lồn này thì ai sài được,bán được thì bán ko được thì đừng bán đừng có để giá sa le rồi muốn bán hàng gì thì bán m bán cái lồn này thì ai sài được,gia_tri_gia
sản_phẩm rất tuyệt dùng được giá rẻ đóng_gói cẩn_thận,sản_phẩm rất tuyệt dùng được giá rẻ đóng_gói cẩn_thận,khen_chat_luong
oke e,oke e,khen_chat_luong
shop uy_tín giao hàng nhanh sản_phẩm nghe hay với giá hợp_lý,shop uy_tín giao hàng nhanh sản_phẩm nghe hay với giá hợp_lý,khen_giao_hang
tính_năng nổi_bật đèn sáng,tính_năng nổi_bật đèn sáng,trung_tinh
rất ôk luôn đấy à chị à em có gì thì làm gì cho em_gái của em về,rất ôk luôn đấy à chị à em có gì thì làm gì cho em_gái của em về,trung_tinh
sản_phẩm giao nhanh hàng k mà sài đc là tuyệt cờ là vời luôn,sản_phẩm giao nhanh hàng k mà sài đc là tuyệt cờ là vời luôn,khen_chat_luong
sẽ ủng_hộ nếu còn giá k,sẽ ủng_hộ nếu còn giá k,gia_tri_gia
tính_năng nổi_bật có_thể tắt bật đèn rgb ở tai nghe,tính_năng nổi_bật có_thể tắt bật đèn rgb ở tai nghe,trung_tinh
chứ mn đừng đánh_giá shop sao khi chưa biết vấn_đề,chứ mn đừng đánh_giá shop sao khi chưa biết vấn_đề,gia_tri_gia
sản_phẩm ok,sản_phẩm ok,khen_chat_luong
kèm cả dây sạc,kèm cả dây sạc,trung_tinh
mọi người nên mua về trải_nghiệm thử,mọi người nên mua về trải_nghiệm thử,de_xuat_mua
chất_lượng sản_phẩm siêu tốt,chất_lượng sản_phẩm siêu tốt,khen_chat_luong
tính_năng nổi_bật tăng độ cut e lun,tính_năng nổi_bật tăng độ cut e lun,trung_tinh
xinh lắm mua ik shop siêu cut e lun em chất_lượng khỏi bàn cut e lắm lun,xinh lắm mua ik shop siêu cut e lun em chất_lượng khỏi bàn cut e lắm lun,khen_chat_luong
ôn_tập môn phân_tích bạn có_thể cả các loại máy_bay đi đà_nẵng tiếng,ôn_tập môn phân_tích bạn có_thể cả các loại máy_bay đi đà_nẵng tiếng,trung_tinh
sản_phẩm tốt dẻo câu đc,sản_phẩm tốt dẻo câu đc,khen_chat_luong
ảnh và video chỉ mang tính_chất nhận xu,ảnh và video chỉ mang tính_chất nhận xu,trung_tinh
tính_năng nổi_bật xinh và âm_thanh lớn,tính_năng nổi_bật xinh và âm_thanh lớn,khen_chat_luong
tính_năng nổi_bật âm_thanh ổn,tính_năng nổi_bật âm_thanh ổn,khen_chat_luong
mn nên mua nha,mn nên mua nha,de_xuat_mua
giao hàng nhanh tầm ngày,giao hàng nhanh tầm ngày,khen_giao_hang
tai nghe ổn nhưng nếu nằm nghiêng sẽ dễ bị đau tai khá dễ_thương,tai nghe ổn nhưng nếu nằm nghiêng sẽ dễ bị đau tai khá dễ_thương,khen_chat_luong
chất_lượng sản_phẩm,chất_lượng sản_phẩm,khen_chat_luong
tính_năng nổi_bật rất êm,tính_năng nổi_bật rất êm,khen_chat_luong
tuyệt_vời i shop rất nhiệt_tình m người nên mua nha rẻ mà chất_lượng lắm á,tuyệt_vời i shop rất nhiệt_tình m người nên mua nha rẻ mà chất_lượng lắm á,khen_chat_luong
chất_lượng sản_phẩm sao,chất_lượng sản_phẩm sao,khen_chat_luong
tính_năng nổi_bật v p,tính_năng nổi_bật v p,trung_tinh
hàng siêu đỉnh chất_lượng và siêu_bền,hàng siêu đỉnh chất_lượng và siêu_bền,khen_chat_luong
chất_lượng sản_phẩm âm_thanh đỉnh,chất_lượng sản_phẩm âm_thanh đỉnh,khen_chat_luong
shop đóng_gói cẩn_thận giao hàng nhanh tai nghe xinh âm_thanh nghe êm và chất lu ợ n g lắm ạ,shop đóng_gói cẩn_thận giao hàng nhanh tai nghe xinh âm_thanh nghe êm và chất lu ợ n g lắm ạ,khen_chat_luong
đúng với mô_tả đẹp như hình nhe,đúng với mô_tả đẹp như hình nhe,khen_chat_luong
ok shop,ok shop,khen_chat_luong
đúng với mô_tả li ke,đúng với mô_tả li ke,dung_voi_mo_ta
túi đẹp chất_lượng ạ,túi đẹp chất_lượng ạ,khen_chat_luong
túi tốt dáng đẹp,túi tốt dáng đẹp,khen_chat_luong
túi đẹp chất ok,túi đẹp chất ok,khen_chat_luong
đúng với mô_tả túi đẹp,đúng với mô_tả túi đẹp,khen_chat_luong
k mà nhức nách lun,k mà nhức nách lun,trung_tinh
nên ủng_hộ shop này nh mn,nên ủng_hộ shop này nh mn,trung_tinh
vừa chân nun,vừa chân nun,trung_tinh
oke la,oke la,khen_chat_luong
đúng với mô_tả b br dsg,đúng với mô_tả b br dsg,dung_voi_mo_ta
chất_liệu chất_lượng sản_phẩm tốt,chất_liệu chất_lượng sản_phẩm tốt,khen_chat_luong
màu_sắc y hình,màu_sắc y hình,trung_tinh
dép_một chiếc đực một chiếc cái ko dùng đc yêu_cầu shop đổi hàng lại cho mik,dép_một chiếc đực một chiếc cái ko dùng đc yêu_cầu shop đổi hàng lại cho mik,trung_tinh
sản_phẩm đẹp,sản_phẩm đẹp,khen_chat_luong
êm chân,êm chân,khen_chat_luong
shop giao hàng nhanh đúng mẫu_mã,shop giao hàng nhanh đúng mẫu_mã,khen_giao_hang
đúng với mô_tả đúng màu với hình cỡ đúng tot,đúng với mô_tả đúng màu với hình cỡ đúng tot,dung_voi_mo_ta
chất_liệu đẹp sản_phẩm dep,chất_liệu đẹp sản_phẩm dep,khen_chat_luong
giáo hàng nhanh,giáo hàng nhanh,khen_giao_hang
đúng với mô_tả đúng chuẩn hàng,đúng với mô_tả đúng chuẩn hàng,khen_chat_luong
chất_liệu đẹp xuất_sắc,chất_liệu đẹp xuất_sắc,khen_chat_luong
hơn cả mong_đợi,hơn cả mong_đợi,trung_tinh
đúng với mô_tả ko giống lắm,đúng với mô_tả ko giống lắm,dung_voi_mo_ta
dép đẹp xứng_đáng với giá tiền,dép đẹp xứng_đáng với giá tiền,khen_chat_luong
đúng với mô_tả không đúng mô_tả,đúng với mô_tả không đúng mô_tả,phan_nan_chat_luong
không phải dép gấu nên xin phép trừ nhé,không phải dép gấu nên xin phép trừ nhé,trung_tinh
chất_liệu hàng tốt,chất_liệu hàng tốt,khen_chat_luong
chất_liệu như trong hinh nhe,chất_liệu như trong hinh nhe,trung_tinh
màu_sắc y hêt,màu_sắc y hêt,trung_tinh
đúng với mô_tả đe p,đúng với mô_tả đe p,dung_voi_mo_ta
tôt,tôt,trung_tinh
hình_ảnh chuẩn,hình_ảnh chuẩn,khen_chat_luong
sắc nét,sắc nét,trung_tinh
hàng xịn,hàng xịn,khen_chat_luong
dép đi êm,dép đi êm,khen_chat_luong
sie chuẩn,sie chuẩn,khen_chat_luong
nói_chung nên mua,nói_chung nên mua,de_xuat_mua
sản_phẩm tốt bền lâu nói_chung là ok đi cảm_ơn shop nhoé than k,sản_phẩm tốt bền lâu nói_chung là ok đi cảm_ơn shop nhoé than k,phan_nan_giao_hang
hàng quá đẹp chắc mai_mốt mua thêm một đôi nữa cho cả gia_đình,hàng quá đẹp chắc mai_mốt mua thêm một đôi nữa cho cả gia_đình,khen_chat_luong
màu_sắc đ c,màu_sắc đ c,trung_tinh
đúng với mô_tả đ c nên mua,đúng với mô_tả đ c nên mua,dung_voi_mo_ta
chất_liệu k rõ,chất_liệu k rõ,trung_tinh
hài_lòng,hài_lòng,trung_tinh
màu_sắc trắng như tuyết,màu_sắc trắng như tuyết,trung_tinh
đẹp ko tả nổi,đẹp ko tả nổi,khen_chat_luong
sản_phẩm dùng đẹp và vừa với sie chân,sản_phẩm dùng đẹp và vừa với sie chân,khen_chat_luong
than k k kiu u,than k k kiu u,trung_tinh
dép đẹp ship bơ rất dễ_thương nên mua,dép đẹp ship bơ rất dễ_thương nên mua,khen_chat_luong
nên mua nhưng_mà mỗi_tội con gấu nó kiểu bị lồi lên chứ ko giống còn gấu trong ảnh mấy,nên mua nhưng_mà mỗi_tội con gấu nó kiểu bị lồi lên chứ ko giống còn gấu trong ảnh mấy,de_xuat_mua
chất_liệu hàng rất tốt,chất_liệu hàng rất tốt,khen_chat_luong
màu_sắc dẹp,màu_sắc dẹp,trung_tinh
đúng với mô_tả san phẩm đúng chất_lượng đúng mô_tả,đúng với mô_tả san phẩm đúng chất_lượng đúng mô_tả,khen_chat_luong
dép đẹp mùi hơi hôi chút,dép đẹp mùi hơi hôi chút,phan_nan_chat_luong
chất_liệu dép đẹp,chất_liệu dép đẹp,khen_chat_luong
dao hàng nhanh thật,dao hàng nhanh thật,khen_giao_hang
shop rất ok,shop rất ok,khen_chat_luong
dép ko đc như mik nghĩ hàng thì về cx sớm nhma ko đc như mong_đợi,dép ko đc như mik nghĩ hàng thì về cx sớm nhma ko đc như mong_đợi,trung_tinh
chất_liệu đẹp đúng với miêu_tả giá_cả hợp_lí nê mua rất tuyệt cho shop năm sao,chất_liệu đẹp đúng với miêu_tả giá_cả hợp_lí nê mua rất tuyệt cho shop năm sao,khen_chat_luong
đúng với mô tảo ko k,đúng với mô tảo ko k,trung_tinh
anh chỉ mang tính_chất minh hoa ko liên_quan đến sản_phẩm,anh chỉ mang tính_chất minh hoa ko liên_quan đến sản_phẩm,trung_tinh
dep đẹp gio a hàng nhanh ship bơ nhiệt_tình mn nên mua,dep đẹp gio a hàng nhanh ship bơ nhiệt_tình mn nên mua,khen_chat_luong
đẹp chất_lượng mn nên mua nha,đẹp chất_lượng mn nên mua nha,khen_chat_luong
hình_ảnh để nhận xu,hình_ảnh để nhận xu,trung_tinh
hàng rất đẹp nha vs giá này thì quá đẹp chấp thì rất đẹp nói_chung là vs giá này lần sau tôi sẽ mua tiếp,hàng rất đẹp nha vs giá này thì quá đẹp chấp thì rất đẹp nói_chung là vs giá này lần sau tôi sẽ mua tiếp,khen_chat_luong
đặt mà nó lạ lắm mn ơi,đặt mà nó lạ lắm mn ơi,trung_tinh
săn đc đ nên tạm bỏ_qua giao hàng nhanh nha,săn đc đ nên tạm bỏ_qua giao hàng nhanh nha,khen_giao_hang
chất_liệu,chất_liệu,trung_tinh
nhận hàng oki,nhận hàng oki,khen_chat_luong
sẽ còn ủng_hộ lần sao,sẽ còn ủng_hộ lần sao,trung_tinh
đúng với mô_tả quá ok,đúng với mô_tả quá ok,khen_chat_luong
đúng với mô_tả giao sai hàng giao lộn sai,đúng với mô_tả giao sai hàng giao lộn sai,phan_nan_giao_hang
đúng với mô_tả đẹp mọi người lên mua,đúng với mô_tả đẹp mọi người lên mua,khen_chat_luong
đặt sai mà shop giao cho sai to quá,đặt sai mà shop giao cho sai to quá,trung_tinh
rất đẹp và xinh xỉu lun ý m,rất đẹp và xinh xỉu lun ý m,khen_chat_luong
qua la dep luon nha nen mua,qua la dep luon nha nen mua,trung_tinh
màu_sắc đúng như mô_tả,màu_sắc đúng như mô_tả,trung_tinh
sản_phẩm khá ok,sản_phẩm khá ok,khen_chat_luong
được uy_tín,được uy_tín,trung_tinh
khá đẹp,khá đẹp,khen_chat_luong
hàng ok lắm ạ,hàng ok lắm ạ,khen_chat_luong
dép đẹp rẻ,dép đẹp rẻ,khen_chat_luong
quá đẹp,quá đẹp,khen_chat_luong
ok la mua còn k,ok la mua còn k,khen_chat_luong
dép quá đẹp quả rẻ mn nên mua nhé,dép quá đẹp quả rẻ mn nên mua nhé,khen_chat_luong
hàng đẹp,hàng đẹp,khen_chat_luong
đúng với mô_tả tuyệt,đúng với mô_tả tuyệt,khen_chat_luong
đúng với mô_tả y e s,đúng với mô_tả y e s,dung_voi_mo_ta
giao hàng nhanh xin k,giao hàng nhanh xin k,khen_giao_hang
quá tuyệt lun mn ạ,quá tuyệt lun mn ạ,khen_chat_luong
sie mà hơi chật,sie mà hơi chật,trung_tinh
bị bong con gấu,bị bong con gấu,trung_tinh
nhưng hơi chật một xíu ko sao,nhưng hơi chật một xíu ko sao,trung_tinh
ảnh một đằng gửi một nẻo,ảnh một đằng gửi một nẻo,trung_tinh
chất_liệu kiểu nhựa êm ý,chất_liệu kiểu nhựa êm ý,khen_chat_luong
dép to mà_còn êm xĩu,dép to mà_còn êm xĩu,khen_chat_luong
tu ôi hong nghĩ với giá k mà đc cái dép ngon v luôn á trời,tu ôi hong nghĩ với giá k mà đc cái dép ngon v luôn á trời,khen_chat_luong
lúc nhận hàng thì hình hơi méo nma hong xao vì nó chỉnh đc,lúc nhận hàng thì hình hơi méo nma hong xao vì nó chỉnh đc,trung_tinh
nói_chung là ok ổn nên mua nhe e,nói_chung là ok ổn nên mua nhe e,khen_chat_luong
chất_liệu giống ảnh,chất_liệu giống ảnh,trung_tinh
màu_sắc màu_sắc giống ảnh,màu_sắc màu_sắc giống ảnh,trung_tinh
đúng với mô_tả đúng ich ang không khác chỗ nào hết,đúng với mô_tả đúng ich ang không khác chỗ nào hết,dung_voi_mo_ta
màu_sắc trắng_tinh luon ạ,màu_sắc trắng_tinh luon ạ,trung_tinh
đúng với mô_tả không hề,đúng với mô_tả không hề,dung_voi_mo_ta
đúng với mô_tả đứng,đúng với mô_tả đứng,dung_voi_mo_ta
chất_lượng,chất_lượng,khen_chat_luong
h si s sii s si si si siu g gs i si s si e i e e i e i eu e i e i e i,h si s sii s si si si siu g gs i si s si e i e e i e i eu e i e i e i,khen_chat_luong
chất_liệu hàng y hình giao hàng nhanh_chóng,chất_liệu hàng y hình giao hàng nhanh_chóng,khen_giao_hang
anh shipper thân_thiện,anh shipper thân_thiện,khen_giao_hang
đúng với mô tảy hình giao hàng nhanh_chóng anh shipper thân_thiện,đúng với mô tảy hình giao hàng nhanh_chóng anh shipper thân_thiện,khen_giao_hang
chất_liệu bánh_mì,chất_liệu bánh_mì,trung_tinh
đúng với mô_tả hơi sai mô_tả,đúng với mô_tả hơi sai mô_tả,dung_voi_mo_ta
giao sai mẫu,giao sai mẫu,trung_tinh
chất_liệu ko btt,chất_liệu ko btt,trung_tinh
màu_sắc trắng gấu,màu_sắc trắng gấu,trung_tinh
đẹp nên mua nha ak mn,đẹp nên mua nha ak mn,khen_chat_luong
vs giá hạt rẻ này thì nên mua,vs giá hạt rẻ này thì nên mua,de_xuat_mua
và tặng shop sao o nha ak,và tặng shop sao o nha ak,trung_tinh
đúng với mô_tả đúng như mô_tả,đúng với mô_tả đúng như mô_tả,dung_voi_mo_ta
chất_liệu gì hông biết,chất_liệu gì hông biết,trung_tinh
dép đúng như hình moi người nên mua,dép đúng như hình moi người nên mua,dung_voi_mo_ta
ship bơ giao hàng nhanh,ship bơ giao hàng nhanh,khen_giao_hang
đúng với mô_tả rất hài_lòng lần sau sẽ ủng_hộ nơa,đúng với mô_tả rất hài_lòng lần sau sẽ ủng_hộ nơa,dung_voi_mo_ta
chất_liệu dẹp dày đẹp,chất_liệu dẹp dày đẹp,khen_chat_luong
dép y hình rất đẹp dép dày,dép y hình rất đẹp dép dày,khen_chat_luong
rất hài_long,rất hài_long,trung_tinh
chất_liệu kha tot,chất_liệu kha tot,trung_tinh
màu_sắc giong hinh,màu_sắc giong hinh,trung_tinh
đúng với mô_tả dep hoi rach o cho con gau nhung hang van ok nha moi nguoi,đúng với mô_tả dep hoi rach o cho con gau nhung hang van ok nha moi nguoi,khen_chat_luong
nen mua nha,nen mua nha,trung_tinh
đúng với mô_tả đúng vs ảnh của shop mô_tả,đúng với mô_tả đúng vs ảnh của shop mô_tả,dung_voi_mo_ta
hàng đẹp giá rẻ mn nên mua ủng_hộ shop nha,hàng đẹp giá rẻ mn nên mua ủng_hộ shop nha,khen_chat_luong
chất_liệu để chất_liệu vải nhưng mua về là mút,chất_liệu để chất_liệu vải nhưng mua về là mút,trung_tinh
màu_sắc rất đẹp,màu_sắc rất đẹp,khen_chat_luong
đúng với mô_tả rất tuyệt,đúng với mô_tả rất tuyệt,khen_chat_luong
dép khá tốt và rất rẻ chỉ có k,dép khá tốt và rất rẻ chỉ có k,khen_chat_luong
chất_liệu rất tốt,chất_liệu rất tốt,khen_chat_luong
đúng với mô_tả tuyệt_vời,đúng với mô_tả tuyệt_vời,khen_chat_luong
rất tốt_giống như hình,rất tốt_giống như hình,khen_chat_luong
sau_này sẽ quay lại ủng_hộ,sau_này sẽ quay lại ủng_hộ,de_xuat_mua
màu_sắc trăng ơ,màu_sắc trăng ơ,trung_tinh
đúng với mô_tả đ k,đúng với mô_tả đ k,dung_voi_mo_ta
chất_liệu chắc bền,chất_liệu chắc bền,khen_chat_luong
xuất_sắc luôn mng ơi,xuất_sắc luôn mng ơi,trung_tinh
mình mua đc giá k mà dép đỉnh vãi luôn í,mình mua đc giá k mà dép đỉnh vãi luôn í,gia_tri_gia
nên mua nha mng,nên mua nha mng,de_xuat_mua
đúng với mô_tả không đúng,đúng với mô_tả không đúng,phan_nan_chat_luong
chất_liệu ch x đem về,chất_liệu ch x đem về,trung_tinh
màu_sắc ch x đem về,màu_sắc ch x đem về,trung_tinh
đúng với mô_tả ch x đem về,đúng với mô_tả ch x đem về,dung_voi_mo_ta
màu_sắc đung mau mik lưa,màu_sắc đung mau mik lưa,trung_tinh
đúng với mô_tả san ph âm giông như trong hinh đep,đúng với mô_tả san ph âm giông như trong hinh đep,dung_voi_mo_ta
chất_liệu cũng tạm đc,chất_liệu cũng tạm đc,trung_tinh
tuyệt_vời đóng hàng cũng chắc_chắn,tuyệt_vời đóng hàng cũng chắc_chắn,khen_chat_luong
đúng với mô tản hưng hình con gấu hơi lạ,đúng với mô tản hưng hình con gấu hơi lạ,trung_tinh
chất_liệu tốt cứng,chất_liệu tốt cứng,khen_chat_luong
tốt,tốt,khen_chat_luong
đúng với mô_tả đúng đẹp lâm lun đúng như ảnh đế cao cmm,đúng với mô_tả đúng đẹp lâm lun đúng như ảnh đế cao cmm,khen_chat_luong
chất_liệu xinh h,chất_liệu xinh h,khen_chat_luong
rất êm và hàng đúng như quảng_cáo mình cũng muốn mua với giá rẻ lần sau sẽ mua tiếp,rất êm và hàng đúng như quảng_cáo mình cũng muốn mua với giá rẻ lần sau sẽ mua tiếp,khen_chat_luong
đúng với mô_tả mười điểm khỏi bàn,đúng với mô_tả mười điểm khỏi bàn,dung_voi_mo_ta
màu_sắc đu g,màu_sắc đu g,trung_tinh
đúng với mô_tả du g mô_tả,đúng với mô_tả du g mô_tả,dung_voi_mo_ta
ko còn gì để nói,ko còn gì để nói,trung_tinh
đẹp lắm mng cảm_ơn shop nha,đẹp lắm mng cảm_ơn shop nha,khen_chat_luong
ta nói chỉ k mà đc đôi dép mờ ê mê luôn sao o cho shop luôn,ta nói chỉ k mà đc đôi dép mờ ê mê luôn sao o cho shop luôn,trung_tinh
đúng với mô_tả b t h,đúng với mô_tả b t h,dung_voi_mo_ta
chất_liệu br h,chất_liệu br h,trung_tinh
k bt sao mua với giá k luôn,k bt sao mua với giá k luôn,gia_tri_gia
màu_sắc trắng đẹp,màu_sắc trắng đẹp,khen_chat_luong
đúng với mô_tả quá chuẩn luôn,đúng với mô_tả quá chuẩn luôn,khen_chat_luong
đáng mua đấy,đáng mua đấy,gia_tri_gia
đúng với mô_tả vừa đẹp,đúng với mô_tả vừa đẹp,khen_chat_luong
sản_phẩm mình mua rất hợp,sản_phẩm mình mua rất hợp,trung_tinh
màu_sắc đúng với hình_ảnh,màu_sắc đúng với hình_ảnh,trung_tinh
đúng với mô_tả rất đúng với mô_tả rất đẹp,đúng với mô_tả rất đúng với mô_tả rất đẹp,khen_chat_luong
màu_sắc trắng gấu đen,màu_sắc trắng gấu đen,trung_tinh
chất_liệu chất_liệu bền dẻo,chất_liệu chất_liệu bền dẻo,khen_chat_luong
màu_sắc đúng màu,màu_sắc đúng màu,dung_voi_mo_ta
chất_liệu tạm ổn,chất_liệu tạm ổn,khen_chat_luong
đúng với mô_tả giống với hình,đúng với mô_tả giống với hình,dung_voi_mo_ta
với giá tiền thì cx đc,với giá tiền thì cx đc,gia_tri_gia
chất_liệu n h,chất_liệu n h,trung_tinh
đúng với mô_tả đú g,đúng với mô_tả đú g,dung_voi_mo_ta
sp đẹp đúng vs miêu_tả,sp đẹp đúng vs miêu_tả,khen_chat_luong
dép ổn đẹp,dép ổn đẹp,khen_chat_luong
đúng với mô_tả bị lỗi ko giống ảnh,đúng với mô_tả bị lỗi ko giống ảnh,phan_nan_chat_luong
rộng quá còn bị lỗi ko như mik nghĩ,rộng quá còn bị lỗi ko như mik nghĩ,phan_nan_chat_luong
chất_liệu đúng như ảnh,chất_liệu đúng như ảnh,trung_tinh
đúng với mô_tả hàng đẹp ạ,đúng với mô_tả hàng đẹp ạ,khen_chat_luong
chất_liệu tốt dày,chất_liệu tốt dày,khen_chat_luong
đúng với mô_tả thiếu hình con chuột,đúng với mô_tả thiếu hình con chuột,dung_voi_mo_ta
chất_liệu chuẩn,chất_liệu chuẩn,khen_chat_luong
đúng với mô_tả h k có hình con gấu,đúng với mô_tả h k có hình con gấu,dung_voi_mo_ta
chất_liệu đúng,chất_liệu đúng,trung_tinh
sản_phẩm rất tốt,sản_phẩm rất tốt,khen_chat_luong
đúng với mô_tả hàng đẹp lắm sốp,đúng với mô_tả hàng đẹp lắm sốp,khen_chat_luong
hàng đẹp lắm sốp,hàng đẹp lắm sốp,khen_chat_luong
êm lắm nên mua,êm lắm nên mua,khen_chat_luong
chất_liệu ko giống mt lắm,chất_liệu ko giống mt lắm,trung_tinh
cx đc sợ vs giá thị_trường thì ok,cx đc sợ vs giá thị_trường thì ok,khen_chat_luong
chất_liệu k biết,chất_liệu k biết,trung_tinh
giao nhầm mẫu đặt nhưng hàng cũng ổn,giao nhầm mẫu đặt nhưng hàng cũng ổn,khen_chat_luong
chất_liệu rất mềm,chất_liệu rất mềm,khen_chat_luong
đúng với mô_tả rất tốt,đúng với mô_tả rất tốt,khen_chat_luong
đúng với mô_tả quá xuất_sắc,đúng với mô_tả quá xuất_sắc,dung_voi_mo_ta
chất_liệu mền cứng,chất_liệu mền cứng,trung_tinh
màu_sắc màu trắng_đen,màu_sắc màu trắng_đen,trung_tinh
màu_sắc e hit e,màu_sắc e hit e,trung_tinh
đúng với mô tảo k k,đúng với mô tảo k k,trung_tinh
chất_liệu nhẹ tốt,chất_liệu nhẹ tốt,khen_chat_luong
đúng với mô_tả quá xịn,đúng với mô_tả quá xịn,khen_chat_luong
xịn,xịn,khen_chat_luong
mk săn đc đ rất đẹp và ok phải gọi là trên cả tuyệt_vời,mk săn đc đ rất đẹp và ok phải gọi là trên cả tuyệt_vời,khen_chat_luong
sản_phẩm tốt giao nhanh ship thân_thiện rất hài_lòng về sản_phẩm,sản_phẩm tốt giao nhanh ship thân_thiện rất hài_lòng về sản_phẩm,khen_chat_luong
dép đẹp và xịn chất_lượng dép tuyệt_vời,dép đẹp và xịn chất_lượng dép tuyệt_vời,khen_chat_luong
đúng với mô_tả đẹp hơn mô_tả,đúng với mô_tả đẹp hơn mô_tả,khen_chat_luong
đúng với mô_tả sẽ ủng_hộ,đúng với mô_tả sẽ ủng_hộ,dung_voi_mo_ta
đúng với mô_tả hơi to,đúng với mô_tả hơi to,dung_voi_mo_ta
mang ok nhưng đặt lầy hàng về trên ảnh có hình về ko có,mang ok nhưng đặt lầy hàng về trên ảnh có hình về ko có,khen_chat_luong
chất_liệu thù cũng đc tho y,chất_liệu thù cũng đc tho y,trung_tinh
nhận hàng rất nhanh,nhận hàng rất nhanh,khen_giao_hang
dép đẹp rất là oki,dép đẹp rất là oki,khen_chat_luong
mn người nên đặt nha,mn người nên đặt nha,trung_tinh
không giao đúng sie mà tôi đã chọn,không giao đúng sie mà tôi đã chọn,trung_tinh
không giao đúng mẫu mà tôi đã chọn,không giao đúng mẫu mà tôi đã chọn,trung_tinh
chất_liệu rất đẹp,chất_liệu rất đẹp,khen_chat_luong
màu_sắc đúng chuẩn,màu_sắc đúng chuẩn,khen_chat_luong
đúng với mô_tả đúng giống như ảnh,đúng với mô_tả đúng giống như ảnh,dung_voi_mo_ta
hàng rất đẹp và tốt ạ,hàng rất đẹp và tốt ạ,khen_chat_luong
đúng với mô_tả dép rất đẹp rất hài_lòng,đúng với mô_tả dép rất đẹp rất hài_lòng,khen_chat_luong
cảm_ơn shop,cảm_ơn shop,khen_dich_vu
đẹp lắm ạ,đẹp lắm ạ,khen_chat_luong
đúng với mô_tả ko giống như hình vì con gấu kia phải in lên,đúng với mô_tả ko giống như hình vì con gấu kia phải in lên,dung_voi_mo_ta
chất_liệu khá ok,chất_liệu khá ok,khen_chat_luong
đúng với mô_tả cũng giống dép,đúng với mô_tả cũng giống dép,dung_voi_mo_ta
sản_phẩm khá ok hợp giá tiền,sản_phẩm khá ok hợp giá tiền,khen_chat_luong
nhận hàng hay chưa nhận kệ người,nhận hàng hay chưa nhận kệ người,phan_nan_giao_hang
shop e e nhiều chuyện quá,shop e e nhiều chuyện quá,trung_tinh
dép ok nè,dép ok nè,khen_chat_luong
nhận hàng ngoài sức tưởng_tượng,nhận hàng ngoài sức tưởng_tượng,trung_tinh
đóng_gói kỹ,đóng_gói kỹ,khen_giao_hang
rất là đẹp dịch_vụ quá tốt mn nên mua thử nhé,rất là đẹp dịch_vụ quá tốt mn nên mua thử nhé,khen_chat_luong
chất_liệu siêu nhẹ,chất_liệu siêu nhẹ,khen_chat_luong
màu_sắc trắng en,màu_sắc trắng en,trung_tinh
đúng với mô_tả giống hình nhưng k có con gấu,đúng với mô_tả giống hình nhưng k có con gấu,dung_voi_mo_ta
giao dép trơn k có hình gấu nhưng săn c giá rẻ nên ok oy,giao dép trơn k có hình gấu nhưng săn c giá rẻ nên ok oy,khen_chat_luong
dép đế cao_dày dặn nhma be vé đang iu trông buồn_cười lắm nch là giá này xinh q u ã i khỏi phải bàn ship thì chịu_khó chạy thẳng nhà ka ka,dép đế cao_dày dặn nhma be vé đang iu trông buồn_cười lắm nch là giá này xinh q u ã i khỏi phải bàn ship thì chịu_khó chạy thẳng nhà ka ka,khen_chat_luong
sản_phẩm tốt giá rẻ mà phụ hợp mang đi,sản_phẩm tốt giá rẻ mà phụ hợp mang đi,khen_chat_luong
chất_liệu k nói nhiều cho shop sao vì hàng quá đẹp,chất_liệu k nói nhiều cho shop sao vì hàng quá đẹp,khen_chat_luong
áp mã giảm_giá còn k quá tuyệt_vời,áp mã giảm_giá còn k quá tuyệt_vời,khen_chat_luong
xuất_sắc,xuất_sắc,trung_tinh
chất_liệu tốt giao hàng nhanh_chóng rất thích,chất_liệu tốt giao hàng nhanh_chóng rất thích,khen_chat_luong
bũa sau đặt tiếp,bũa sau đặt tiếp,de_xuat_mua
giao hàng hơi lâu nhưng_mà dép đẹp lắm,giao hàng hơi lâu nhưng_mà dép đẹp lắm,phan_nan_giao_hang
mình không ở nhà anh shipper để ở ngoài hiên cho lun n,mình không ở nhà anh shipper để ở ngoài hiên cho lun n,khen_giao_hang
màu_sắc chuẩn nhu hình,màu_sắc chuẩn nhu hình,khen_chat_luong
lần đầu mua hang của shop rất ưng ạ,lần đầu mua hang của shop rất ưng ạ,trung_tinh
rất tuyệt_vời sao lun,rất tuyệt_vời sao lun,khen_chat_luong
đúng với mô_tả đi rất mêm chân và đẹp,đúng với mô_tả đi rất mêm chân và đẹp,khen_chat_luong
màu_sắc màu trắng,màu_sắc màu trắng,trung_tinh
màu_sắc không có con gấu in chỉ có con gấu dán thôi,màu_sắc không có con gấu in chỉ có con gấu dán thôi,trung_tinh
chất_liệu cx tốt,chất_liệu cx tốt,khen_chat_luong
nma hơi nhỏ_xíu,nma hơi nhỏ_xíu,trung_tinh
uớc có cỡ to hơn,uớc có cỡ to hơn,trung_tinh
rất đẹp nên ủng_hộ shop nha,rất đẹp nên ủng_hộ shop nha,khen_chat_luong
phù_hợp,phù_hợp,trung_tinh
đúng với mô tảo ke e,đúng với mô tảo ke e,trung_tinh
chất_liệu nhẹ,chất_liệu nhẹ,khen_chat_luong
đúng với mô_tả chuẩn,đúng với mô_tả chuẩn,khen_chat_luong
hơi rộng nhưng đúng sản_phẩm đúng chất_lượng nên cho sao luôn,hơi rộng nhưng đúng sản_phẩm đúng chất_lượng nên cho sao luôn,khen_chat_luong
mình đã nhận được hàng dép đẹp,mình đã nhận được hàng dép đẹp,khen_chat_luong
sẽ ủng_hộ shop dài_hạn,sẽ ủng_hộ shop dài_hạn,trung_tinh
đúng với mô_tả đúng và còn rất đẹp ạ,đúng với mô_tả đúng và còn rất đẹp ạ,khen_chat_luong
tuyệt,tuyệt,khen_chat_luong
sản_phẩm rất tuyệt_vời,sản_phẩm rất tuyệt_vời,khen_chat_luong
màu_sắc k k,màu_sắc k k,trung_tinh
chất_lượng tuyệt_vời dép đẹp chất_liệu siêu nhẹ,chất_lượng tuyệt_vời dép đẹp chất_liệu siêu nhẹ,khen_chat_luong
chất_liệu sốp,chất_liệu sốp,trung_tinh
sản_phẩm tốt chất_lượng cao,sản_phẩm tốt chất_lượng cao,khen_chat_luong
rất đẹp và tốt,rất đẹp và tốt,khen_chat_luong
với giá tiền như này,với giá tiền như này,gia_tri_gia
nhân đc hàng rất ung,nhân đc hàng rất ung,trung_tinh
đẹp lắm lun í,đẹp lắm lun í,khen_chat_luong
hơi rộng tí nma hàng đẹp nên tha_thứ,hơi rộng tí nma hàng đẹp nên tha_thứ,khen_chat_luong
đúng với hình mô_tả,đúng với hình mô_tả,trung_tinh
đặt mà dao chiếc chiếc,đặt mà dao chiếc chiếc,trung_tinh
dép hơi bé nhưng rất đẹp cho shop s,dép hơi bé nhưng rất đẹp cho shop s,khen_chat_luong
shop rất uy_tín và chất_lượng,shop rất uy_tín và chất_lượng,khen_chat_luong
đúng với mô_tả đúng r,đúng với mô_tả đúng r,dung_voi_mo_ta
đúng với mô_tả dép đúng vs mô_tả,đúng với mô_tả dép đúng vs mô_tả,dung_voi_mo_ta
giao hàng nhanh nhưng nhầm sie,giao hàng nhanh nhưng nhầm sie,khen_giao_hang
chất_liệu đẹp p,chất_liệu đẹp p,khen_chat_luong
màu_sắc tuyệt_vời,màu_sắc tuyệt_vời,khen_chat_luong
k hải lòng nha,k hải lòng nha,trung_tinh
đặt giao,đặt giao,trung_tinh
đúng với mô_tả dép rất đẹp,đúng với mô_tả dép rất đẹp,khen_chat_luong
hàng quá đẹp quá chất_lượng,hàng quá đẹp quá chất_lượng,khen_chat_luong
đẹp đúng hình nhưng giao hàng chậm,đẹp đúng hình nhưng giao hàng chậm,khen_chat_luong
bền đẹp cảm_ơn shop nhiều,bền đẹp cảm_ơn shop nhiều,khen_chat_luong
tôi rất,tôi rất,trung_tinh
sản_phẩm tốt rất hài_lòng,sản_phẩm tốt rất hài_lòng,khen_chat_luong
hàng dep,hàng dep,trung_tinh
hất lư on h h,hất lư on h h,trung_tinh
dép đẹp đ êm chân lắm,dép đẹp đ êm chân lắm,khen_chat_luong
chất_liệu dầy đáng tiền,chất_liệu dầy đáng tiền,gia_tri_gia
sản_phẩm tốt chất_lượng,sản_phẩm tốt chất_lượng,khen_chat_luong
đặt một mẫu gửi một mẫu,đặt một mẫu gửi một mẫu,trung_tinh
dep tôt a đep luôn,dep tôt a đep luôn,trung_tinh
sản_phẩm đúng với mô_tả,sản_phẩm đúng với mô_tả,dung_voi_mo_ta
hàng đẹp đúng như hình,hàng đẹp đúng như hình,khen_chat_luong
shop de l l giao hàng à,shop de l l giao hàng à,khen_giao_hang
đã rẻ mà_lại rất đẹp,đã rẻ mà_lại rất đẹp,khen_chat_luong
sp tốt ạaa hơi chật t,sp tốt ạaa hơi chật t,khen_chat_luong
hãy giao đến tận nơi,hãy giao đến tận nơi,trung_tinh
hàng chuẩn sie nhe,hàng chuẩn sie nhe,khen_chat_luong
hàng đẹp chất_lượng,hàng đẹp chất_lượng,khen_chat_luong
mang em chan lắm ne,mang em chan lắm ne,trung_tinh
chất đẹp,chất đẹp,khen_chat_luong
hàng đúng như hình,hàng đúng như hình,dung_voi_mo_ta
đẹp k có để nói,đẹp k có để nói,khen_chat_luong
uy_tín chất_lượng,uy_tín chất_lượng,khen_chat_luong
để nhận xu thoi,để nhận xu thoi,trung_tinh
a shipper dth vc,a shipper dth vc,khen_giao_hang
quá xuất xắc lun,quá xuất xắc lun,trung_tinh
uy_tín lắm ae ạ,uy_tín lắm ae ạ,trung_tinh
sản_phẩm rất ok,sản_phẩm rất ok,khen_chat_luong
rất tuyệt luôn,rất tuyệt luôn,khen_chat_luong
dép xinh lắm ạ,dép xinh lắm ạ,khen_chat_luong
chất_liệu sị n,chất_liệu sị n,trung_tinh
ok chất_lượng,ok chất_lượng,khen_chat_luong
quá ok shop ạ,quá ok shop ạ,khen_chat_luong
sản_phẩm tốt,sản_phẩm tốt,khen_chat_luong
hàng tốt lắm,hàng tốt lắm,khen_chat_luong
hang qua tot,hang qua tot,trung_tinh
hàng oke lắm,hàng oke lắm,khen_chat_luong
đẹp xuất_sắc,đẹp xuất_sắc,khen_chat_luong
dép đẹp nha,dép đẹp nha,khen_chat_luong
màu_sắc dep,màu_sắc dep,trung_tinh
quá xịn sò,quá xịn sò,khen_chat_luong
hàng chuẩn,hàng chuẩn,khen_chat_luong
đẹp nha mn,đẹp nha mn,khen_chat_luong
ok rẻ đẹp,ok rẻ đẹp,khen_chat_luong
chuẩn vừa,chuẩn vừa,khen_chat_luong
tuyet voi,tuyet voi,trung_tinh
dép tốt ạ,dép tốt ạ,khen_chat_luong
chuẩn đẹp,chuẩn đẹp,khen_chat_luong
tốt go o d,tốt go o d,khen_chat_luong
sài được,sài được,trung_tinh
vừa chân,vừa chân,trung_tinh
quá tốt,quá tốt,khen_chat_luong
đế dép bị cháy,đế dép bị cháy,trung_tinh
lỗi,lỗi,phan_nan_chat_luong
k được thẩm_mĩ lắm,k được thẩm_mĩ lắm,trung_tinh
sản_phẩm tốt nên mua nhé mọi người,sản_phẩm tốt nên mua nhé mọi người,khen_chat_luong
ok lắm nên mua,ok lắm nên mua,khen_chat_luong
chất_liệu ok i,chất_liệu ok i,khen_chat_luong
đúng với mô_tả y ep,đúng với mô_tả y ep,dung_voi_mo_ta
khá là đẹp,khá là đẹp,khen_chat_luong
sản_phẩm tốt_giống hình_ảnh,sản_phẩm tốt_giống hình_ảnh,khen_chat_luong
đúng với mô_tả đúng với hình_mẫu,đúng với mô_tả đúng với hình_mẫu,dung_voi_mo_ta
chất_lượng sản_phẩm tốt đáng mua nha sẽ ủng_hộ shop lần sau,chất_lượng sản_phẩm tốt đáng mua nha sẽ ủng_hộ shop lần sau,khen_chat_luong
vừa và dẹp lắm ạ,vừa và dẹp lắm ạ,trung_tinh
hàng ok ship e r vui_tính,hàng ok ship e r vui_tính,khen_chat_luong
hàng đúng với anh,hàng đúng với anh,trung_tinh
lần sau ủng_hộ tiếp,lần sau ủng_hộ tiếp,trung_tinh
màu_sắc đẹp đúng ảnh,màu_sắc đẹp đúng ảnh,khen_chat_luong
đúng với mô_tả khá tốt,đúng với mô_tả khá tốt,khen_chat_luong
hợp giá tiền lên mua de e r đi hoặc mua loại giá cao hơn để chất_liệu tốt hơn,hợp giá tiền lên mua de e r đi hoặc mua loại giá cao hơn để chất_liệu tốt hơn,khen_chat_luong
đúng với mô_tả chính_xác,đúng với mô_tả chính_xác,dung_voi_mo_ta
dép xinh hơn mong_đợi,dép xinh hơn mong_đợi,khen_chat_luong
chất_liệu to ot s,chất_liệu to ot s,trung_tinh
giao hàng thân_thiện sản_phẩm tuy ê t h vời,giao hàng thân_thiện sản_phẩm tuy ê t h vời,khen_giao_hang
đúng với mô_tả dung,đúng với mô_tả dung,dung_voi_mo_ta
dep đẹp lắm nha mọi người lại rẻ nữa mỗi người nên mua nhà,dep đẹp lắm nha mọi người lại rẻ nữa mỗi người nên mua nhà,khen_chat_luong
hình_ảnh ko liên_quan mấy,hình_ảnh ko liên_quan mấy,trung_tinh
chất_liệu dép,chất_liệu dép,trung_tinh
đúng với mô_tả hàng đúng mô_tả,đúng với mô_tả hàng đúng mô_tả,dung_voi_mo_ta
chất_liệu mình kbt,chất_liệu mình kbt,trung_tinh
đúng với mô_tả đúng rù ii,đúng với mô_tả đúng rù ii,dung_voi_mo_ta
chất_liệu ko biết,chất_liệu ko biết,trung_tinh
đẹp ik êm chất_lượng sản_phẩm oke đong gói cẩn_thận và đẹp giao hành nhanh,đẹp ik êm chất_lượng sản_phẩm oke đong gói cẩn_thận và đẹp giao hành nhanh,khen_chat_luong
đúng với mô_tả dép hôi lắm nha,đúng với mô_tả dép hôi lắm nha,dung_voi_mo_ta
nhưng đi nhiều chải nhiều chắc cũng hết,nhưng đi nhiều chải nhiều chắc cũng hết,khen_chat_luong
chất_liệu g h,chất_liệu g h,trung_tinh
màu_sắc g y,màu_sắc g y,trung_tinh
đúng với mô_tả ui,đúng với mô_tả ui,dung_voi_mo_ta
b huu d bi yd r x d nu vy cr bbc e s ýgh h kg t y u h b,b huu d bi yd r x d nu vy cr bbc e s ýgh h kg t y u h b,trung_tinh
chất_liệu dép đúc,chất_liệu dép đúc,trung_tinh
đẹp đi vừa chân shipper thân_thiện,đẹp đi vừa chân shipper thân_thiện,khen_chat_luong
lười chụp nên lấy ảnh đồ_ăn,lười chụp nên lấy ảnh đồ_ăn,trung_tinh
dễ bẩn nhanh bẩn ọp_ẹp hơi to,dễ bẩn nhanh bẩn ọp_ẹp hơi to,khen_giao_hang
chất_liệu cho sao,chất_liệu cho sao,trung_tinh
hàng rất ok và đẹp,hàng rất ok và đẹp,khen_chat_luong
nhân_viên giao hàng nhiệt_tình,nhân_viên giao hàng nhiệt_tình,khen_giao_hang
chất_liệu cao suu,chất_liệu cao suu,trung_tinh
màu_sắc trắng đúng với mô_tả,màu_sắc trắng đúng với mô_tả,dung_voi_mo_ta
sản_phẩm quá đẹp nha mọi người,sản_phẩm quá đẹp nha mọi người,khen_chat_luong
mình từng đặt ship nhầm tất nhưng shop hoàn vo uc he r k or ban k lại tk,mình từng đặt ship nhầm tất nhưng shop hoàn vo uc he r k or ban k lại tk,khen_giao_hang
shop p uy_tín chất_lượng lam s nha mọi người,shop p uy_tín chất_lượng lam s nha mọi người,khen_chat_luong
dép đẹp đúng với hình_mẫu nên mua nha mn,dép đẹp đúng với hình_mẫu nên mua nha mn,khen_chat_luong
giá rẻ,giá rẻ,gia_tri_gia
nhưng_mà giao lộn sie mk đặt nhưng shop giao nên hơi kích chân nhưng ko s vẫn cho shop sao,nhưng_mà giao lộn sie mk đặt nhưng shop giao nên hơi kích chân nhưng ko s vẫn cho shop sao,trung_tinh
chất_liệu nhua,chất_liệu nhua,trung_tinh
đúng với mô_tả đúng y hình,đúng với mô_tả đúng y hình,dung_voi_mo_ta
đúng với mô_tả đúng nhưng hơi méo,đúng với mô_tả đúng nhưng hơi méo,dung_voi_mo_ta
chất_liệu cao_su nma hơi mùi,chất_liệu cao_su nma hơi mùi,phan_nan_chat_luong
sẽ ủng_hộ shop lần sau nx nhé,sẽ ủng_hộ shop lần sau nx nhé,trung_tinh
thế_giới và cái kết của lãnh_đạo của đảng và nhà_nước hoa_hồng ý_kiến,thế_giới và cái kết của lãnh_đạo của đảng và nhà_nước hoa_hồng ý_kiến,trung_tinh
đúng với mô_tả cỡ dép sai đặt về nó thành,đúng với mô_tả cỡ dép sai đặt về nó thành,dung_voi_mo_ta
màu_sắc kem,màu_sắc kem,trung_tinh
săn sa le với giá k mà sợ kh gửi hàng đi nhưng dép đẹp lắm hơi nồng mùi nhựa tí,săn sa le với giá k mà sợ kh gửi hàng đi nhưng dép đẹp lắm hơi nồng mùi nhựa tí,phan_nan_chat_luong
shop giao đúng hàng săn de al nên được giá hợp_lí dép đẹp nên mua nha,shop giao đúng hàng săn de al nên được giá hợp_lí dép đẹp nên mua nha,khen_chat_luong
chất_liệu k b,chất_liệu k b,trung_tinh
ncl oki,ncl oki,khen_chat_luong
sản_phẩm đẹp hàng chất_lượng shop uy_tín_giáo hàng nhanh lắm nha,sản_phẩm đẹp hàng chất_lượng shop uy_tín_giáo hàng nhanh lắm nha,khen_chat_luong
màu_sắc xanh cốm,màu_sắc xanh cốm,trung_tinh
s ti c ke r rất xinh,s ti c ke r rất xinh,khen_chat_luong
dép om sie,dép om sie,trung_tinh
mh thích đi rộ g n hơn xíu,mh thích đi rộ g n hơn xíu,trung_tinh
hàng đẹp chất_liệu tốt nên mua,hàng đẹp chất_liệu tốt nên mua,khen_chat_luong
ship e r giao hàng nhanh,ship e r giao hàng nhanh,khen_giao_hang
màu_sắc nhắn_tin bảo shop gửi màu trắng mà shop gửi mày đen,màu_sắc nhắn_tin bảo shop gửi màu trắng mà shop gửi mày đen,trung_tinh
tài_khoản mới nên mua có k à hh shop gửi đúng sie nhưng lại không gửi đúng màu cho mình buồn hết_sức,tài_khoản mới nên mua có k à hh shop gửi đúng sie nhưng lại không gửi đúng màu cho mình buồn hết_sức,dung_voi_mo_ta
đúng với mô_tả dúng,đúng với mô_tả dúng,dung_voi_mo_ta
mình mua sản_phẩm này mình thấy ok nói_chung là cũng mềm nên mua ạ,mình mua sản_phẩm này mình thấy ok nói_chung là cũng mềm nên mua ạ,khen_chat_luong
đúng s nữa,đúng s nữa,trung_tinh
dép dẹp ổn sẽ ghé lần sau,dép dẹp ổn sẽ ghé lần sau,khen_chat_luong
và tôi đã trở_lại sau ngày sử_dụng,và tôi đã trở_lại sau ngày sử_dụng,trung_tinh
nó dễ rách lắm mọi ng ạ,nó dễ rách lắm mọi ng ạ,trung_tinh
mua chục mặc ngày rách tanh_bành rụng hết hoạ_tiết r,mua chục mặc ngày rách tanh_bành rụng hết hoạ_tiết r,trung_tinh
bình_thường ẹo be i se l q k nao n o q mn d q m r hình_ảnh mang tính_chất nhận xu,bình_thường ẹo be i se l q k nao n o q mn d q m r hình_ảnh mang tính_chất nhận xu,trung_tinh
hàng đã nhận,hàng đã nhận,trung_tinh
dép đi êm chất_liệu đẹp rất hài_lòng,dép đi êm chất_liệu đẹp rất hài_lòng,khen_chat_luong
ủng_hộ tiếp,ủng_hộ tiếp,trung_tinh
anh shipper thân_thiện lắm ạ em rất ưng,anh shipper thân_thiện lắm ạ em rất ưng,khen_giao_hang
nếu có dịp em sẽ ủng_hộ shop,nếu có dịp em sẽ ủng_hộ shop,trung_tinh
đẹp lắm m nha a mỗi_tội mới mua về có mùi cao_su hơi nồng,đẹp lắm m nha a mỗi_tội mới mua về có mùi cao_su hơi nồng,phan_nan_chat_luong
hàng ok và giao nhanh ạ,hàng ok và giao nhanh ạ,khen_chat_luong
đáng để mua,đáng để mua,trung_tinh
đúng với mô_tả đúng nhm hơi chật,đúng với mô_tả đúng nhm hơi chật,dung_voi_mo_ta
ok la xà len con ben nha nên mua nha nha nha nha,ok la xà len con ben nha nên mua nha nha nha nha,khen_chat_luong
rất đẹp xuất_sắc đi êm chân lắm lắm luân,rất đẹp xuất_sắc đi êm chân lắm lắm luân,khen_chat_luong
a bs h s v si b kan bs h s sb_son bao k sb s h,a bs h s v si b kan bs h s sb_son bao k sb s h,trung_tinh
đúng với mô_tả chắc v,đúng với mô_tả chắc v,khen_chat_luong
chất_liệu chịu,chất_liệu chịu,trung_tinh
mùi cao_su hơi có mùi nồng_nặc nhưng vs giá tiền thì cx ok,mùi cao_su hơi có mùi nồng_nặc nhưng vs giá tiền thì cx ok,phan_nan_chat_luong
màu_sắc màu trắng cx đẹp nma mik thi k màu đen hơn,màu_sắc màu trắng cx đẹp nma mik thi k màu đen hơn,khen_chat_luong
vd và hình_ảnh chỉ mang tính_chất nhận xu,vd và hình_ảnh chỉ mang tính_chất nhận xu,trung_tinh
mới mua nên mùi hơi khó ngửi nhưng dép đẹp lắm,mới mua nên mùi hơi khó ngửi nhưng dép đẹp lắm,phan_nan_chat_luong
giao hàng nhanh màu dép đẹp đóng_gói cẩn_thận đi nhẹ chân nhg mà ns to,giao hàng nhanh màu dép đẹp đóng_gói cẩn_thận đi nhẹ chân nhg mà ns to,khen_chat_luong
mua hàng hộ nên không có ảnh,mua hàng hộ nên không có ảnh,trung_tinh
mong rằng chất_lượng ok,mong rằng chất_lượng ok,khen_chat_luong
ổn á nhưng_mà cấn chỗ nào đó nhưng vẫn ổn ổn là ổn chứ vẫn ổn nó lạ lắm nhưng cũng ổn ổn vì nó ổn,ổn á nhưng_mà cấn chỗ nào đó nhưng vẫn ổn ổn là ổn chứ vẫn ổn nó lạ lắm nhưng cũng ổn ổn vì nó ổn,khen_chat_luong
chất_liệu tốt hàng đẹp đúng mẫu rất hài_lòng sẽ ủng_hộ lâu_dài hình_ảnh mang tc nhận xu,chất_liệu tốt hàng đẹp đúng mẫu rất hài_lòng sẽ ủng_hộ lâu_dài hình_ảnh mang tc nhận xu,phan_nan_giao_hang
rẻ mà đẹp mấy bạn nên mua nha,rẻ mà đẹp mấy bạn nên mua nha,khen_chat_luong
đóng_gói rất kĩ và giao hàng nhanh lắm nha,đóng_gói rất kĩ và giao hàng nhanh lắm nha,khen_giao_hang
giá rẻ nha mình mua đc giá sa le nên hời lắm đó nha mọi người nên mua,giá rẻ nha mình mua đc giá sa le nên hời lắm đó nha mọi người nên mua,de_xuat_mua
dép đẹp lắm nha nên mua a a q a a,dép đẹp lắm nha nên mua a a q a a,khen_chat_luong
dép màu đen có s ti c ke r nói_chung là đi đẹp giá rẻ cảm_ơn shop lần sau ủng_hộ tiếp,dép màu đen có s ti c ke r nói_chung là đi đẹp giá rẻ cảm_ơn shop lần sau ủng_hộ tiếp,khen_chat_luong
đẹp lắm mềm rất xinh,đẹp lắm mềm rất xinh,khen_chat_luong
hình_ảnh và vid ko liên_quan nhưng dép siêu xinh luôn ạ,hình_ảnh và vid ko liên_quan nhưng dép siêu xinh luôn ạ,khen_chat_luong
mua đc vs giá cực rẻ nhưng chọn sie ko vừa vs chân cho lắm nên hơi bùn,mua đc vs giá cực rẻ nhưng chọn sie ko vừa vs chân cho lắm nên hơi bùn,gia_tri_gia
mình đặt s mà đeo như kiểu s rom xấu nh shop đóng_gói cẩn_thận còn cho túi díp,mình đặt s mà đeo như kiểu s rom xấu nh shop đóng_gói cẩn_thận còn cho túi díp,phan_nan_chat_luong
đặt sie mà shop ship về đôi to dã_man,đặt sie mà shop ship về đôi to dã_man,khen_giao_hang
hơi thất_vọng mong shop lần sau xem_xét kĩ trước khi giao hàng,hơi thất_vọng mong shop lần sau xem_xét kĩ trước khi giao hàng,phan_nan_chat_luong
chất_liệu bền rất dễ vệ_sinh,chất_liệu bền rất dễ vệ_sinh,khen_chat_luong
đúng với mô_tả rất đúng,đúng với mô_tả rất đúng,dung_voi_mo_ta
mọi người nên mua nha,mọi người nên mua nha,de_xuat_mua
hình_ảnh video chỉ mang tính_chất nhận xu,hình_ảnh video chỉ mang tính_chất nhận xu,trung_tinh
sản_phẩm ổn sử_dụng đc,sản_phẩm ổn sử_dụng đc,khen_chat_luong
hãy chìa_khoá để_ý đến bài cuối_cùng của t có_thể là hôm_nay giảm chỉ còn lại là một trong những ngày mới hết,hãy chìa_khoá để_ý đến bài cuối_cùng của t có_thể là hôm_nay giảm chỉ còn lại là một trong những ngày mới hết,trung_tinh
hình_ảnh và video chỉ mang tính_chất minh_hoạ dép giống hình s ti c ke r dễ bụng dép cứng giá rẻ,hình_ảnh và video chỉ mang tính_chất minh_hoạ dép giống hình s ti c ke r dễ bụng dép cứng giá rẻ,dung_voi_mo_ta
dép đúng với mô_tả hàng đẹp,dép đúng với mô_tả hàng đẹp,khen_chat_luong
hình_ảnh đug với hàng được nhận nó chung rat a lq ưng dép đi nhe k trơn,hình_ảnh đug với hàng được nhận nó chung rat a lq ưng dép đi nhe k trơn,trung_tinh
đúng với mô_tả đẹp lại còn rẻ,đúng với mô_tả đẹp lại còn rẻ,khen_chat_luong
ảnh trên ko đùng app để màu tht cực_kì đẹp luôn đ cưng xỉu lần sau mik sẽ quay lại mua tiếp,ảnh trên ko đùng app để màu tht cực_kì đẹp luôn đ cưng xỉu lần sau mik sẽ quay lại mua tiếp,khen_chat_luong
quá ưng,quá ưng,trung_tinh
hàng rất đẹp và chuẩn,hàng rất đẹp và chuẩn,khen_chat_luong
giao nhanh,giao nhanh,khen_giao_hang
vừa_vặn,vừa_vặn,trung_tinh
ko bị hỏng hàng khi đến tay,ko bị hỏng hàng khi đến tay,phan_nan_chat_luong
đúng với mô_tả màu k đúng lắm,đúng với mô_tả màu k đúng lắm,dung_voi_mo_ta
xinh phết v,xinh phết v,khen_chat_luong
sản_phẩm chỉ có k nhưng rất tốt tôi đặt thì tưởng xẽ lừa_đảo nhưng rất đẹp và rẻ nữ các bạn nên mua,sản_phẩm chỉ có k nhưng rất tốt tôi đặt thì tưởng xẽ lừa_đảo nhưng rất đẹp và rẻ nữ các bạn nên mua,khen_chat_luong
dép xinh lắm mn ơi,dép xinh lắm mn ơi,khen_chat_luong
shop tư_vấn nhiệt_tình dễ_thương nữa,shop tư_vấn nhiệt_tình dễ_thương nữa,khen_dich_vu
sản_phẩm chất_lượng tốt_đẹp như hình ạ,sản_phẩm chất_lượng tốt_đẹp như hình ạ,khen_chat_luong
ok đẹp hình_ảnh mang tính_chất nhận xử,ok đẹp hình_ảnh mang tính_chất nhận xử,khen_chat_luong
chất_liệu mũ,chất_liệu mũ,trung_tinh
mới nhìn thì rộng mà mang vô vừa in,mới nhìn thì rộng mà mang vô vừa in,trung_tinh
giao nhanh và đúng vs mẫu mk đặt,giao nhanh và đúng vs mẫu mk đặt,khen_giao_hang
chấm lun ah ship pe d sao nek,chấm lun ah ship pe d sao nek,khen_giao_hang
chất_liệu b t,chất_liệu b t,trung_tinh
hình_ảnh ang tính_chất nhân x,hình_ảnh ang tính_chất nhân x,trung_tinh
giống hình_ảnh nha đẹp,giống hình_ảnh nha đẹp,khen_chat_luong
cs mùi nhựa k giống mẫu nh săn đc k quá ok,cs mùi nhựa k giống mẫu nh săn đc k quá ok,phan_nan_chat_luong
đúng với mô_tả dép giống hình đẹp lắm luôn mọi người mua thử nha,đúng với mô_tả dép giống hình đẹp lắm luôn mọi người mua thử nha,khen_chat_luong
shop pe giáo hàng nói_chuyện khó nghe,shop pe giáo hàng nói_chuyện khó nghe,gia_tri_gia
ko thân_thiện ko có cảm_tình,ko thân_thiện ko có cảm_tình,khen_dich_vu
đúng với mô_tả nên mua nka mn,đúng với mô_tả nên mua nka mn,dung_voi_mo_ta
chất_liệu xu,chất_liệu xu,trung_tinh
đúng với mô_tả dép đẹp lắm,đúng với mô_tả dép đẹp lắm,khen_chat_luong
chất_liệu đi khá là êm chân,chất_liệu đi khá là êm chân,khen_chat_luong
đẹp lắm có cả s ti c ke r nên mua thử,đẹp lắm có cả s ti c ke r nên mua thử,khen_chat_luong
đi êm chân n,đi êm chân n,khen_chat_luong
mình đặt màu đen nhưng shop lại giao màu trắng,mình đặt màu đen nhưng shop lại giao màu trắng,trung_tinh
mình săn sa le k nên cảm_thấy hàng nhận được như này là quá tuyệt rồi,mình săn sa le k nên cảm_thấy hàng nhận được như này là quá tuyệt rồi,khen_chat_luong
đúng với mô_tả giống như hình,đúng với mô_tả giống như hình,dung_voi_mo_ta
đẹp rẻ xứng_đáng để mua,đẹp rẻ xứng_đáng để mua,khen_chat_luong
quá là thất_vọng mọi người ạ e sặt đôi dép mà nó síp về hai đôi ngược nhau,quá là thất_vọng mọi người ạ e sặt đôi dép mà nó síp về hai đôi ngược nhau,phan_nan_chat_luong
dép bị lem keo ra ngoài nhưng cũng ok vì mình săn dép k,dép bị lem keo ra ngoài nhưng cũng ok vì mình săn dép k,khen_chat_luong
vẫn cho shop sao,vẫn cho shop sao,trung_tinh
đi rất êm,đi rất êm,khen_chat_luong
đúng với mô_tả trên hình,đúng với mô_tả trên hình,dung_voi_mo_ta
chất_lượng rất là tốt shipper thân_thiện hợp vs giá_cả và đóng_gói rất cẩn_thận,chất_lượng rất là tốt shipper thân_thiện hợp vs giá_cả và đóng_gói rất cẩn_thận,khen_chat_luong
sản_phẩm như hình,sản_phẩm như hình,dung_voi_mo_ta
đi êm chân,đi êm chân,khen_chat_luong
chất_liệu dẻo,chất_liệu dẻo,trung_tinh
đúng với mô_tả hơi nhỏ nm xinh nhắm,đúng với mô_tả hơi nhỏ nm xinh nhắm,khen_chat_luong
săn k hơi nhỏ nm xinh là đc,săn k hơi nhỏ nm xinh là đc,khen_chat_luong
đúng với mô tảy chang,đúng với mô tảy chang,trung_tinh
giao nhanh nhu mot con gió,giao nhanh nhu mot con gió,khen_giao_hang
dép dúng mo ta,dép dúng mo ta,trung_tinh
tuy nhien s nho qa,tuy nhien s nho qa,trung_tinh
nhích len sie thi vừa,nhích len sie thi vừa,trung_tinh
đúng với mô_tả hơi chật,đúng với mô_tả hơi chật,dung_voi_mo_ta
dép bánh_mì thì số sie có_vẻ hơi nhỏ hơn so với thực_tế nên chọn to hơn nhất số đi mới vừa chứ chọn đúng số chân thì bị chật xíu nha,dép bánh_mì thì số sie có_vẻ hơi nhỏ hơn so với thực_tế nên chọn to hơn nhất số đi mới vừa chứ chọn đúng số chân thì bị chật xíu nha,trung_tinh
mn sie thì nên đặt sie thì mang sẽ đẹp hơn đẹp nhma ship tới thì đôi dép hơi cong tí mang lâu là nó thẳng lại,mn sie thì nên đặt sie thì mang sẽ đẹp hơn đẹp nhma ship tới thì đôi dép hơi cong tí mang lâu là nó thẳng lại,phan_nan_giao_hang
đúng với mô_tả rất đẹp nha,đúng với mô_tả rất đẹp nha,khen_chat_luong
đẹp hơn t nghi lun,đẹp hơn t nghi lun,khen_chat_luong
hàng rất đẹp nhưng phần đế hơi to í,hàng rất đẹp nhưng phần đế hơi to í,khen_chat_luong
đúng với mô_tả đúng với hình shop sho,đúng với mô_tả đúng với hình shop sho,dung_voi_mo_ta
chất_liệu cao_su cứng,chất_liệu cao_su cứng,trung_tinh
đúng với mô_tả si e,đúng với mô_tả si e,dung_voi_mo_ta
sản phả m rất đẹp và rẻ nữa như hình trên nha mik mua sie vừa bn nào mún rộng xíu thì nha,sản phả m rất đẹp và rẻ nữa như hình trên nha mik mua sie vừa bn nào mún rộng xíu thì nha,khen_chat_luong
đúng với mô tảk đúng vs mô_tả,đúng với mô tảk đúng vs mô_tả,trung_tinh
dép hơi mùi hôi và mỏng,dép hơi mùi hôi và mỏng,phan_nan_chat_luong
chất_liệu rất đẹp và ưng í ạ,chất_liệu rất đẹp và ưng í ạ,khen_chat_luong
sản_phẩm vừa đẹp và êm,sản_phẩm vừa đẹp và êm,khen_chat_luong
nói_chung là ổn lắm,nói_chung là ổn lắm,khen_chat_luong
đáng để mua a,đáng để mua a,trung_tinh
sẽ ủng g hộ dài i,sẽ ủng g hộ dài i,trung_tinh
đi xinh v ch h,đi xinh v ch h,khen_chat_luong
dép cực xinh,dép cực xinh,khen_chat_luong
mình săn sa le nên được giá siêu rẻ mn nên mua nha,mình săn sa le nên được giá siêu rẻ mn nên mua nha,de_xuat_mua
giày đẹp nha,giày đẹp nha,khen_chat_luong
rất đáng tiền,rất đáng tiền,gia_tri_gia
màu đẹp cực chất_liệu cũng đẹp nữa nhưng do tui đặt sai hơi rộng,màu đẹp cực chất_liệu cũng đẹp nữa nhưng do tui đặt sai hơi rộng,khen_chat_luong
dán keo ẩu lem hết ra dép,dán keo ẩu lem hết ra dép,trung_tinh
màu_sắc trắng_tinh luôn á,màu_sắc trắng_tinh luôn á,trung_tinh
mình tưởng là mua k nên shop sẽ ko giao nhưng_mà giao hàng nhanh nha mn,mình tưởng là mua k nên shop sẽ ko giao nhưng_mà giao hàng nhanh nha mn,khen_giao_hang
dép đẹp được cái_là hơi lớn so vs chân mình,dép đẹp được cái_là hơi lớn so vs chân mình,khen_chat_luong
thứ sập giá thực_phẩm chức_năng nhanh tay lên mọi người,thứ sập giá thực_phẩm chức_năng nhanh tay lên mọi người,khen_giao_hang
xấu,xấu,phan_nan_chat_luong
đẹp đi vừa chân giao hàng nhanh nhưng hơi lỗi,đẹp đi vừa chân giao hàng nhanh nhưng hơi lỗi,phan_nan_chat_luong
sản_phẩm dùng tốt,sản_phẩm dùng tốt,khen_chat_luong
đúng với mô_tả chuẩn màu,đúng với mô_tả chuẩn màu,khen_chat_luong
hàng đẹp sẽ ủng_hộ shop,hàng đẹp sẽ ủng_hộ shop,khen_chat_luong
hình_ảnh chỉ mang tính minh_hoạ để nhận xu,hình_ảnh chỉ mang tính minh_hoạ để nhận xu,trung_tinh
đẹp ạ nhưng_mà hơi chậc xíu,đẹp ạ nhưng_mà hơi chậc xíu,khen_chat_luong
ảnh min hoạ,ảnh min hoạ,trung_tinh
chiếc bự chiếc nhỏ,chiếc bự chiếc nhỏ,trung_tinh
xin sò,xin sò,trung_tinh
chất_liệu tạm được,chất_liệu tạm được,trung_tinh
hơi thô,hơi thô,trung_tinh
go o d,go o d,trung_tinh
mua được với k,mua được với k,trung_tinh
chất_liệu dép đẹp lên rom xinh,chất_liệu dép đẹp lên rom xinh,khen_chat_luong
hình_ảnh mang tính_chất minh_hoạ,hình_ảnh mang tính_chất minh_hoạ,trung_tinh
dép siêu đẹp nha bà_con nên mua ạ,dép siêu đẹp nha bà_con nên mua ạ,khen_chat_luong
đẹp xỉu,đẹp xỉu,khen_chat_luong
quá đẹp giống_hệt với hình_ảnh,quá đẹp giống_hệt với hình_ảnh,khen_chat_luong
hàng đẹp ạ,hàng đẹp ạ,khen_chat_luong
dép đẹp lắm ạ shop giao đúng mẫu ạ giao hàng khá nhanh,dép đẹp lắm ạ shop giao đúng mẫu ạ giao hàng khá nhanh,khen_chat_luong
dép đi đẹp lắm nha siêu êm đi vừa khít luôn,dép đi đẹp lắm nha siêu êm đi vừa khít luôn,khen_chat_luong
xấu kinh_khủng,xấu kinh_khủng,phan_nan_chat_luong
dép đẹp si p pe r khó_tính giao hàng nhanh ok la hình_ảnh mang tính_chất nhận xu,dép đẹp si p pe r khó_tính giao hàng nhanh ok la hình_ảnh mang tính_chất nhận xu,khen_chat_luong
hỗ_trợ khách_hàng ko nhiệt_tình,hỗ_trợ khách_hàng ko nhiệt_tình,khen_dich_vu
hàng đẹp nha mn nên mua nhe sẽ ql vs shop lần tiếp_theo có đều sim em bị khoá_số mà kh hay kk ship gọi kh đc tự đem lại tới nhà luôn kk điểm cho anh s h pb ơ kk,hàng đẹp nha mn nên mua nhe sẽ ql vs shop lần tiếp_theo có đều sim em bị khoá_số mà kh hay kk ship gọi kh đc tự đem lại tới nhà luôn kk điểm cho anh s h pb ơ kk,khen_chat_luong
mua hai đôi giao đôi nhắn shop thù ko trả_lời lại thiếu hàng mình ko biết hỏi ai,mua hai đôi giao đôi nhắn shop thù ko trả_lời lại thiếu hàng mình ko biết hỏi ai,phan_nan_giao_hang
sản_phẩm rất đẹp chất_lượng sản_phẩm tuyệt_vời sản_phẩm rất hợp với giá tiền mọi người nên mua lần sau mình ủng_hộ shop,sản_phẩm rất đẹp chất_lượng sản_phẩm tuyệt_vời sản_phẩm rất hợp với giá tiền mọi người nên mua lần sau mình ủng_hộ shop,khen_chat_luong
nếu_mà chọn đi cho vừa chân thì nên chọn to thêm cỡ,nếu_mà chọn đi cho vừa chân thì nên chọn to thêm cỡ,khen_chat_luong
mùi dép mới hơi khó_chịu,mùi dép mới hơi khó_chịu,phan_nan_chat_luong
dép đẹp bền,dép đẹp bền,khen_chat_luong
đặt màu trăng giao màu đen chất_liệu cũng bền nhưng mấy cái hình trên dép là dán dính chứ k phải nổi,đặt màu trăng giao màu đen chất_liệu cũng bền nhưng mấy cái hình trên dép là dán dính chứ k phải nổi,khen_chat_luong
đúng với mô_tả đúng nhe,đúng với mô_tả đúng nhe,dung_voi_mo_ta
đúng với mô_tả trên cả tuyệt_vời,đúng với mô_tả trên cả tuyệt_vời,khen_chat_luong
đẹp cực luôn săn vs giá k mà tuyệt thật lần sau sẽ ủng_hộ shop,đẹp cực luôn săn vs giá k mà tuyệt thật lần sau sẽ ủng_hộ shop,khen_chat_luong
đúng với mô_tả sản_phẩm đẹp,đúng với mô_tả sản_phẩm đẹp,khen_chat_luong
chất_liệu dày,chất_liệu dày,trung_tinh
mọi người nên mua nha a,mọi người nên mua nha a,de_xuat_mua
phù_hợp đi chơi đi học,phù_hợp đi chơi đi học,trung_tinh
dép đẹp lắm nha cảm_ơn sop mình sợ dép sẽ xấu như g ko ngờ hàng về lại rất đẹp mình sẽ ũng hộ sop tiếp,dép đẹp lắm nha cảm_ơn sop mình sợ dép sẽ xấu như g ko ngờ hàng về lại rất đẹp mình sẽ ũng hộ sop tiếp,phan_nan_chat_luong
màu_sắc màu kem,màu_sắc màu kem,trung_tinh
đúng với mô_tả hơi rộng,đúng với mô_tả hơi rộng,dung_voi_mo_ta
đóng_gói đẹp,đóng_gói đẹp,khen_chat_luong
hàng rất tốt và cực_kì đẹp lun shop gói hàng rất cẩn thật tui đáng_giá sao,hàng rất tốt và cực_kì đẹp lun shop gói hàng rất cẩn thật tui đáng_giá sao,khen_chat_luong
chất_liệu như a,chất_liệu như a,trung_tinh
đúng với mô_tả y e s s,đúng với mô_tả y e s s,dung_voi_mo_ta
sp tốt gia hơp ly nhưng_mà hơi rông,sp tốt gia hơp ly nhưng_mà hơi rông,khen_chat_luong
chất_liệu dày_dặn,chất_liệu dày_dặn,trung_tinh
màu_sắc xinh,màu_sắc xinh,khen_chat_luong
đúng với mô_tả đúng như trong ảnh,đúng với mô_tả đúng như trong ảnh,dung_voi_mo_ta
thấy đẹp và xinh xỉu,thấy đẹp và xinh xỉu,khen_chat_luong
giao nhanh giao đúng lúc mik ở nhà,giao nhanh giao đúng lúc mik ở nhà,khen_giao_hang
điểm nha nên mua,điểm nha nên mua,de_xuat_mua
màu_sắc trắng be,màu_sắc trắng be,trung_tinh
đúng với mô_tả dép hơi chật chút síu nma vẫn đẹp,đúng với mô_tả dép hơi chật chút síu nma vẫn đẹp,khen_chat_luong
hơi mềm kk,hơi mềm kk,khen_chat_luong
đúng với mô_tả dép rất đẹp và ik êm,đúng với mô_tả dép rất đẹp và ik êm,khen_chat_luong
đúng với mô_tả hàng đẹp shop phục_vụ nhiệt_tình nên mình cho,đúng với mô_tả hàng đẹp shop phục_vụ nhiệt_tình nên mình cho,khen_chat_luong
chất_liệu nhựa dẻo,chất_liệu nhựa dẻo,trung_tinh
đúng với mô_tả hơi hôi mùi nhựa vừa chân,đúng với mô_tả hơi hôi mùi nhựa vừa chân,phan_nan_chat_luong
hàng pk lắm đẹp bền giao hàng nhanh mới ngày đã giao rồi,hàng pk lắm đẹp bền giao hàng nhanh mới ngày đã giao rồi,khen_chat_luong
đúng với mô_tả dép xinh lắm ạ,đúng với mô_tả dép xinh lắm ạ,khen_chat_luong
đúng với mô_tả đúng vs miêu_tả,đúng với mô_tả đúng vs miêu_tả,dung_voi_mo_ta
chất_liệu ko đẹp,chất_liệu ko đẹp,khen_chat_luong
màu_sắc b,màu_sắc b,trung_tinh
hơi xấu,hơi xấu,phan_nan_chat_luong
đúng với mô_tả đẹp đi êm nhẹ thoải_mái,đúng với mô_tả đẹp đi êm nhẹ thoải_mái,khen_chat_luong
nhu cut hàng ake ạ toàn mùi cao_su lại còn xấu nx che e ko nên mua,nhu cut hàng ake ạ toàn mùi cao_su lại còn xấu nx che e ko nên mua,phan_nan_chat_luong
màu_sắc sai,màu_sắc sai,trung_tinh
đúng với mô_tả đặt màu trắng phí hành_giả mà giáo chả đúng cả,đúng với mô_tả đặt màu trắng phí hành_giả mà giáo chả đúng cả,dung_voi_mo_ta
dép rất đẹp và rẻ sẽ ủng_hộ shop,dép rất đẹp và rẻ sẽ ủng_hộ shop,khen_chat_luong
đúng với mô_tả si e dép đặt mà giao,đúng với mô_tả si e dép đặt mà giao,dung_voi_mo_ta
chất_liệu bền,chất_liệu bền,khen_chat_luong
gửi nhầm sai nhưng nó cx đẹp,gửi nhầm sai nhưng nó cx đẹp,khen_chat_luong
chất_liệu mủ,chất_liệu mủ,trung_tinh
màu_sắc đặt đen giao trắng,màu_sắc đặt đen giao trắng,trung_tinh
đặt màu đen giao màu trắng,đặt màu đen giao màu trắng,trung_tinh
hàng y hình ok vừa túi_tiền hàng đẹp lắm lần sau sẻ ung hộ sop nửa,hàng y hình ok vừa túi_tiền hàng đẹp lắm lần sau sẻ ung hộ sop nửa,khen_chat_luong
chất_liệu mềm êm dễ mang,chất_liệu mềm êm dễ mang,khen_chat_luong
màu_sắc đ ẹo,màu_sắc đ ẹo,trung_tinh
chất_liệu giao hàng nhanh chất_lượng tốt,chất_liệu giao hàng nhanh chất_lượng tốt,khen_chat_luong
chất_liệu tot,chất_liệu tot,trung_tinh
san pham tot rat dep xin cam on,san pham tot rat dep xin cam on,trung_tinh
đúng với mô_tả si e hơi nhỏ,đúng với mô_tả si e hơi nhỏ,dung_voi_mo_ta
nói_chung là đẹp lắm,nói_chung là đẹp lắm,khen_chat_luong
chất_liệu cx khá ổn,chất_liệu cx khá ổn,khen_chat_luong
đúng với mô_tả u h hum,đúng với mô_tả u h hum,dung_voi_mo_ta
cũng khá ổn với giá tiền,cũng khá ổn với giá tiền,khen_chat_luong
mà nó có cái mùi hắc lắm cơ,mà nó có cái mùi hắc lắm cơ,phan_nan_chat_luong
lười chụp quá nên mn thông_cảm cho mik nha,lười chụp quá nên mn thông_cảm cho mik nha,trung_tinh
đúng với mô_tả rom dép đẹp mang nhẹ chân,đúng với mô_tả rom dép đẹp mang nhẹ chân,khen_chat_luong
shop rat a uy_tín ạ em đặt đơn k vẫn giao và dép rất đẹp,shop rat a uy_tín ạ em đặt đơn k vẫn giao và dép rất đẹp,khen_chat_luong
hơi có mùi cao_su,hơi có mùi cao_su,phan_nan_chat_luong
rẻ mà đẹp lại còn tốt,rẻ mà đẹp lại còn tốt,khen_chat_luong
đôi dép rất đẹp mik sẽ luôn ủng_hộ shop ạ,đôi dép rất đẹp mik sẽ luôn ủng_hộ shop ạ,khen_chat_luong
ko nhận đc hàng mà đã bảo giao hành thành_công,ko nhận đc hàng mà đã bảo giao hành thành_công,trung_tinh
shop ko chịu trách_nhiệm của đơn hàng,shop ko chịu trách_nhiệm của đơn hàng,trung_tinh
đúng với mô_tả còn đẹp hơn mô_tả,đúng với mô_tả còn đẹp hơn mô_tả,khen_chat_luong
rất đáng tiền để mua nhe e,rất đáng tiền để mua nhe e,gia_tri_gia
rất đẹp nhưng hơi chật một_tí thôi ko sao tại vì chân tôi hơi to xin cảm_ơn ạ,rất đẹp nhưng hơi chật một_tí thôi ko sao tại vì chân tôi hơi to xin cảm_ơn ạ,khen_chat_luong
đúng với mô_tả đẹp hơn trong ảnh,đúng với mô_tả đẹp hơn trong ảnh,khen_chat_luong
hơi chật ạ,hơi chật ạ,trung_tinh
chất_liệu cx đc,chất_liệu cx đc,trung_tinh
đúng với mô_tả đu,đúng với mô_tả đu,dung_voi_mo_ta
cx đc mang lên mua,cx đc mang lên mua,trung_tinh
mua màu đen gửi về máu_trắng,mua màu đen gửi về máu_trắng,trung_tinh
chất_liệu mềm_mại,chất_liệu mềm_mại,khen_chat_luong
màu_sắc chuẩn như trên hình,màu_sắc chuẩn như trên hình,khen_chat_luong
đúng với mô_tả đẹp mang thoả mái,đúng với mô_tả đẹp mang thoả mái,khen_chat_luong
đúng với mô_tả hơi hoi mùi nhựa,đúng với mô_tả hơi hoi mùi nhựa,phan_nan_chat_luong
kh đc màu đen n nhưng k như_vậy cx đc,kh đc màu đen n nhưng k như_vậy cx đc,trung_tinh
đúng với mô_tả yet,đúng với mô_tả yet,dung_voi_mo_ta
cung đc săn k qua re,cung đc săn k qua re,trung_tinh
cong cả ship là,cong cả ship là,khen_giao_hang
dd mua ngay nhe mn,dd mua ngay nhe mn,trung_tinh
chất_liệu đẹp vl,chất_liệu đẹp vl,khen_chat_luong
đúng với mô_tả đúng cm n l,đúng với mô_tả đúng cm n l,dung_voi_mo_ta
đẹp rẻ t mua có k đôi mãi yêu shop,đẹp rẻ t mua có k đôi mãi yêu shop,khen_chat_luong
dặn shop gửi màu đen,dặn shop gửi màu đen,trung_tinh
mà lấy màu trắng,mà lấy màu trắng,trung_tinh
nhưng_mà dép đẹp,nhưng_mà dép đẹp,khen_chat_luong
chất_liệu xốp cứng,chất_liệu xốp cứng,trung_tinh
đúng với mô_tả đúng mỗi_tội em đặt si de hơi bé nên hơi tiếc hàng oki ship thân_thiện iu shop,đúng với mô_tả đúng mỗi_tội em đặt si de hơi bé nên hơi tiếc hàng oki ship thân_thiện iu shop,khen_chat_luong
tuy_nhiên hơi chật chân mình sai mà mình đặt mà vẫn chật,tuy_nhiên hơi chật chân mình sai mà mình đặt mà vẫn chật,trung_tinh
chất_liệu hàng ok,chất_liệu hàng ok,khen_chat_luong
đúng với mô_tả đẹp nhưng s ti c ke r hơi dễ tróc,đúng với mô_tả đẹp nhưng s ti c ke r hơi dễ tróc,khen_chat_luong
chất_liệu khá,chất_liệu khá,trung_tinh
màu_sắc,màu_sắc,trung_tinh
tạm,tạm,trung_tinh
dép siêu đẹp luôn ạ mà giá còn rẻ nữa,dép siêu đẹp luôn ạ mà giá còn rẻ nữa,khen_chat_luong
dá vừa đủ,dá vừa đủ,trung_tinh
đúng với mô_tả chất_lượng,đúng với mô_tả chất_lượng,khen_chat_luong
đẹp quá,đẹp quá,khen_chat_luong
hàng đẹp và như hình ạ chị shipper rất dễ_thương nữa ạ,hàng đẹp và như hình ạ chị shipper rất dễ_thương nữa ạ,khen_chat_luong
màu_sắc đúng màu_sắc,màu_sắc đúng màu_sắc,dung_voi_mo_ta
đúng với mô_tả rất đẹp shop thân_thiện nữa,đúng với mô_tả rất đẹp shop thân_thiện nữa,khen_chat_luong
chất_liệu đẹp cut e,chất_liệu đẹp cut e,khen_chat_luong
đúng với mô_tả đẹp giống mẫu,đúng với mô_tả đẹp giống mẫu,khen_chat_luong
đúng với mô_tả rất đúng với mô_tả hàng đẹp chất_lượng,đúng với mô_tả rất đúng với mô_tả hàng đẹp chất_lượng,khen_chat_luong
nói_chung là rất ưng nên mua nhà mọi người mình săn được đôi này giá chỉ k thôi,nói_chung là rất ưng nên mua nhà mọi người mình săn được đôi này giá chỉ k thôi,de_xuat_mua
đúng với mô_tả giao nhanh với_lại giá_cả bình_dân nữa,đúng với mô_tả giao nhanh với_lại giá_cả bình_dân nữa,khen_giao_hang
lười nên k đánh_giá nữa,lười nên k đánh_giá nữa,gia_tri_gia
dép hơi có mùi nhưng đc đ nên rất là ok,dép hơi có mùi nhưng đc đ nên rất là ok,phan_nan_chat_luong
đã nhận hàng ok,đã nhận hàng ok,khen_chat_luong
quá rộng như cái thuyền,quá rộng như cái thuyền,trung_tinh
đẹp nha nên mua,đẹp nha nên mua,khen_chat_luong
chất_liệu tan,chất_liệu tan,trung_tinh
chất_liệu tạm,chất_liệu tạm,trung_tinh
mang êm,mang êm,khen_chat_luong
tốt quá ok ạ cảm_ơn shop p,tốt quá ok ạ cảm_ơn shop p,khen_chat_luong
anh shipper dễ_thương,anh shipper dễ_thương,khen_giao_hang
dép đi êm nhưng hơi to ạ,dép đi êm nhưng hơi to ạ,khen_chat_luong
shop giao nhầm sie,shop giao nhầm sie,trung_tinh
đã nhận,đã nhận,trung_tinh
hàng giỗ n g ảnh,hàng giỗ n g ảnh,trung_tinh
rất hài_lòng về sp,rất hài_lòng về sp,trung_tinh
vừa chân êm rễ đi,vừa chân êm rễ đi,khen_chat_luong
mình lấy cỡ mà_lại giao cỡ,mình lấy cỡ mà_lại giao cỡ,trung_tinh
đẹp lắm shop ơii,đẹp lắm shop ơii,khen_chat_luong
đẹp nên mua,đẹp nên mua,khen_chat_luong
đẹp nắm nun,đẹp nắm nun,khen_chat_luong
dép xinh,dép xinh,khen_chat_luong
tốt quá,tốt quá,khen_chat_luong
dc ok,dc ok,khen_chat_luong
màu_sắc đúng màu nhưng bị ố vàng,màu_sắc đúng màu nhưng bị ố vàng,dung_voi_mo_ta
chất_liệu dép mang êm vừa chân lắm ạ cám_ơn shop,chất_liệu dép mang êm vừa chân lắm ạ cám_ơn shop,khen_chat_luong
hàng giao nhanh đúng mô_tả,hàng giao nhanh đúng mô_tả,khen_giao_hang
đúng với mô_tả xuất_sắc xuất xắc,đúng với mô_tả xuất_sắc xuất xắc,dung_voi_mo_ta
như cc,như cc,trung_tinh
hàng chất_lượng tốt,hàng chất_lượng tốt,khen_chat_luong
tuyệt dời,tuyệt dời,khen_chat_luong
đúng với mô_tả dẻo,đúng với mô_tả dẻo,dung_voi_mo_ta
dép đẹp và rẻ ạ cho shop sao,dép đẹp và rẻ ạ cho shop sao,khen_chat_luong
đúng với mô_tả sai,đúng với mô_tả sai,dung_voi_mo_ta
chất_liệu hàng như đb,chất_liệu hàng như đb,trung_tinh
màu_sắc bệch,màu_sắc bệch,trung_tinh
xin vĩnh_biệt cụ,xin vĩnh_biệt cụ,trung_tinh
sie mà nhìn to,sie mà nhìn to,trung_tinh
hàng i hình,hàng i hình,trung_tinh
chất_liệu đẹp giao nhanh,chất_liệu đẹp giao nhanh,khen_chat_luong
rất đẹp nhé,rất đẹp nhé,khen_chat_luong
cũng được,cũng được,trung_tinh
xịn xò,xịn xò,khen_chat_luong
hàng giao nhanh dép mềm ship e r rất thân_thiện,hàng giao nhanh dép mềm ship e r rất thân_thiện,khen_chat_luong
đúng với mô_tả đẹp vừa luôn ạ,đúng với mô_tả đẹp vừa luôn ạ,khen_chat_luong
shipper hơi chiu,shipper hơi chiu,khen_giao_hang
shop giao nhầm s,shop giao nhầm s,trung_tinh
đúng với mô_tả ko giống như trong ảnh,đúng với mô_tả ko giống như trong ảnh,dung_voi_mo_ta
dep pop p lắm,dep pop p lắm,trung_tinh
tuyệt_vời ạ,tuyệt_vời ạ,khen_chat_luong
hình_ảnh mang tính_chất nhận xu sản_phẩm đẹp đúng,hình_ảnh mang tính_chất nhận xu sản_phẩm đẹp đúng,khen_chat_luong
hàng khá ok,hàng khá ok,khen_chat_luong
chất_liệu kém,chất_liệu kém,phan_nan_chat_luong
dép mua về đi đúng ngày sn rách mum im ok,dép mua về đi đúng ngày sn rách mum im ok,khen_chat_luong
cx dc,cx dc,trung_tinh
tạm ổn với giá đó,tạm ổn với giá đó,khen_chat_luong
hàng ok nên mua nàh mọi người ơi,hàng ok nên mua nàh mọi người ơi,khen_chat_luong
đúng với mô_tả hình_ảnh và video mang tính_chất nhận xu,đúng với mô_tả hình_ảnh và video mang tính_chất nhận xu,dung_voi_mo_ta
dép đẹp nha mn giao hàng nhanh,dép đẹp nha mn giao hàng nhanh,khen_chat_luong
màu_sắc phù_hợp,màu_sắc phù_hợp,trung_tinh
hàng đu,hàng đu,trung_tinh
bên giao hàng nói_chuyện thô_lỗ,bên giao hàng nói_chuyện thô_lỗ,khen_giao_hang
dép đi rất êm_đẹp,dép đi rất êm_đẹp,khen_chat_luong
mình ch có hàng sao hiện lên giao thành_công,mình ch có hàng sao hiện lên giao thành_công,trung_tinh
dép đẹp lắm luôn n,dép đẹp lắm luôn n,khen_chat_luong
tôi rất hài_lòng,tôi rất hài_lòng,trung_tinh
đúng với mô_tả được,đúng với mô_tả được,dung_voi_mo_ta
chất_liệu đẹp nha a,chất_liệu đẹp nha a,khen_chat_luong
đẹp nhưng shop giao ko đúng sie đúng màu nha,đẹp nhưng shop giao ko đúng sie đúng màu nha,khen_chat_luong
đúng mẫu_mã hàng đẹp,đúng mẫu_mã hàng đẹp,khen_chat_luong
màu m trắng sợ bẩn í,màu m trắng sợ bẩn í,trung_tinh
đúng với mô_tả shop giao sai màu,đúng với mô_tả shop giao sai màu,phan_nan_chat_luong
dép hơi chật đặt đúng sie mà chật,dép hơi chật đặt đúng sie mà chật,trung_tinh
đến bây h em vẫn chưa nhận đc hàng,đến bây h em vẫn chưa nhận đc hàng,phan_nan_giao_hang
hơi hơi rộng khá đẹp đi cx k êm mấy nên cho sao,hơi hơi rộng khá đẹp đi cx k êm mấy nên cho sao,khen_chat_luong
dép đẹp thái_độ ship e r thân_thiện,dép đẹp thái_độ ship e r thân_thiện,phan_nan_dich_vu
đẹp lắm nha mọi người nên mua,đẹp lắm nha mọi người nên mua,khen_chat_luong
mất hàng,mất hàng,phan_nan_giao_hang
chx nhận đc hàng,chx nhận đc hàng,trung_tinh
đúng như hình_ảnh shop giao rất nhanh,đúng như hình_ảnh shop giao rất nhanh,khen_giao_hang
điểm,điểm,trung_tinh
d n s xi uo d la b x co d,d n s xi uo d la b x co d,trung_tinh
cũn ok,cũn ok,khen_chat_luong
xuất_sắc lắm ạ,xuất_sắc lắm ạ,trung_tinh
dép đẹp lắm ạ i như hình,dép đẹp lắm ạ i như hình,khen_chat_luong
dép đẹp đi êm ah,dép đẹp đi êm ah,khen_chat_luong
hàng đẹp nha,hàng đẹp nha,khen_chat_luong
đúng với mô_tả tốt_đẹp,đúng với mô_tả tốt_đẹp,khen_chat_luong
ok hàng đẹp,ok hàng đẹp,khen_chat_luong
chim ưng,chim ưng,trung_tinh
trắng đẹp,trắng đẹp,khen_chat_luong
xịn lắm ln,xịn lắm ln,khen_chat_luong
chất_liệu xàm,chất_liệu xàm,trung_tinh
màu_sắc không,màu_sắc không,trung_tinh
đúng với mô_tả shop xạo vl giả_mạo không nên mua shop này mọi người ạ,đúng với mô_tả shop xạo vl giả_mạo không nên mua shop này mọi người ạ,dung_voi_mo_ta
tự_nhiên tích cái lấy hàng thành_công trong khi đó shipper chưa gọi nhận hàng lừa_đảo vcl,tự_nhiên tích cái lấy hàng thành_công trong khi đó shipper chưa gọi nhận hàng lừa_đảo vcl,khen_giao_hang
hàng tốt đeo rất thích ơn xốp vì đẹp có người thích nên tôi bán lại rôi,hàng tốt đeo rất thích ơn xốp vì đẹp có người thích nên tôi bán lại rôi,khen_chat_luong
k còn hình để chup,k còn hình để chup,trung_tinh
thông_cảm nhe d,thông_cảm nhe d,trung_tinh
ile gốc của sách luôn ấy e cần thì nói lại c nha_trang e có mua e,ile gốc của sách luôn ấy e cần thì nói lại c nha_trang e có mua e,trung_tinh
cung,cung,trung_tinh
được nha mn do săn sa le có k à gói hàng kĩ mà lúc mở ra thì thấy hơi cũ còn bị mủm vài chỗ cũng tạm đc ạ,được nha mn do săn sa le có k à gói hàng kĩ mà lúc mở ra thì thấy hơi cũ còn bị mủm vài chỗ cũng tạm đc ạ,trung_tinh
chất_lượng sản_phẩm ok khá tốt,chất_lượng sản_phẩm ok khá tốt,khen_chat_luong
mình biết đơn hàng đầu_tiên sẽ đc giảm còn k nhưng như này thì mình thấy ko bằng đc các shop khác giao đơn đ cho mình,mình biết đơn hàng đầu_tiên sẽ đc giảm còn k nhưng như này thì mình thấy ko bằng đc các shop khác giao đơn đ cho mình,trung_tinh
chất_lượng sản_phẩm tốt hơn mong_đợi,chất_lượng sản_phẩm tốt hơn mong_đợi,khen_chat_luong
chất_lượng sản_phẩm tai nghe lỏng_lẻo mong shop làm trắc hơn,chất_lượng sản_phẩm tai nghe lỏng_lẻo mong shop làm trắc hơn,khen_chat_luong
tính_năng nổi_bật bình_thường,tính_năng nổi_bật bình_thường,trung_tinh
tai nghe cách_âm tốt,tai nghe cách_âm tốt,khen_chat_luong
an của nó là cái gì cũng_nên có những thứ khác nữa chứ không phải ai,an của nó là cái gì cũng_nên có những thứ khác nữa chứ không phải ai,trung_tinh
chất_lượng sản_phẩm đẹp,chất_lượng sản_phẩm đẹp,khen_chat_luong
tính_năng nổi_bật phát sáng,tính_năng nổi_bật phát sáng,trung_tinh
cảm_ơn shop nhiều ạ,cảm_ơn shop nhiều ạ,khen_dich_vu
chất_lượng sản_phẩm mình nhận dc hàng rồi,chất_lượng sản_phẩm mình nhận dc hàng rồi,khen_chat_luong
hàng đẹp và chất_lượng rất tốt ạ,hàng đẹp và chất_lượng rất tốt ạ,khen_chat_luong
hàng ok lắm sốp,hàng ok lắm sốp,khen_chat_luong
chất lương ok,chất lương ok,khen_chat_luong
thật_sự rất ưng_ý cách làm_việc của shop,thật_sự rất ưng_ý cách làm_việc của shop,trung_tinh
chất_lượng sản_phẩm thì khỏi bàn luôn,chất_lượng sản_phẩm thì khỏi bàn luôn,khen_chat_luong
quá tuyệt_vời,quá tuyệt_vời,khen_chat_luong
tai nghe đẹp và chắc_chắn,tai nghe đẹp và chắc_chắn,khen_chat_luong
âm_thanh ổn,âm_thanh ổn,khen_chat_luong
chất_lượng tuyệt,chất_lượng tuyệt,khen_chat_luong
video mang tính_chất nhận xu,video mang tính_chất nhận xu,trung_tinh
tai nghe xinh,tai nghe xinh,khen_chat_luong
nhưng chỉ phù_hợp để đeo chơi hoặc để chụp ảnh thôi chứ đeo nghe lâu thì hơi bị đau,nhưng chỉ phù_hợp để đeo chơi hoặc để chụp ảnh thôi chứ đeo nghe lâu thì hơi bị đau,phan_nan_giao_hang
nghe êm không bị đau vành tai nữa sẽ ủng_hộ thêm lần sau nếu có dịp,nghe êm không bị đau vành tai nữa sẽ ủng_hộ thêm lần sau nếu có dịp,khen_chat_luong
giao hàng lâu nhưng dịch không_trách được,giao hàng lâu nhưng dịch không_trách được,phan_nan_giao_hang
tại nghe ổn,tại nghe ổn,khen_chat_luong
to_nhỏ được nút nguồn và bật_tắt đèn được,to_nhỏ được nút nguồn và bật_tắt đèn được,trung_tinh
nhưng nghe gọi và chuyển_đổi kênh dùng không được không biết có phải do mình nhấn sai không nhưng ấn hoài không đổi kênh được,nhưng nghe gọi và chuyển_đổi kênh dùng không được không biết có phải do mình nhấn sai không nhưng ấn hoài không đổi kênh được,trung_tinh
tai nghe nhìn cut e xỉu luôn,tai nghe nhìn cut e xỉu luôn,trung_tinh
shop phản_hồi cũng rất nhanh,shop phản_hồi cũng rất nhanh,khen_giao_hang
mình sẽ ủng_hộ tiếp,mình sẽ ủng_hộ tiếp,trung_tinh
shop đóng_gói sản_phẩm cẩn_thận lắm ạ,shop đóng_gói sản_phẩm cẩn_thận lắm ạ,khen_giao_hang
tai nghe cũng rất xinh_xắn,tai nghe cũng rất xinh_xắn,khen_chat_luong
chất_lượng xứng_đáng điểm,chất_lượng xứng_đáng điểm,khen_chat_luong
thành_ra tai phon e của mình k có dây_cáp kết_nối lap top,thành_ra tai phon e của mình k có dây_cáp kết_nối lap top,trung_tinh
mình phải mua thêm ở ngoài,mình phải mua thêm ở ngoài,khen_chat_luong
mong shop chú_ý nhé,mong shop chú_ý nhé,trung_tinh
sản_phẩm tốt sài được cmt chỉ để nhậ xu nha nhưng hàng tốt nên mua nha mọi người,sản_phẩm tốt sài được cmt chỉ để nhậ xu nha nhưng hàng tốt nên mua nha mọi người,khen_chat_luong
giao hàng thì mình ở hcm đặt từ thì giao ạ,giao hàng thì mình ở hcm đặt từ thì giao ạ,khen_giao_hang
mn nên mua thử nhé,mn nên mua thử nhé,de_xuat_mua
hàng u ki i nha rất t ưng_ý luôn n cám m,hàng u ki i nha rất t ưng_ý luôn n cám m,trung_tinh
ơnn shop p rất t nhiều u,ơnn shop p rất t nhiều u,trung_tinh
ảnh và video mang tính_chất nhận xu,ảnh và video mang tính_chất nhận xu,trung_tinh
hàng nhận về rất ưng_ý,hàng nhận về rất ưng_ý,trung_tinh
tai nghe màu hồng cut e cưng lắm ý,tai nghe màu hồng cut e cưng lắm ý,trung_tinh
đáng mua nha,đáng mua nha,gia_tri_gia
tai nghe xinh lắm luôn shop còn nhiệt_tình chỉ mk sử_dụng nxx,tai nghe xinh lắm luôn shop còn nhiệt_tình chỉ mk sử_dụng nxx,khen_chat_luong
nói_chung cũng ổn,nói_chung cũng ổn,khen_chat_luong
sản_phẩm tuyệt_vời đẹp_đẽ hay_ho tuyệt đẹp đẹp nhất hệ mặt hành_tinh của vũ_trụ ạ,sản_phẩm tuyệt_vời đẹp_đẽ hay_ho tuyệt đẹp đẹp nhất hệ mặt hành_tinh của vũ_trụ ạ,khen_chat_luong
lúc nghe blu eto ot h tai chớp đèn rất vui_mắt,lúc nghe blu eto ot h tai chớp đèn rất vui_mắt,trung_tinh
shop chăm_sóc khách_hàng với thái_độ chưa được tốt lắm còn chất_lượng sản_phẩm thì ổn,shop chăm_sóc khách_hàng với thái_độ chưa được tốt lắm còn chất_lượng sản_phẩm thì ổn,phan_nan_dich_vu
đóng_gói hàng còn móp méo,đóng_gói hàng còn móp méo,khen_giao_hang
trời_ơi cưng xỉu xỉu luôn than k s shop nhiều ạ,trời_ơi cưng xỉu xỉu luôn than k s shop nhiều ạ,trung_tinh
phon e nghe sư ớ g tai luôn shop tặg hình dán đúg tuổi của mìh luôn thích ghê,phon e nghe sư ớ g tai luôn shop tặg hình dán đúg tuổi của mìh luôn thích ghê,trung_tinh
gửi shop video dễ_thương,gửi shop video dễ_thương,trung_tinh
dây sạc và dây kết_nối với máy_tính khá là ngắn nên mua nha mọi người,dây sạc và dây kết_nối với máy_tính khá là ngắn nên mua nha mọi người,de_xuat_mua
chất_lượng rất ổn nha mọi người,chất_lượng rất ổn nha mọi người,khen_chat_luong
tai nghe xinh_xắn cut e chắc_chắn,tai nghe xinh_xắn cut e chắc_chắn,khen_chat_luong
khi nhận hàng mình chưa hề sạc mà nghe cả tiếng rưỡi chưa hết pin,khi nhận hàng mình chưa hề sạc mà nghe cả tiếng rưỡi chưa hết pin,trung_tinh
canh bao cho nhung ban co y đinh vao choi cac loai tien ao,canh bao cho nhung ban co y đinh vao choi cac loai tien ao,trung_tinh
va đay la chi gai cua e cung la nan nhan choi cai san giao dich ii ne x,va đay la chi gai cua e cung la nan nhan choi cai san giao dich ii ne x,trung_tinh
mong moi nguoi seo va chia se giup e đe nhung nguoi chua choi thi khong nen choi,mong moi nguoi seo va chia se giup e đe nhung nguoi chua choi thi khong nen choi,trung_tinh
hàng về được vài ngày rồi mà giờ mới có thời_gian đánh_giá,hàng về được vài ngày rồi mà giờ mới có thời_gian đánh_giá,gia_tri_gia
tai nghe xịn lắm luôn ạ nghe êm còn cut e với giá thế_này thì quá là chất_lượng,tai nghe xịn lắm luôn ạ nghe êm còn cut e với giá thế_này thì quá là chất_lượng,khen_chat_luong
cmu củ g k l viu x x r g c kg i g c i cur di kh ì ìcg gi it og k v gi,cmu củ g k l viu x x r g c kg i g c i cur di kh ì ìcg gi it og k v gi,trung_tinh
siêu cut e,siêu cut e,trung_tinh
hơi buồn vì shop chỉ gửi mỗi sạc thiếu dây cắm vào tai nghe,hơi buồn vì shop chỉ gửi mỗi sạc thiếu dây cắm vào tai nghe,trung_tinh
mới nhận được hàng khá ok tai nghe êm,mới nhận được hàng khá ok tai nghe êm,khen_chat_luong
hơi chễ cũng ổn mẫu_mã đẹp kg do yd o y u l lu l lu lu d ly d l h h d kh d ky s ky h k x h l x h c k v x h m h cm b x g k x kh x,hơi chễ cũng ổn mẫu_mã đẹp kg do yd o y u l lu l lu lu d ly d l h h d kh d ky s ky h k x h l x h c k v x h m h cm b x g k x kh x,khen_chat_luong
bạn nào có thắc_mắc nút tắt đèn led thì ấn vào nút cal l,bạn nào có thắc_mắc nút tắt đèn led thì ấn vào nút cal l,trung_tinh
so ciu than k s shop nhìu u se r vi c e tốt lun hi_hi hi,so ciu than k s shop nhìu u se r vi c e tốt lun hi_hi hi,khen_chat_luong
hàng như hình ạ,hàng như hình ạ,dung_voi_mo_ta
mỗi_tội của em thiếu mất dây kết_nối với máy_tính ạ,mỗi_tội của em thiếu mất dây kết_nối với máy_tính ạ,trung_tinh
hàng đúng hình,hàng đúng hình,trung_tinh
giá rẻ mà chất_lượng rất tuyệt nha a,giá rẻ mà chất_lượng rất tuyệt nha a,khen_chat_luong
mình sẽ sử_dụng thử một thời_gian,mình sẽ sử_dụng thử một thời_gian,trung_tinh
nếu ok sẽ ủng_hộ shop lần sau,nếu ok sẽ ủng_hộ shop lần sau,khen_chat_luong
e ki sb xui,e ki sb xui,trung_tinh
năm sao,năm sao,trung_tinh
giống hình,giống hình,dung_voi_mo_ta
u lai bs in si si d,u lai bs in si si d,trung_tinh
k sn si h d bis,k sn si h d bis,trung_tinh
d di sn di b di e b k d ne i sb i b do sn i,d di sn di b di e b k d ne i sb i b do sn i,trung_tinh
i di sn d chue,i di sn d chue,trung_tinh
nhưng tai nghe đẹp lắm ạ,nhưng tai nghe đẹp lắm ạ,khen_chat_luong
ok i e các bác ạ,ok i e các bác ạ,khen_chat_luong
em chưa test nhưng cảm_quan qua so với giá thì sp ok i e các bác ah,em chưa test nhưng cảm_quan qua so với giá thì sp ok i e các bác ah,khen_chat_luong
shop giao thiếu giây kết_nối âm_thanh,shop giao thiếu giây kết_nối âm_thanh,trung_tinh
giao hàng đóng_gói cẩn_thận,giao hàng đóng_gói cẩn_thận,khen_giao_hang
giá cũng oke mn nên mua,giá cũng oke mn nên mua,khen_chat_luong
phải nói là cưng g xỉu luôn nha,phải nói là cưng g xỉu luôn nha,trung_tinh
màu tím pa s tel cực xịn luôn,màu tím pa s tel cực xịn luôn,khen_chat_luong
tờ hướng_dẫn nhìn dễ hiểu nữa nên cũng không cần phiền shop,tờ hướng_dẫn nhìn dễ hiểu nữa nên cũng không cần phiền shop,trung_tinh
buổi tối tắt đèn cái là nó chóp như bar luôn nha,buổi tối tắt đèn cái là nó chóp như bar luôn nha,trung_tinh
vo lum mức thôi là nghe lớn rồi mở hết lóc thì nó như cái loa luôn á tuỳ máy và âm_thanh vẫn nhỏ hơn âm điện_thoại,vo lum mức thôi là nghe lớn rồi mở hết lóc thì nó như cái loa luôn á tuỳ máy và âm_thanh vẫn nhỏ hơn âm điện_thoại,trung_tinh
tai nghe giống y hình minh_hoạ,tai nghe giống y hình minh_hoạ,trung_tinh
tư_vấn chu_đáo,tư_vấn chu_đáo,khen_dich_vu
nghe rất êm tai,nghe rất êm tai,khen_chat_luong
đáng_giá tiền,đáng_giá tiền,gia_tri_gia
chất_lượng khá tốt,chất_lượng khá tốt,khen_chat_luong
sẽ tiếp_tục ủng_hộ,sẽ tiếp_tục ủng_hộ,trung_tinh
tai nghe ổn lắm nha a,tai nghe ổn lắm nha a,khen_chat_luong
êmm lắm,êmm lắm,khen_chat_luong
iuu shop p,iuu shop p,trung_tinh
tai nghe màu rất đẹp giống mô_tả mình chưa nghe thử chất_lượng âm_thanh,tai nghe màu rất đẹp giống mô_tả mình chưa nghe thử chất_lượng âm_thanh,khen_chat_luong
siêu đáng tiền nha cả nhà tội cái hơi nặng đầu xíu,siêu đáng tiền nha cả nhà tội cái hơi nặng đầu xíu,gia_tri_gia
nói_chung với giá này thì uc i la,nói_chung với giá này thì uc i la,gia_tri_gia
thấy cũng ổn,thấy cũng ổn,khen_chat_luong
hy_vọng xài kỹ sẽ bền vì hàng ma de in chin a,hy_vọng xài kỹ sẽ bền vì hàng ma de in chin a,khen_chat_luong
sách hướng_dẫn có tiếng anh mà cũng rườm_rà lắm,sách hướng_dẫn có tiếng anh mà cũng rườm_rà lắm,trung_tinh
phải tự mò các chức_năng,phải tự mò các chức_năng,trung_tinh
all mai ae có việc gì báo nghiệm_thu trong ngày_mai dồn lúc luôn nhé,all mai ae có việc gì báo nghiệm_thu trong ngày_mai dồn lúc luôn nhé,trung_tinh
chủ_nhật bql bận,chủ_nhật bql bận,trung_tinh
tai nghe khá là chắc_chắn,tai nghe khá là chắc_chắn,khen_chat_luong
giá k quá ổn,giá k quá ổn,khen_chat_luong
chỉ buồn cái là lúc ib hỏi shop ko trả_lời thôi,chỉ buồn cái là lúc ib hỏi shop ko trả_lời thôi,trung_tinh
nghe êm tai cực_kì,nghe êm tai cực_kì,khen_chat_luong
sao k tắt đèn được v ạ,sao k tắt đèn được v ạ,trung_tinh
êm lắm nha,êm lắm nha,khen_chat_luong
tai nghe siêu xinh h luôn nha các bác,tai nghe siêu xinh h luôn nha các bác,khen_chat_luong
mn nên mua ạ,mn nên mua ạ,de_xuat_mua
siêu siêu cut e lun ạ,siêu siêu cut e lun ạ,trung_tinh
nghe siêu êm tai,nghe siêu êm tai,khen_chat_luong
đẹp giao hàng nhanh lắm nhưng mình đặt màu hồng thì giao màu tím u lat r vì đóng đơn lên kh đổi dc màu hoc,đẹp giao hàng nhanh lắm nhưng mình đặt màu hồng thì giao màu tím u lat r vì đóng đơn lên kh đổi dc màu hoc,khen_chat_luong
tai nghe êm cực_kỳ xinh nữa,tai nghe êm cực_kỳ xinh nữa,khen_chat_luong
thích lắm luôn,thích lắm luôn,trung_tinh
âm_thanh rất tốt,âm_thanh rất tốt,khen_chat_luong
tai nghe cũng chắc_chắn,tai nghe cũng chắc_chắn,khen_chat_luong
tai nghe ổn và đẹp nha quý ị,tai nghe ổn và đẹp nha quý ị,khen_chat_luong
mỗi_tội giao thiếu dây kết_nối với máy_tính thui,mỗi_tội giao thiếu dây kết_nối với máy_tính thui,trung_tinh
tuổi_trẻ có những thứ áp_lực không ngờ khi tôi làm tốt công_việc thì cuộc_sống của bản_thân lại trở_thành một mớ hỗn_độn,tuổi_trẻ có những thứ áp_lực không ngờ khi tôi làm tốt công_việc thì cuộc_sống của bản_thân lại trở_thành một mớ hỗn_độn,khen_chat_luong
thực_hiện k khẩu_trang khử khuẩn khoảng_cách không tập_trung khai_báo y_tế để giữ an_toàn cho bạn và chúng_ta trước đại_dịch co vi d,thực_hiện k khẩu_trang khử khuẩn khoảng_cách không tập_trung khai_báo y_tế để giữ an_toàn cho bạn và chúng_ta trước đại_dịch co vi d,trung_tinh
o thắc_mắc xíu là cắm dây đỏ vô tai nghe và mn thì sẽ k sáng đèn u,o thắc_mắc xíu là cắm dây đỏ vô tai nghe và mn thì sẽ k sáng đèn u,trung_tinh
màu như hình,màu như hình,dung_voi_mo_ta
chất_lượng ban_đầu thì ok,chất_lượng ban_đầu thì ok,khen_chat_luong
sau ko biết thế_nào,sau ko biết thế_nào,trung_tinh
mua lần của shop rùi,mua lần của shop rùi,trung_tinh
sản_phẩm đẹp và cut e lắm ship hàng cũng rất nhanh,sản_phẩm đẹp và cut e lắm ship hàng cũng rất nhanh,khen_chat_luong
ai đang có ý_định mua cho mình một chiếc tai nghe thì hãy sắm luôn em này nhó iu ui uu,ai đang có ý_định mua cho mình một chiếc tai nghe thì hãy sắm luôn em này nhó iu ui uu,trung_tinh
gói hàng cẩn_thận sản_phẩm dùng ok k b lỗi giao hàng nhanh shipper nhiệt_tình,gói hàng cẩn_thận sản_phẩm dùng ok k b lỗi giao hàng nhanh shipper nhiệt_tình,phan_nan_chat_luong
tai nghe đeo lâu bị đau tai,tai nghe đeo lâu bị đau tai,phan_nan_giao_hang
nói_chung là hài_lòng với shop và sản_phẩm,nói_chung là hài_lòng với shop và sản_phẩm,trung_tinh
xinh_xẻo lắm nha bị thiếu dây aux à,xinh_xẻo lắm nha bị thiếu dây aux à,khen_chat_luong
d b di ro eu e i oi e h d b xn k q o hai h d he ge hu s mak q o h d h v r br be_be h ria ia,d b di ro eu e i oi e h d b xn k q o hai h d he ge hu s mak q o h d h v r br be_be h ria ia,trung_tinh
hàng này rất đẹp và âm_thanh rất chất_lượng pin trâu,hàng này rất đẹp và âm_thanh rất chất_lượng pin trâu,khen_chat_luong
hàng ok lam shop giao hàng rất nhanh cho sao,hàng ok lam shop giao hàng rất nhanh cho sao,khen_chat_luong
săn sa le k,săn sa le k,trung_tinh
rất ok ạ,rất ok ạ,khen_chat_luong
cảm_ơn shop nhiều,cảm_ơn shop nhiều,khen_dich_vu
tuyệt_vời luôn,tuyệt_vời luôn,khen_chat_luong
mua thì mua k mua thì mua,mua thì mua k mua thì mua,trung_tinh
tính_năng nổi_bật có_thể sử_dụng bằng cách kết_nối blu eto ot h một_cách nhanh_chóng và dễ_dàng,tính_năng nổi_bật có_thể sử_dụng bằng cách kết_nối blu eto ot h một_cách nhanh_chóng và dễ_dàng,khen_giao_hang
loa bên rè và nhỏ hơn,loa bên rè và nhỏ hơn,trung_tinh
chất_lượng sản_phẩm xu x d n d,chất_lượng sản_phẩm xu x d n d,khen_chat_luong
xin k k,xin k k,trung_tinh
nên tham_khảo,nên tham_khảo,trung_tinh
khá là được con lại thì khác hài_lòng về shop dịch_vụ trong tương_lai mình chắc_chắn sẽ ủng_hộ shop,khá là được con lại thì khác hài_lòng về shop dịch_vụ trong tương_lai mình chắc_chắn sẽ ủng_hộ shop,khen_chat_luong
đẹp lắm đúng với hình_mẫu nhưng giao hơi lâu sẽ quay lại ủng_hộ tiếp,đẹp lắm đúng với hình_mẫu nhưng giao hơi lâu sẽ quay lại ủng_hộ tiếp,phan_nan_giao_hang
chất_lượng sản_phẩm tốt êm tai rất ok,chất_lượng sản_phẩm tốt êm tai rất ok,khen_chat_luong
tính_năng nổi_bật có đèn phát sáng ở tai rất đẹp,tính_năng nổi_bật có đèn phát sáng ở tai rất đẹp,khen_chat_luong
shop ơii coi như nào ii,shop ơii coi như nào ii,trung_tinh
mình bật lên ko đc,mình bật lên ko đc,trung_tinh
hay_là hàng của shop hư rr,hay_là hàng của shop hư rr,trung_tinh
chất_lượng sản_phẩm tốt l nhe,chất_lượng sản_phẩm tốt l nhe,khen_chat_luong
hàng chất lg l mn ạ nhma thiếu mỗi dây chuyển á sẽ có lần mua nếu hàng ko b trong ngày trc mua lần đc đúng ngày dùng b gãy,hàng chất lg l mn ạ nhma thiếu mỗi dây chuyển á sẽ có lần mua nếu hàng ko b trong ngày trc mua lần đc đúng ngày dùng b gãy,trung_tinh
săn sa le nên giá rẻ,săn sa le nên giá rẻ,gia_tri_gia
ship nhanh,ship nhanh,khen_giao_hang
âm_thanh nghe khá ổn,âm_thanh nghe khá ổn,khen_chat_luong
video và ảnh chỉ mang tc nhận xu,video và ảnh chỉ mang tc nhận xu,trung_tinh
hành cx đc ổn nhưng ko như mong_đợi lắm,hành cx đc ổn nhưng ko như mong_đợi lắm,khen_chat_luong
dù mình đã nhắn nhắc shop trước là giao đủ cho mình dây nhưng vẫn bị thiếu dây nối tay nghe với máy,dù mình đã nhắn nhắc shop trước là giao đủ cho mình dây nhưng vẫn bị thiếu dây nối tay nghe với máy,trung_tinh
tai nghe ok,tai nghe ok,khen_chat_luong
vo lum e to,vo lum e to,trung_tinh
m mua vs giá k siêu bất_ngờ,m mua vs giá k siêu bất_ngờ,gia_tri_gia
mở được tắt hong được,mở được tắt hong được,trung_tinh
đẹp rồi sài tốt lắm,đẹp rồi sài tốt lắm,khen_chat_luong
dây hơi ngắn tý ạ,dây hơi ngắn tý ạ,trung_tinh
ô_kê phết,ô_kê phết,trung_tinh
duy_trì hoạt_động và hỗ_trợ cho việc phát_triển sản_phẩm tốt hơn,duy_trì hoạt_động và hỗ_trợ cho việc phát_triển sản_phẩm tốt hơn,khen_chat_luong
hỗ_trợ don loa d ti kt ok video ở định_dạng,hỗ_trợ don loa d ti kt ok video ở định_dạng,khen_chat_luong
chất_lượng sản_phẩm chưa khui nên không biết,chất_lượng sản_phẩm chưa khui nên không biết,khen_chat_luong
giao hàng nhanh mới đặt tối chủ_nhật nay đã giao rồi,giao hàng nhanh mới đặt tối chủ_nhật nay đã giao rồi,khen_giao_hang
tính_năng nổi_bật nghe rất êm,tính_năng nổi_bật nghe rất êm,khen_chat_luong
hình anh và video chỉ mang tính nhận xu hì_hì,hình anh và video chỉ mang tính nhận xu hì_hì,trung_tinh
đeo lâu khá đau tai í nma sa le còn k mà như này là quá tuỵ t r giao hàng nhanh,đeo lâu khá đau tai í nma sa le còn k mà như này là quá tuỵ t r giao hàng nhanh,phan_nan_giao_hang
chất_lượng sản_phẩm ổn n,chất_lượng sản_phẩm ổn n,khen_chat_luong
tính_năng nổi_bật ổn n,tính_năng nổi_bật ổn n,khen_chat_luong
được quá được được quá đ rất ổn nhưng_mà màu tai bị lấp_lánh khoong thể_nào tắt được,được quá được được quá đ rất ổn nhưng_mà màu tai bị lấp_lánh khoong thể_nào tắt được,khen_chat_luong
tai nghe bị trầy vài vết,tai nghe bị trầy vài vết,trung_tinh
nhìn lỏng_lẻo,nhìn lỏng_lẻo,trung_tinh
chất_lượng nghe cũng ổn,chất_lượng nghe cũng ổn,khen_chat_luong
vài chỗ bị dơ,vài chỗ bị dơ,trung_tinh
nói_chung tầm giá này thì cũng ko nên đòi_hỏi nhiều,nói_chung tầm giá này thì cũng ko nên đòi_hỏi nhiều,gia_tri_gia
nhưng bị dơ vs trầy là shop phải xem_xét lại sản_phẩm trước khi giao cho khách nha,nhưng bị dơ vs trầy là shop phải xem_xét lại sản_phẩm trước khi giao cho khách nha,trung_tinh
so hìh ảh chỉ mang tính_chất nhận xu,so hìh ảh chỉ mang tính_chất nhận xu,trung_tinh
tai nghe ngoài hơi nhỏ thì tất_cả điều oki,tai nghe ngoài hơi nhỏ thì tất_cả điều oki,khen_chat_luong
tai nghe rất hay mọi người nên mua sản_phẩm rất tốt cảm_ơn shop nhiều mọi người nên mua,tai nghe rất hay mọi người nên mua sản_phẩm rất tốt cảm_ơn shop nhiều mọi người nên mua,khen_chat_luong
tính_năng nổi_bật nghe rất sướng,tính_năng nổi_bật nghe rất sướng,trung_tinh
sp tốt,sp tốt,khen_chat_luong
hàng kém cực kém,hàng kém cực kém,phan_nan_chat_luong
miếng lót cách tai nghe rất ngắn hầu_như là khi đeo thì phần_cứng của tai nghe ép chặt rất đau,miếng lót cách tai nghe rất ngắn hầu_như là khi đeo thì phần_cứng của tai nghe ép chặt rất đau,trung_tinh
mình tưởng là ở ngoài sẽ không phát_âm nhưng phát ra âm rất to người ngoài vẫn nghe được,mình tưởng là ở ngoài sẽ không phát_âm nhưng phát ra âm rất to người ngoài vẫn nghe được,trung_tinh
đeo một lúc thôi_thì tai đau lắm rồi,đeo một lúc thôi_thì tai đau lắm rồi,trung_tinh
hàng này làm mình quá thất_vọng,hàng này làm mình quá thất_vọng,phan_nan_chat_luong
chất_lượng sản_phẩm nhuc c,chất_lượng sản_phẩm nhuc c,khen_chat_luong
sản_phẩm đẹp nhưng tai nghe kh dây mà kh kết_nối kh bật nghe đc,sản_phẩm đẹp nhưng tai nghe kh dây mà kh kết_nối kh bật nghe đc,khen_chat_luong
chất_lượng sản_phẩm chưa dùng thử v,chất_lượng sản_phẩm chưa dùng thử v,khen_chat_luong
tính_năng nổi_bật giống mô_tả,tính_năng nổi_bật giống mô_tả,trung_tinh
tính_năng nổi_bật khong biếc,tính_năng nổi_bật khong biếc,trung_tinh
chất_lượng sản_phẩm đẹp p,chất_lượng sản_phẩm đẹp p,khen_chat_luong
đẹp nhe mí má pin trâu nên mua a nhe e,đẹp nhe mí má pin trâu nên mua a nhe e,khen_chat_luong
tính_năng nổi_bật nghe khá bắt tai,tính_năng nổi_bật nghe khá bắt tai,trung_tinh
k biết sài đc lâu k nhưng với giá tiền này thì cx ok rồi,k biết sài đc lâu k nhưng với giá tiền này thì cx ok rồi,phan_nan_giao_hang
chất_lượng sản_phẩm hiện_tại vẫn ok,chất_lượng sản_phẩm hiện_tại vẫn ok,khen_chat_luong
chất_lượng sản_phẩm điểm,chất_lượng sản_phẩm điểm,khen_chat_luong
tuyệt_vời là tính từ mà tôi sẽ dành cho sản_phẩm này,tuyệt_vời là tính từ mà tôi sẽ dành cho sản_phẩm này,khen_chat_luong
từ khâu đặt_hàng đến nhận hàng tôi đều rất ưng_ý,từ khâu đặt_hàng đến nhận hàng tôi đều rất ưng_ý,trung_tinh
thời_gian test độ bền của tai nghe còn tuỳ nên tôi sẽ quay lại re vi e thêm,thời_gian test độ bền của tai nghe còn tuỳ nên tôi sẽ quay lại re vi e thêm,khen_chat_luong
sản_phẩm tốt lắm ạ chất_lượng giao lại rất nhanh chủ shop thân_thiện rep tin nhắn rất nhanh chắc_chắn lần sau mình sẽ quay lại i lo ve you shop,sản_phẩm tốt lắm ạ chất_lượng giao lại rất nhanh chủ shop thân_thiện rep tin nhắn rất nhanh chắc_chắn lần sau mình sẽ quay lại i lo ve you shop,khen_chat_luong
tính_năng nổi_bật ổn lun,tính_năng nổi_bật ổn lun,khen_chat_luong
màu_sắc tai nghe đẹp,màu_sắc tai nghe đẹp,khen_chat_luong
có điểm trừ là tai nghe bị dính bẩn tuy ko nhiều,có điểm trừ là tai nghe bị dính bẩn tuy ko nhiều,trung_tinh
em ko cần đổi trả hàng vì vết bẩn nhỏ như mục ruồi âu tuy em đã báo việc này vs shop,em ko cần đổi trả hàng vì vết bẩn nhỏ như mục ruồi âu tuy em đã báo việc này vs shop,trung_tinh
cảm_ơn shop rất nhiều về độ uy_tín ha_ha,cảm_ơn shop rất nhiều về độ uy_tín ha_ha,khen_dich_vu
tai nghe đẹp,tai nghe đẹp,khen_chat_luong
nghe thấy êm tai,nghe thấy êm tai,khen_chat_luong
chất_lượng sản_phẩm tốt t,chất_lượng sản_phẩm tốt t,khen_chat_luong
tính_năng nổi_bật có đèn nhấp_nháy nì,tính_năng nổi_bật có đèn nhấp_nháy nì,trung_tinh
đẹp cả cut ii xỉu,đẹp cả cut ii xỉu,khen_chat_luong
máy_tính và phương_tiện chỉ có_thể thể_hiện hai trạng_thái hoặc điều_kiện,máy_tính và phương_tiện chỉ có_thể thể_hiện hai trạng_thái hoặc điều_kiện,trung_tinh
lưu mã dùng luôn tại ht tp s shop e,lưu mã dùng luôn tại ht tp s shop e,trung_tinh
e ep ag g ty,e ep ag g ty,trung_tinh
mua mã kđ áp kèm chỉ k tại ht tp s,mua mã kđ áp kèm chỉ k tại ht tp s,trung_tinh
ac e bo ok,ac e bo ok,khen_chat_luong
com em be vo uc he r,com em be vo uc he r,trung_tinh
tính_năng nổi_bật nghe đc,tính_năng nổi_bật nghe đc,trung_tinh
tốt nhất rẻ đánh_giá nhận xu ảnh minh_hoạ nên mua rẻ nhất thị_trường hiện_nay với giá k ko bàng cải nhiều,tốt nhất rẻ đánh_giá nhận xu ảnh minh_hoạ nên mua rẻ nhất thị_trường hiện_nay với giá k ko bàng cải nhiều,khen_chat_luong
cho shop sao vì giao hàng nhanh nữa,cho shop sao vì giao hàng nhanh nữa,khen_giao_hang
chất_lượng sản_phẩm đúng,chất_lượng sản_phẩm đúng,khen_chat_luong
tính_năng nổi_bật nghe rõ và to,tính_năng nổi_bật nghe rõ và to,trung_tinh
giao hàng nhanh giá rẻ mỗi_tội bị mất nắp ở chỗ tai shop phục_vụ nhiệt_tình,giao hàng nhanh giá rẻ mỗi_tội bị mất nắp ở chỗ tai shop phục_vụ nhiệt_tình,khen_giao_hang
hàng rất là ok tuyệt_vời ông mặt_trời mặt_trăng rất là s ứng đáng với số tiền,hàng rất là ok tuyệt_vời ông mặt_trời mặt_trăng rất là s ứng đáng với số tiền,khen_chat_luong
giao hàng nhanh mua của shop nhìu lần rồi rất ưng_ý với sản_phẩm,giao hàng nhanh mua của shop nhìu lần rồi rất ưng_ý với sản_phẩm,khen_giao_hang
đ mk săn dc k mà tuyệt như này xịn shop thân_thiện ship pơ thận thiện dễ gần k có gì để chê,đ mk săn dc k mà tuyệt như này xịn shop thân_thiện ship pơ thận thiện dễ gần k có gì để chê,khen_chat_luong
tính_năng nổi_bật ok i,tính_năng nổi_bật ok i,khen_chat_luong
chất_lượng sản_phẩm d deh p,chất_lượng sản_phẩm d deh p,khen_chat_luong
bé gì đó ơi chị nói em nghe nè,bé gì đó ơi chị nói em nghe nè,trung_tinh
cl an bên chị méo có đụng bên cl an bên em,cl an bên chị méo có đụng bên cl an bên em,trung_tinh
mà em đi nch bên cl an bên chị rác chị nói em nghe cái mặt,mà em đi nch bên cl an bên chị rác chị nói em nghe cái mặt,trung_tinh
em chắc gì sạch bằng cl an bên chị nhất cái miệng,em chắc gì sạch bằng cl an bên chị nhất cái miệng,khen_chat_luong
em đó em thích cái gì nhắn thẳng ae cl an chị nè đi nói_xấu sau lưng ae cl an bên chị chi vậy,em đó em thích cái gì nhắn thẳng ae cl an chị nè đi nói_xấu sau lưng ae cl an bên chị chi vậy,phan_nan_chat_luong
chắc không cùng đẳng_cấp nên chỉ rén sau lưng,chắc không cùng đẳng_cấp nên chỉ rén sau lưng,khen_chat_luong
tai nghe đẹp đúng màu đúng mẫu nghe tốt,tai nghe đẹp đúng màu đúng mẫu nghe tốt,khen_chat_luong
chất_lượng sản_phẩm tốt so với tầm giá,chất_lượng sản_phẩm tốt so với tầm giá,khen_chat_luong
tính_năng nổi_bật ba s s ổn,tính_năng nổi_bật ba s s ổn,khen_chat_luong
rẻ nhưng_mà chất_lượng,rẻ nhưng_mà chất_lượng,khen_chat_luong
lúc đầu thấy,lúc đầu thấy,trung_tinh
đ mua được tai nghe kết_nối được blu eto ot h,đ mua được tai nghe kết_nối được blu eto ot h,trung_tinh
xinh lắm shop ơi vừa nghe hay lại còn đẹp nữa mỗi_tội đeo lâu chút hơi đau tai ạ,xinh lắm shop ơi vừa nghe hay lại còn đẹp nữa mỗi_tội đeo lâu chút hơi đau tai ạ,phan_nan_giao_hang
chất_lượng rất tốt và đẹp mọi người ủng_hộ shop nhé,chất_lượng rất tốt và đẹp mọi người ủng_hộ shop nhé,khen_chat_luong
tính_năng nổi_bật on e ar he ad phon e to mu sic,tính_năng nổi_bật on e ar he ad phon e to mu sic,trung_tinh
chất_lượng sản_phẩm ni c e,chất_lượng sản_phẩm ni c e,khen_chat_luong
p ri c e qua lit y,p ri c e qua lit y,trung_tinh
phù hợi với mức giá hàng ok nha mn,phù hợi với mức giá hàng ok nha mn,khen_chat_luong
chất_lượng sản_phẩm được,chất_lượng sản_phẩm được,khen_chat_luong
tính_năng nổi_bật được,tính_năng nổi_bật được,trung_tinh
vậy cũng không phải ai khác chính_xác hơn thì có_lẽ là một người_mẫu này là của ai cả đâu mà nói thật chứ mình không có tiền_án,vậy cũng không phải ai khác chính_xác hơn thì có_lẽ là một người_mẫu này là của ai cả đâu mà nói thật chứ mình không có tiền_án,trung_tinh
ổn nma k bt cách kết_nối đang chờ shop rep ship e r quen_mặt r khỏi chê,ổn nma k bt cách kết_nối đang chờ shop rep ship e r quen_mặt r khỏi chê,khen_chat_luong
sản phẩn nên mua nha mn,sản phẩn nên mua nha mn,de_xuat_mua
xinh lám luôn ý,xinh lám luôn ý,khen_chat_luong
phần âm_thanh tai nghe khá ổn so với giá tiền nhma phần mic của tai nghe thì có vẻ hơi rè và khó nghe,phần âm_thanh tai nghe khá ổn so với giá tiền nhma phần mic của tai nghe thì có vẻ hơi rè và khó nghe,khen_chat_luong
mng có_thể sd mic trực_tiếp từ lap top vẫn oke í,mng có_thể sd mic trực_tiếp từ lap top vẫn oke í,khen_chat_luong
mua thêm cái thứ vẫn quá ứng ý,mua thêm cái thứ vẫn quá ứng ý,khen_chat_luong
tai bề bền bửa nhúng nước mà vẫn sài được,tai bề bền bửa nhúng nước mà vẫn sài được,khen_chat_luong
giao đủ cho mình nhìn xinh lắm lun có_điều hơi to quá so với mình ha_ha,giao đủ cho mình nhìn xinh lắm lun có_điều hơi to quá so với mình ha_ha,khen_chat_luong
đồ rất là ưng_ý và giao hơi lâu nhưng đồ rất_chi_là xịn xò và đẹp như trong ảnh và âm_thanh lại càng sang xịn mịn hình_ảnh ko liên_quan lắm,đồ rất là ưng_ý và giao hơi lâu nhưng đồ rất_chi_là xịn xò và đẹp như trong ảnh và âm_thanh lại càng sang xịn mịn hình_ảnh ko liên_quan lắm,phan_nan_giao_hang
hàng được đóng_gói cẩn_thận nhìn rất xịn xò luôn ấy nên mua mọi người ạ,hàng được đóng_gói cẩn_thận nhìn rất xịn xò luôn ấy nên mua mọi người ạ,khen_chat_luong
nên mua nha mn,nên mua nha mn,de_xuat_mua
giá cũng rẻ nữa nói_chung là oke la lắm,giá cũng rẻ nữa nói_chung là oke la lắm,khen_chat_luong
ban_đầu hàng có bị lỗi nhưng shop rất nhiệt_tình giúp mình đổi lại cái mới,ban_đầu hàng có bị lỗi nhưng shop rất nhiệt_tình giúp mình đổi lại cái mới,phan_nan_chat_luong
mình mua về không sạc đeo chơi gam e h liền mà vẫn chưa thấy hết pin,mình mua về không sạc đeo chơi gam e h liền mà vẫn chưa thấy hết pin,trung_tinh
nhận hàng rất nhanh chỉ mới ngày mà đã nhận được hàng,nhận hàng rất nhanh chỉ mới ngày mà đã nhận được hàng,khen_giao_hang
sản_phẩm giống hình nhưng shop giao thiếu dây kết_nối tai nghe với lap top,sản_phẩm giống hình nhưng shop giao thiếu dây kết_nối tai nghe với lap top,dung_voi_mo_ta
tính_năng nổi_bật phát sá đt n g nghe tốt,tính_năng nổi_bật phát sá đt n g nghe tốt,khen_chat_luong
chất_lượng sản_phẩm g hg,chất_lượng sản_phẩm g hg,khen_chat_luong
chất_lượng sản_phẩm bình_thường,chất_lượng sản_phẩm bình_thường,khen_chat_luong
tai nghe bị de lay nghe bị chậm chất_lượng âm_thanh thì to trong thì không thấy,tai nghe bị de lay nghe bị chậm chất_lượng âm_thanh thì to trong thì không thấy,khen_chat_luong
chất_lượng sản_phẩm khá ổn,chất_lượng sản_phẩm khá ổn,khen_chat_luong
chất_lượng âm_thanh khá ổn,chất_lượng âm_thanh khá ổn,khen_chat_luong
thời_gian sạc tầm tiếng là đầy,thời_gian sạc tầm tiếng là đầy,trung_tinh
phù_hợp với giá tiền,phù_hợp với giá tiền,gia_tri_gia
mới về test thì nghe được cả tai,mới về test thì nghe được cả tai,trung_tinh
không biết dùng tim e sau có sao không,không biết dùng tim e sau có sao không,trung_tinh
sp có tr â ỳ xước đôi chỗ,sp có tr â ỳ xước đôi chỗ,trung_tinh
mua với giá đ nên như này cũng khá ổn,mua với giá đ nên như này cũng khá ổn,khen_chat_luong
tính_năng nổi_bật le d rgb,tính_năng nổi_bật le d rgb,trung_tinh
chất_lượng quá tốt so với giá tiền,chất_lượng quá tốt so với giá tiền,khen_chat_luong
shop nhiệt_tình phục_vụ,shop nhiệt_tình phục_vụ,khen_dich_vu
yêu shop,yêu shop,trung_tinh
sản_phẩm tốt nhưng vận_chuyển đóng_gói sản_phẩm kém làm sản_phẩm trong quá trinh d vận_chuyển bị móp méo,sản_phẩm tốt nhưng vận_chuyển đóng_gói sản_phẩm kém làm sản_phẩm trong quá trinh d vận_chuyển bị móp méo,phan_nan_chat_luong
chất_lượng sản_phẩm khá tốt,chất_lượng sản_phẩm khá tốt,khen_chat_luong
tính_năng nổi_bật nhỏ,tính_năng nổi_bật nhỏ,trung_tinh
hen tai kim oc hi dam at e ku da say á á á_kim oc hi kim oc hi,hen tai kim oc hi dam at e ku da say á á á_kim oc hi kim oc hi,trung_tinh
chất_lượng sản_phẩm t to ot,chất_lượng sản_phẩm t to ot,khen_chat_luong
sản_phẩm tôt còn về am thanh to dùng được lâu ko thì chưa rõ,sản_phẩm tôt còn về am thanh to dùng được lâu ko thì chưa rõ,phan_nan_giao_hang
đẹp và sang,đẹp và sang,khen_chat_luong
màu hồng có sạc,màu hồng có sạc,trung_tinh
giao hàng không bị méo,giao hàng không bị méo,khen_giao_hang
giáo_dục và đào_tạo r ạ được k ạ em lượn sóng_gió của con gái hhk,giáo_dục và đào_tạo r ạ được k ạ em lượn sóng_gió của con gái hhk,gia_tri_gia
tính_năng nổi_bật âm_thanh đỉnh,tính_năng nổi_bật âm_thanh đỉnh,trung_tinh
sài ok,sài ok,khen_chat_luong
hình ẩn h n g tinh_chất nhận su,hình ẩn h n g tinh_chất nhận su,trung_tinh
s d ke sk kns ss,s d ke sk kns ss,trung_tinh
mk đặt màu xanh lá mà shop lại giao cho màu xanh dương,mk đặt màu xanh lá mà shop lại giao cho màu xanh dương,trung_tinh
tai nghe bị sứt_mẻ,tai nghe bị sứt_mẻ,trung_tinh
shop đóng_gói cẩn_thận nữa,shop đóng_gói cẩn_thận nữa,khen_giao_hang
tặng shop sao,tặng shop sao,trung_tinh
chất_lượng sản_phẩm xịn xò,chất_lượng sản_phẩm xịn xò,khen_chat_luong
quả tại nghe xịn xò con bò đợi mãi shop mới sa le,quả tại nghe xịn xò con bò đợi mãi shop mới sa le,khen_chat_luong
sp ok lắm nha mua lâu r mà giờ mới đáng_giá nè màu cx đẹp nghe êm ko rè hay cả có tặng kèm dây sạc,sp ok lắm nha mua lâu r mà giờ mới đáng_giá nè màu cx đẹp nghe êm ko rè hay cả có tặng kèm dây sạc,phan_nan_giao_hang
tính_năng nổi_bật sáng,tính_năng nổi_bật sáng,trung_tinh
tai nghe xịn quá_trời ưi,tai nghe xịn quá_trời ưi,khen_chat_luong
hoàn_hảo luôn,hoàn_hảo luôn,trung_tinh
nhưng_mà đeo lâu đau tai ạ,nhưng_mà đeo lâu đau tai ạ,phan_nan_giao_hang
cảm_ơn shop nhìu,cảm_ơn shop nhìu,khen_dich_vu
tính_năng nổi_bật đèn rất dễ_thương,tính_năng nổi_bật đèn rất dễ_thương,trung_tinh
chất_lượng sản_phẩm ok giống mô_tả,chất_lượng sản_phẩm ok giống mô_tả,khen_chat_luong
yk hình,yk hình,trung_tinh
shop giao nhanh lắm ạ,shop giao nhanh lắm ạ,khen_giao_hang
k tin săn k cái tai phon e này luôn ắ trùi,k tin săn k cái tai phon e này luôn ắ trùi,trung_tinh
ship e r giao hàng dễ_thương lắm nka,ship e r giao hàng dễ_thương lắm nka,khen_giao_hang
hàng đúng với hình,hàng đúng với hình,trung_tinh
chất_lượng hàng tốt gọn_gàng,chất_lượng hàng tốt gọn_gàng,khen_chat_luong
giao hàng và đóng_gói sản_phẩm rất tốt không cần chờ lâu,giao hàng và đóng_gói sản_phẩm rất tốt không cần chờ lâu,phan_nan_giao_hang
đây đúng là sự lựa_chọn tuyệt_vời khi mua ở shop này,đây đúng là sự lựa_chọn tuyệt_vời khi mua ở shop này,khen_chat_luong
tính_năng nổi_bật giao hàng nhanh có k nên ổn_áp nhé,tính_năng nổi_bật giao hàng nhanh có k nên ổn_áp nhé,khen_chat_luong
khá ok ki,khá ok ki,khen_chat_luong
tuyệt_vời nhé,tuyệt_vời nhé,khen_chat_luong
mn nên tin_tưởng shop này nha,mn nên tin_tưởng shop này nha,trung_tinh
sản_phẩm rất tốt xứng_đáng sao,sản_phẩm rất tốt xứng_đáng sao,khen_chat_luong
giao hàng sai màu và k có cáp chuyển_đổi nhưng_mà săn sa le nên cx ok,giao hàng sai màu và k có cáp chuyển_đổi nhưng_mà săn sa le nên cx ok,phan_nan_chat_luong
chất_lượng sản_phẩm chất_lượng quá tệ,chất_lượng sản_phẩm chất_lượng quá tệ,phan_nan_chat_luong
chất_lượng sản_phẩm tai nghe k dây,chất_lượng sản_phẩm tai nghe k dây,khen_chat_luong
nên mua nha nha mọi người,nên mua nha nha mọi người,de_xuat_mua
tính_năng nổi_bật đen,tính_năng nổi_bật đen,trung_tinh
đóng_gói an_toàn và cẩn_thận chất_lượng nx,đóng_gói an_toàn và cẩn_thận chất_lượng nx,khen_chat_luong
tính_năng nổi_bật không biết,tính_năng nổi_bật không biết,trung_tinh
giao hàng nhanh đẹp đáng mua,giao hàng nhanh đẹp đáng mua,khen_chat_luong
tính_năng nổi_bật âm_thanh rõ,tính_năng nổi_bật âm_thanh rõ,trung_tinh
chất_lượng sản_phẩm go o d,chất_lượng sản_phẩm go o d,khen_chat_luong
sài ok lắm mn ơi nên mua,sài ok lắm mn ơi nên mua,khen_chat_luong
chất_lượng sản_phẩm hàng ok,chất_lượng sản_phẩm hàng ok,khen_chat_luong
tính_năng nổi_bật sáng đèn tai mèo,tính_năng nổi_bật sáng đèn tai mèo,trung_tinh
chất_lượng sản_phẩm rất tốt,chất_lượng sản_phẩm rất tốt,khen_chat_luong
tốt nên mua,tốt nên mua,khen_chat_luong
hàng em đã nhận được rồi chúc shop làm_ăn phát_đạt phát_tài cảm_ơn shop nhé,hàng em đã nhận được rồi chúc shop làm_ăn phát_đạt phát_tài cảm_ơn shop nhé,khen_dich_vu
tạ nghe nghe tốt còn đẹp tôi đánh_giá là khá tốt ai định mua thì mua đi,tạ nghe nghe tốt còn đẹp tôi đánh_giá là khá tốt ai định mua thì mua đi,khen_chat_luong
đã mua lần cái đều bị trầy và dơ,đã mua lần cái đều bị trầy và dơ,trung_tinh
sản_phẩm kém chất_lượng,sản_phẩm kém chất_lượng,phan_nan_chat_luong
chất_lượng sản_phẩm đẹp hàng đóng_gói kỉ giao hàng nhanh,chất_lượng sản_phẩm đẹp hàng đóng_gói kỉ giao hàng nhanh,khen_chat_luong
k cũng hạt_dẻ nghe cũng ok,k cũng hạt_dẻ nghe cũng ok,khen_chat_luong
sản_phẩm bị gãy r shop ơi vừa nhận vào khui hàng thì thấy gãy,sản_phẩm bị gãy r shop ơi vừa nhận vào khui hàng thì thấy gãy,trung_tinh
chất_lượng tốt đúng mẫu,chất_lượng tốt đúng mẫu,khen_chat_luong
k vậy đc rồi nhưng hàng ko chất_lượng nên suy_nghĩ trc khi mua,k vậy đc rồi nhưng hàng ko chất_lượng nên suy_nghĩ trc khi mua,khen_chat_luong
tính_năng nổi_bật đèn tai mèo đẹp,tính_năng nổi_bật đèn tai mèo đẹp,khen_chat_luong
quá đỉnh cả nhà ơi êm tai đẹp mà giá còn bèo nữa,quá đỉnh cả nhà ơi êm tai đẹp mà giá còn bèo nữa,khen_chat_luong
tính_năng nổi_bật âm_thanh tốt,tính_năng nổi_bật âm_thanh tốt,khen_chat_luong
hàng dùng ô cê lắm,hàng dùng ô cê lắm,trung_tinh
mới lần đầu sài tưởng bị hư shop chỉ_dẫn tận_tình chu_đáo sản_phẩm đẹp săn sa le nên được giá tốt nói_chung là xứng_đáng sao,mới lần đầu sài tưởng bị hư shop chỉ_dẫn tận_tình chu_đáo sản_phẩm đẹp săn sa le nên được giá tốt nói_chung là xứng_đáng sao,khen_chat_luong
rất tốt nhưng hơi nhỏ nhe,rất tốt nhưng hơi nhỏ nhe,khen_chat_luong
mới đặt_hàng hôm trước mà nay lại nhận được rồi quá_ư là thích luôn,mới đặt_hàng hôm trước mà nay lại nhận được rồi quá_ư là thích luôn,trung_tinh
âm_thanh hơi bị đỉnh đấy,âm_thanh hơi bị đỉnh đấy,trung_tinh
các chị các em có đam_mê chơi gam e thì đặt đi nha,các chị các em có đam_mê chơi gam e thì đặt đi nha,trung_tinh
mình là săn sa le k mới sở_hữu được em nó mặc_dù màu của nó không được ăn_ý nhưng chất_lượng vẫn đảm_bảo nên chị_em mình cứ yên_tâm không phí tiền,mình là săn sa le k mới sở_hữu được em nó mặc_dù màu của nó không được ăn_ý nhưng chất_lượng vẫn đảm_bảo nên chị_em mình cứ yên_tâm không phí tiền,khen_chat_luong
video and hình_ảnh mang tính_chất upp lên để nhận xuu,video and hình_ảnh mang tính_chất upp lên để nhận xuu,trung_tinh
chất_lượng sản_phẩm d c,chất_lượng sản_phẩm d c,khen_chat_luong
tính_năng nổi_bật hay,tính_năng nổi_bật hay,trung_tinh
xứng_đáng để mua sử_dụng,xứng_đáng để mua sử_dụng,trung_tinh
hàng giống trong ảnh nha shop lúc_nào mình mua tiếp ạ,hàng giống trong ảnh nha shop lúc_nào mình mua tiếp ạ,de_xuat_mua
tai nghe oki có đèn led đẹp hàng giao nhanh shop còn tương vấn nhiệt_tình nữa oki,tai nghe oki có đèn led đẹp hàng giao nhanh shop còn tương vấn nhiệt_tình nữa oki,khen_chat_luong
sản_phẩm khá được giao hàng nhanh có đồ sạc đầy_đủ nhưng_mà khi đeo hơi đau tai,sản_phẩm khá được giao hàng nhanh có đồ sạc đầy_đủ nhưng_mà khi đeo hơi đau tai,khen_giao_hang
chờ i ơi chờ mãi mới về,chờ i ơi chờ mãi mới về,trung_tinh
cut e xĩu luôn,cut e xĩu luôn,trung_tinh
tuy là giao hàng hộp về hơi méo nhưng chất_lượng thì đỉnh lắm nha,tuy là giao hàng hộp về hơi méo nhưng chất_lượng thì đỉnh lắm nha,khen_chat_luong
sản_phẩm y hình,sản_phẩm y hình,trung_tinh
điểm duy_nhất,điểm duy_nhất,trung_tinh
thiếu dây đỏ như hình,thiếu dây đỏ như hình,dung_voi_mo_ta
hàng rất chi so cut e,hàng rất chi so cut e,trung_tinh
nghe rất êm tai mỗi_tội thiếu dây kết_nối với máy_tính thôi ạ,nghe rất êm tai mỗi_tội thiếu dây kết_nối với máy_tính thôi ạ,khen_chat_luong
tính_năng nổi_bật nghe được,tính_năng nổi_bật nghe được,trung_tinh
nghe ổn với k thì không đòi_hỏi quá nhiều về chất_lượng,nghe ổn với k thì không đòi_hỏi quá nhiều về chất_lượng,khen_chat_luong
chất_lượng sản_phẩm rất ok,chất_lượng sản_phẩm rất ok,khen_chat_luong
tính_năng nổi_bật cs đèn,tính_năng nổi_bật cs đèn,trung_tinh
tính_năng nổi_bật ok r,tính_năng nổi_bật ok r,khen_chat_luong
hàng k sài tốt,hàng k sài tốt,khen_chat_luong
video và ảnh để nhận xu,video và ảnh để nhận xu,trung_tinh
âm_thanh rõ nét đep,âm_thanh rõ nét đep,trung_tinh
chất_lượng tố,chất_lượng tố,khen_chat_luong
xinh lắm mn nên mua,xinh lắm mn nên mua,khen_chat_luong
hay đẹp,hay đẹp,khen_chat_luong
hàng còn nguyên hộp,hàng còn nguyên hộp,trung_tinh
đèn led nhấp_nháy đấy đủ cả,đèn led nhấp_nháy đấy đủ cả,trung_tinh
với giá_như này thì chất_lượng đỉnh lắm rồi,với giá_như này thì chất_lượng đỉnh lắm rồi,khen_chat_luong
shop cũng phục_vụ chu_đáo lắm ạ,shop cũng phục_vụ chu_đáo lắm ạ,khen_dich_vu
xứng_đáng dc đ,xứng_đáng dc đ,trung_tinh
sẽ ủng_hộ shop nữa,sẽ ủng_hộ shop nữa,trung_tinh
nói_chung giá tiền như_vậy là quá oke,nói_chung giá tiền như_vậy là quá oke,khen_chat_luong
nghe hay_hay,nghe hay_hay,trung_tinh
nhìn cut e phô_mai i,nhìn cut e phô_mai i,trung_tinh
bán đắt nha shop ơi,bán đắt nha shop ơi,trung_tinh
tai nghe xin k lắm luôn,tai nghe xin k lắm luôn,trung_tinh
ảnh không liên_quan,ảnh không liên_quan,trung_tinh
màu xinh xỉu luôn á,màu xinh xỉu luôn á,khen_chat_luong
ak thêm âm_thanh nghe thích lắm nữa,ak thêm âm_thanh nghe thích lắm nữa,khen_chat_luong
sản_phẩm rất chất_lượng cả đóng_gói lẫn sản_phẩm đều rất chắc_chắn kết_cấu đẹp,sản_phẩm rất chất_lượng cả đóng_gói lẫn sản_phẩm đều rất chắc_chắn kết_cấu đẹp,khen_chat_luong
tai nghe đẹp giống mới miêu_tả,tai nghe đẹp giống mới miêu_tả,khen_chat_luong
đệm mút rất êm tai,đệm mút rất êm tai,khen_chat_luong
có kèm dây để kết_nối mới lap top,có kèm dây để kết_nối mới lap top,trung_tinh
đóng_gói chắn chắn và đẹp_mắt,đóng_gói chắn chắn và đẹp_mắt,khen_chat_luong
rất hài_lòng về sản_phẩm,rất hài_lòng về sản_phẩm,trung_tinh
tai nghe cut e lắm có đèn nữa,tai nghe cut e lắm có đèn nữa,trung_tinh
giao hàng hơi lâu,giao hàng hơi lâu,phan_nan_giao_hang
thiếu dây cắm đt,thiếu dây cắm đt,trung_tinh
hàng đẹp và tốt n hình_như bị thiếu mất dây kết_nối vs lap top r ạ,hàng đẹp và tốt n hình_như bị thiếu mất dây kết_nối vs lap top r ạ,khen_chat_luong
tai nghe rất đẹp ạ mà mình nhận hàng up cho bạn min k nên cũng chưa biết sao hết,tai nghe rất đẹp ạ mà mình nhận hàng up cho bạn min k nên cũng chưa biết sao hết,khen_chat_luong
tai nghe ok d d s s d d n n x sia ia k s xn d n s sn,tai nghe ok d d s s d d n n x sia ia k s xn d n s sn,khen_chat_luong
hàng rất đẹp shop tư_vấn và rep ib rất nhanh ủng_hộ shop lâu_dài,hàng rất đẹp shop tư_vấn và rep ib rất nhanh ủng_hộ shop lâu_dài,phan_nan_giao_hang
bên ngoài đẹp hơn trg ảnh ạ,bên ngoài đẹp hơn trg ảnh ạ,khen_chat_luong
mn k bt sd vs thể lên go o g le dịch tờ hướng_dẫn,mn k bt sd vs thể lên go o g le dịch tờ hướng_dẫn,trung_tinh
còn sản_phẩm thì kh có gì để chê,còn sản_phẩm thì kh có gì để chê,trung_tinh
hàng đẹp lắm nha,hàng đẹp lắm nha,khen_chat_luong
shop chăm_sóc khách_hàng rất tận_tình,shop chăm_sóc khách_hàng rất tận_tình,trung_tinh
đúng mẫu đúng màu vừa_ý lắm luôn,đúng mẫu đúng màu vừa_ý lắm luôn,dung_voi_mo_ta
hàng oki lắm nha shop mà em k bt chỗ bật đèn mong shop rep,hàng oki lắm nha shop mà em k bt chỗ bật đèn mong shop rep,khen_chat_luong
sản_phẩm xịn xò mà giá lại rẻ nữa,sản_phẩm xịn xò mà giá lại rẻ nữa,khen_chat_luong
hình_ảnh chỉ mang tính_chất minh_hoạ đồ đẹp ok sẽ quay trở_lại ủng_hộ shop,hình_ảnh chỉ mang tính_chất minh_hoạ đồ đẹp ok sẽ quay trở_lại ủng_hộ shop,khen_chat_luong
chất_lượng sản_phẩm to ot s nha,chất_lượng sản_phẩm to ot s nha,khen_chat_luong
tính_năng nổi_bật nghe rõ chống ồn tốt nha,tính_năng nổi_bật nghe rõ chống ồn tốt nha,khen_chat_luong
ok lam,ok lam,khen_chat_luong
hàng hơi mỏng_manh,hàng hơi mỏng_manh,trung_tinh
chất_lượng âm_thanh thì,chất_lượng âm_thanh thì,khen_chat_luong
hàng rất oce nha,hàng rất oce nha,trung_tinh
cut e,cut e,trung_tinh
tai nghe đẹp nghe đã lắm sao,tai nghe đẹp nghe đã lắm sao,khen_chat_luong
ok chắc lượng tốt nghe ổn,ok chắc lượng tốt nghe ổn,khen_chat_luong
rất hài_lòng cảm_ơn shop,rất hài_lòng cảm_ơn shop,khen_dich_vu
chất_lượng sản_phẩm loa to ok,chất_lượng sản_phẩm loa to ok,khen_chat_luong
đẹp đúng như ảnh,đẹp đúng như ảnh,khen_chat_luong
tôi thấy rất hay,tôi thấy rất hay,trung_tinh
tại nghe tốt,tại nghe tốt,khen_chat_luong
đẹp lắm hi_hi,đẹp lắm hi_hi,khen_chat_luong
rất ung ý,rất ung ý,trung_tinh
tốt nhé,tốt nhé,khen_chat_luong
sản_phẩm tốt y hình,sản_phẩm tốt y hình,khen_chat_luong
shipper thân_thiện đẹp_trai,shipper thân_thiện đẹp_trai,khen_chat_luong
ôce shipper nhiệt_tình,ôce shipper nhiệt_tình,khen_giao_hang
sp ok,sp ok,khen_chat_luong
tuyệt_vời với giá,tuyệt_vời với giá,khen_chat_luong
tai nghe hơi nhỏ nhưng âm_thanh tốt,tai nghe hơi nhỏ nhưng âm_thanh tốt,khen_chat_luong
g ch h,g ch h,trung_tinh
hàng ok nghe êm tai lắm luôn mọi người nen mua nha giao nhanh nua khoai u,hàng ok nghe êm tai lắm luôn mọi người nen mua nha giao nhanh nua khoai u,khen_chat_luong
chất_lượng sản_phẩm tai nghe rất xinh ạ,chất_lượng sản_phẩm tai nghe rất xinh ạ,khen_chat_luong
hàng đẹp sản_phẩm chất_lượng,hàng đẹp sản_phẩm chất_lượng,khen_chat_luong
hình_ảnh chỉ mang tính_chất minh_hoạ nhưng sp ok,hình_ảnh chỉ mang tính_chất minh_hoạ nhưng sp ok,khen_chat_luong
đẹp lắm nên mua nhé mn,đẹp lắm nên mua nhé mn,khen_chat_luong
chất_lượng sản_phẩm hàng ổn,chất_lượng sản_phẩm hàng ổn,khen_chat_luong
hàng dỗm rồi lại còn mắt,hàng dỗm rồi lại còn mắt,trung_tinh
trông oke lun,trông oke lun,khen_chat_luong
hàng chất_lượng nha nên mua,hàng chất_lượng nha nên mua,khen_chat_luong
đáng tiền lắm ạ,đáng tiền lắm ạ,gia_tri_gia
sản_phẩm này các bạn nhỏ rất thích,sản_phẩm này các bạn nhỏ rất thích,trung_tinh
hàng k chất_lượng,hàng k chất_lượng,khen_chat_luong
hơi cu một ti mà tam được hy_vọng lần sau tốt hơn lần trước cam om,hơi cu một ti mà tam được hy_vọng lần sau tốt hơn lần trước cam om,khen_chat_luong
chất_lượng sản_phẩm loa bé,chất_lượng sản_phẩm loa bé,khen_chat_luong
tạm ổn h d h d he he he g,tạm ổn h d h d he he he g,khen_chat_luong
giao hàng nhanh đóng_gói sp cận thận chất_lượng sp tuyệt_vời,giao hàng nhanh đóng_gói sp cận thận chất_lượng sp tuyệt_vời,khen_chat_luong
mình chỉ vô_tình lướt thấy tai nghe bán với giá,mình chỉ vô_tình lướt thấy tai nghe bán với giá,gia_tri_gia
đánh_giá shop sao sẽ tiếp_tục ủng_hộ sản_phẩm trên shop,đánh_giá shop sao sẽ tiếp_tục ủng_hộ sản_phẩm trên shop,gia_tri_gia
đã nhận được,đã nhận được,trung_tinh
mà hông biết cách xài,mà hông biết cách xài,trung_tinh
lần sau nhớ đưa hướng_dẫn sử_dụng nhé shop,lần sau nhớ đưa hướng_dẫn sử_dụng nhé shop,trung_tinh
g dy dt d n dt d m h k n g x d h s ht dy k cy dt xy k dt dy k ky s t d h k di d ky k dt i d ku r sy y k du l dit dy ky k d k d d koi xu k,g dy dt d n dt d m h k n g x d h s ht dy k cy dt xy k dt dy k ky s t d h k di d ky k dt i d ku r sy y k du l dit dy ky k d k d d koi xu k,trung_tinh
tính_năng nổi_bật đèn chóp đẹp,tính_năng nổi_bật đèn chóp đẹp,khen_chat_luong
tai nghe chưa test nên chưa bt,tai nghe chưa test nên chưa bt,trung_tinh
bên ngoài đẹp còn khuyết_điểm là ko vừa vs lỗ tai chật l ạ xin cảm_ơn shop,bên ngoài đẹp còn khuyết_điểm là ko vừa vs lỗ tai chật l ạ xin cảm_ơn shop,khen_chat_luong
cg đc giá đc tốt,cg đc giá đc tốt,khen_chat_luong
cho điểm chắc cũng,cho điểm chắc cũng,khen_chat_luong
tính_năng nổi_bật có led tai mèo,tính_năng nổi_bật có led tai mèo,trung_tinh
mua loại pm hơi nhỏ_xíu có_thể chỉnh vừa_ý,mua loại pm hơi nhỏ_xíu có_thể chỉnh vừa_ý,trung_tinh
còn ai muốn thoải_mái hơn thì mua loại to nha,còn ai muốn thoải_mái hơn thì mua loại to nha,trung_tinh
sa le k ko thể đòi_hỏi thêm,sa le k ko thể đòi_hỏi thêm,khen_chat_luong
chất_lượng sản_phẩm tuyệt luôn,chất_lượng sản_phẩm tuyệt luôn,khen_chat_luong
tính_năng nổi_bật ba s s hay nhé,tính_năng nổi_bật ba s s hay nhé,trung_tinh
vì săn k nên ko đòi_hỏi gì thêm,vì săn k nên ko đòi_hỏi gì thêm,khen_chat_luong
tính_năng nổi_bật nghe êm tai,tính_năng nổi_bật nghe êm tai,khen_chat_luong
hàng đẹp nghe rất hay mình ko nghĩ là và giá tiền này mà_lại dc cái tai nghe hay ntn,hàng đẹp nghe rất hay mình ko nghĩ là và giá tiền này mà_lại dc cái tai nghe hay ntn,khen_chat_luong
e ve r y thin g is pe re c t chỉ có_điều cái ụp tai hơi nhỏ nên k thoải_mái lắm còn âm_thanh với đèn thì ổn nha,e ve r y thin g is pe re c t chỉ có_điều cái ụp tai hơi nhỏ nên k thoải_mái lắm còn âm_thanh với đèn thì ổn nha,khen_chat_luong
tính_năng nổi_bật nghe ổn,tính_năng nổi_bật nghe ổn,khen_chat_luong
tai nghe ổn kh bị rè sạc nhanh có tặng kèm dây sạc nghe được tầm tiếng,tai nghe ổn kh bị rè sạc nhanh có tặng kèm dây sạc nghe được tầm tiếng,khen_chat_luong
tính_năng nổi_bật nó có đèn nhấp_nháy ở hai bên tôi rất thích,tính_năng nổi_bật nó có đèn nhấp_nháy ở hai bên tôi rất thích,trung_tinh
chữ thôi,chữ thôi,trung_tinh
tuyệt cmn vời,tuyệt cmn vời,khen_chat_luong
chất_lượng sản_phẩm cx đc,chất_lượng sản_phẩm cx đc,khen_chat_luong
mua đc k nên cx vui kk,mua đc k nên cx vui kk,trung_tinh
mn nên mua thử,mn nên mua thử,de_xuat_mua
cầm như sắp gãy,cầm như sắp gãy,trung_tinh
bẻ nhẹ cái là gãy,bẻ nhẹ cái là gãy,khen_chat_luong
nhưng vs giá tiền này thì ok,nhưng vs giá tiền này thì ok,khen_chat_luong
tính_năng nổi_bật nghe tốt,tính_năng nổi_bật nghe tốt,khen_chat_luong
sản_phẩm rất ok đóng_gói rất kỉ nói_chung là xứng_đáng điểm,sản_phẩm rất ok đóng_gói rất kỉ nói_chung là xứng_đáng điểm,khen_chat_luong
tính_năng nổi_bật mua tai nghe không dây giao tai nghe có dây,tính_năng nổi_bật mua tai nghe không dây giao tai nghe có dây,trung_tinh
chất_lượng sản_phẩm đẹp tốt,chất_lượng sản_phẩm đẹp tốt,khen_chat_luong
tính_năng nổi_bật nghe đc còn rẻ,tính_năng nổi_bật nghe đc còn rẻ,gia_tri_gia
mới kết_nối thì hơi lác,mới kết_nối thì hơi lác,trung_tinh
tính_năng nổi_bật mở đèn sáng đẹp,tính_năng nổi_bật mở đèn sáng đẹp,khen_chat_luong
săn nên mua đ k à rẻ quá,săn nên mua đ k à rẻ quá,de_xuat_mua
tính_năng nổi_bật,tính_năng nổi_bật,trung_tinh
hàng ko bị trầy_xước nguyên_vẹn đẹp,hàng ko bị trầy_xước nguyên_vẹn đẹp,khen_chat_luong
chất_lượng sản_phẩm oke la,chất_lượng sản_phẩm oke la,khen_chat_luong
tính_năng nổi_bật tai thỏ xinh_xinh,tính_năng nổi_bật tai thỏ xinh_xinh,khen_chat_luong
hàng oke so với tầm giá,hàng oke so với tầm giá,khen_chat_luong
chất_lượng sản_phẩm chất_lượng cao,chất_lượng sản_phẩm chất_lượng cao,khen_chat_luong
tính_năng nổi_bật hàng tốt,tính_năng nổi_bật hàng tốt,khen_chat_luong
sản_phẩm mới,sản_phẩm mới,trung_tinh
cái này cũng bình_thường nhưng pin thì cx hơi nhanh hết,cái này cũng bình_thường nhưng pin thì cx hơi nhanh hết,khen_giao_hang
tính_năng nổi_bật ổn_định,tính_năng nổi_bật ổn_định,khen_chat_luong
âm_thanh hơi nhỏ,âm_thanh hơi nhỏ,trung_tinh
ok như mà âm_thanh chễ chơi liên_quân đc tuu nghĩ chơi ki đc đâu,ok như mà âm_thanh chễ chơi liên_quân đc tuu nghĩ chơi ki đc đâu,khen_chat_luong
chất_lượng sản_phẩm quá tốt luôn,chất_lượng sản_phẩm quá tốt luôn,khen_chat_luong
đang để mua nhé rất êm tay,đang để mua nhé rất êm tay,khen_chat_luong
tai nghe cực hay dùng rất tốt giá rẻ quá hời trải_nghiệm tuyệt_vời,tai nghe cực hay dùng rất tốt giá rẻ quá hời trải_nghiệm tuyệt_vời,khen_chat_luong
chất_lượng sản_phẩm on,chất_lượng sản_phẩm on,khen_chat_luong
tính_năng nổi_bật am thanh tot,tính_năng nổi_bật am thanh tot,trung_tinh
ok nha mng,ok nha mng,khen_chat_luong
chất_lượng sản_phẩm dùng rất ok nhưng chưa tắt đc led,chất_lượng sản_phẩm dùng rất ok nhưng chưa tắt đc led,khen_chat_luong
cũng hay,cũng hay,trung_tinh
chất_lượng sản_phẩm m s đau_đầu sài dc mà hết pin sạc ko vô pin,chất_lượng sản_phẩm m s đau_đầu sài dc mà hết pin sạc ko vô pin,khen_chat_luong
tính_năng nổi_bật k có,tính_năng nổi_bật k có,trung_tinh
rẻ và tốt_đẹp,rẻ và tốt_đẹp,khen_chat_luong
ổn nha nghe đc lắm luôn không ngờ với giá tiền này mà mua đc,ổn nha nghe đc lắm luôn không ngờ với giá tiền này mà mua đc,khen_chat_luong
hàng bị hỏng vỡ nhưng vẫn nghe dc oki cảm_ơn shop nha,hàng bị hỏng vỡ nhưng vẫn nghe dc oki cảm_ơn shop nha,phan_nan_chat_luong
nghe ổn,nghe ổn,khen_chat_luong
hơi khó_chịu chút khi đeo,hơi khó_chịu chút khi đeo,trung_tinh
để xài lâu_dài xem sao,để xài lâu_dài xem sao,phan_nan_giao_hang
tính_năng nổi_bật có đèn,tính_năng nổi_bật có đèn,trung_tinh
chất_lượng sản_phẩm quá tệ,chất_lượng sản_phẩm quá tệ,phan_nan_chat_luong
tai nghe k đúng theo mẫu,tai nghe k đúng theo mẫu,trung_tinh
bên k nghe được và gẫy bên tai,bên k nghe được và gẫy bên tai,trung_tinh
tính_năng nổi_bật màu_sắc đẹp,tính_năng nổi_bật màu_sắc đẹp,khen_chat_luong
chất_lượng tốt nhưng anh ship giao hàng không tốt lắm,chất_lượng tốt nhưng anh ship giao hàng không tốt lắm,khen_chat_luong
chất_lượng sản_phẩm tuyệt,chất_lượng sản_phẩm tuyệt,khen_chat_luong
tính_năng nổi_bật n ge nhạc,tính_năng nổi_bật n ge nhạc,trung_tinh
tính_năng nổi_bật tuyệt_vời,tính_năng nổi_bật tuyệt_vời,khen_chat_luong
hàng sử_dụng rất tốt nha shop nghe rất được lâu nha,hàng sử_dụng rất tốt nha shop nghe rất được lâu nha,phan_nan_giao_hang
rất chất_lượng,rất chất_lượng,khen_chat_luong
shop cũng rất chu_đáo và nhiệt_tình,shop cũng rất chu_đáo và nhiệt_tình,khen_dich_vu
chất_lượng sản_phẩm sản_phẩm ổn,chất_lượng sản_phẩm sản_phẩm ổn,khen_chat_luong
k nên ko đòi_hỏi nhiều,k nên ko đòi_hỏi nhiều,trung_tinh
không vừa với tai,không vừa với tai,trung_tinh
chất_lượng nka mng vs giá k thì quá tuyệt_vời ln shop uy_tín l n ka a,chất_lượng nka mng vs giá k thì quá tuyệt_vời ln shop uy_tín l n ka a,khen_chat_luong
đèn mở k lên,đèn mở k lên,trung_tinh
điểm luôn tại phát sáng nhiều màu nghe rất ổn sạc nhanh,điểm luôn tại phát sáng nhiều màu nghe rất ổn sạc nhanh,khen_chat_luong
chất_lượng sản_phẩm k tốt,chất_lượng sản_phẩm k tốt,khen_chat_luong
tính_năng nổi_bật nghe chx đc p thì k nghệ đk nữa,tính_năng nổi_bật nghe chx đc p thì k nghệ đk nữa,trung_tinh
hàng chất_lượng rất giống trong hình mình rất thích món hàng này,hàng chất_lượng rất giống trong hình mình rất thích món hàng này,khen_chat_luong
bảo đánh_giá trước đi rồi ship cho mà đợi hơn ngày vẫn chưa có dấu hiện giao,bảo đánh_giá trước đi rồi ship cho mà đợi hơn ngày vẫn chưa có dấu hiện giao,khen_giao_hang
tính_năng nổi_bật đẹp vãi ò sao là xứng_đáng nhe,tính_năng nổi_bật đẹp vãi ò sao là xứng_đáng nhe,khen_chat_luong
tay nghe sạc bốc khói bay mùi khét nóng hỏi lun ko sài đc,tay nghe sạc bốc khói bay mùi khét nóng hỏi lun ko sài đc,phan_nan_chat_luong
chất_lượng sản_phẩm cx ổn loa to còn pin k bt,chất_lượng sản_phẩm cx ổn loa to còn pin k bt,khen_chat_luong
ship e r ổn nha đặt tên r anh vẫn giao đc tận nhà,ship e r ổn nha đặt tên r anh vẫn giao đc tận nhà,khen_chat_luong
vân chuyển nhanh tốt,vân chuyển nhanh tốt,khen_chat_luong
tính_năng nổi_bật ko bit,tính_năng nổi_bật ko bit,trung_tinh
đẹp mn nên mua xài tốt mua giá k ko đòi_hỏi gì nhiều shop dễ_thương ship bơ thân hiện tốt mn nên mua nha siêu cut e hột me,đẹp mn nên mua xài tốt mua giá k ko đòi_hỏi gì nhiều shop dễ_thương ship bơ thân hiện tốt mn nên mua nha siêu cut e hột me,khen_chat_luong
sao,sao,trung_tinh
rất vui khi được tái nghe ak đòn là điện dần đi đón đi địa,rất vui khi được tái nghe ak đòn là điện dần đi đón đi địa,trung_tinh
đi d sks,đi d sks,trung_tinh
chất_lượng sản_phẩm dùng được,chất_lượng sản_phẩm dùng được,khen_chat_luong
chất_lượng sản_phẩm kém,chất_lượng sản_phẩm kém,phan_nan_chat_luong
tính_năng nổi_bật ánh_sáng đẹp,tính_năng nổi_bật ánh_sáng đẹp,khen_chat_luong
sản_phẩm giống hình nhưng bên tai gần như bị rới ra,sản_phẩm giống hình nhưng bên tai gần như bị rới ra,dung_voi_mo_ta
chất_lượng sản_phẩm đ ỉn k,chất_lượng sản_phẩm đ ỉn k,khen_chat_luong
mua vs giá đ như là quá oke ròi nghe đỉnh thật_sự sao nhoa,mua vs giá đ như là quá oke ròi nghe đỉnh thật_sự sao nhoa,khen_chat_luong
tai nghe tốt nha nhưng_mà nó bị sứt ra một bên rồi á nói_chung là cx tạm đc,tai nghe tốt nha nhưng_mà nó bị sứt ra một bên rồi á nói_chung là cx tạm đc,khen_chat_luong
chất_lượng sản_phẩm loa mở to rè,chất_lượng sản_phẩm loa mở to rè,khen_chat_luong
chất_lượng sp tạm,chất_lượng sp tạm,khen_chat_luong
chất_lượng sản_phẩm đẹp rẻ k mong nhiều,chất_lượng sản_phẩm đẹp rẻ k mong nhiều,khen_chat_luong
tính_năng nổi_bật tai mèo,tính_năng nổi_bật tai mèo,trung_tinh
đẹp săn seo có k nên k mong_đợi nhiều k cứng_rắn shop tư_vấn nhiệt_tình đeo đau tai,đẹp săn seo có k nên k mong_đợi nhiều k cứng_rắn shop tư_vấn nhiệt_tình đeo đau tai,khen_chat_luong
chất_lượng sản_phẩm có hỏng mất bên tai,chất_lượng sản_phẩm có hỏng mất bên tai,phan_nan_chat_luong
sản_phẩm khá ổn tuy_nhiên vẫn có hỏng_hóc,sản_phẩm khá ổn tuy_nhiên vẫn có hỏng_hóc,phan_nan_chat_luong
chất_lượng sản_phẩm quá đẹp luôn,chất_lượng sản_phẩm quá đẹp luôn,khen_chat_luong
tính_năng nổi_bật đ p,tính_năng nổi_bật đ p,trung_tinh
ae mua mà trải_nghiệm nhé,ae mua mà trải_nghiệm nhé,trung_tinh
chưa sử đụng nên chưa biết chất_lượng,chưa sử đụng nên chưa biết chất_lượng,khen_chat_luong
chất_lượng sản_phẩm cứ bị nhỏ nhỏ sao í,chất_lượng sản_phẩm cứ bị nhỏ nhỏ sao í,khen_chat_luong
chất_lượng sản_phẩm ok i,chất_lượng sản_phẩm ok i,khen_chat_luong
tính_năng nổi_bật nhạc nghe to rất là đã,tính_năng nổi_bật nhạc nghe to rất là đã,trung_tinh
chất_lượng sản_phẩm tốt kéo_dài trời_ơi nó đẹp p,chất_lượng sản_phẩm tốt kéo_dài trời_ơi nó đẹp p,khen_chat_luong
tính_năng nổi_bật ko có day nề dễ kết_nối với máy_tính nữa,tính_năng nổi_bật ko có day nề dễ kết_nối với máy_tính nữa,trung_tinh
sản_phẩm chất_lượng mọi người nên mua nha,sản_phẩm chất_lượng mọi người nên mua nha,khen_chat_luong
mình chưa bt cách xài nên ch biết nó như nào,mình chưa bt cách xài nên ch biết nó như nào,trung_tinh
phần giao hàng gói kỹ ạ,phần giao hàng gói kỹ ạ,khen_giao_hang
tính_năng nổi_bật âm_thanh hay,tính_năng nổi_bật âm_thanh hay,trung_tinh
tốt lắm á rất ổn mỗi_tội ko có giấy hướng_dẫn sử_dụng,tốt lắm á rất ổn mỗi_tội ko có giấy hướng_dẫn sử_dụng,khen_chat_luong
hàng tốt nhưng hơi bé chúc các anh ship cố_gắng trong công_việc và gặp nhiều may_mắn nhé đi đừng an_toàn,hàng tốt nhưng hơi bé chúc các anh ship cố_gắng trong công_việc và gặp nhiều may_mắn nhé đi đừng an_toàn,khen_chat_luong
chất_lượng sản_phẩm rất đẹp,chất_lượng sản_phẩm rất đẹp,khen_chat_luong
hàng ok rất đẹp,hàng ok rất đẹp,khen_chat_luong
tính_năng nổi_bật ko có,tính_năng nổi_bật ko có,trung_tinh
shop cho mik cái dây sạc dày quá,shop cho mik cái dây sạc dày quá,trung_tinh
sài ok pin trâu và sạc nhanh,sài ok pin trâu và sạc nhanh,khen_chat_luong
dùng đc tầm tiếng thì tai nghe bị rè xong tịt luôn bên tai trái hàng k thì ko đòi_hỏi gì nhưng mn cân_nhắc khi mua,dùng đc tầm tiếng thì tai nghe bị rè xong tịt luôn bên tai trái hàng k thì ko đòi_hỏi gì nhưng mn cân_nhắc khi mua,trung_tinh
bất_ngờ ch bà dà săn dc giá hời lắm nm nghe nó cứ s s á,bất_ngờ ch bà dà săn dc giá hời lắm nm nghe nó cứ s s á,gia_tri_gia
chất_lượng sản_phẩm tốt ko phải chê,chất_lượng sản_phẩm tốt ko phải chê,khen_chat_luong
tôi rất là thích sản_phẩm này,tôi rất là thích sản_phẩm này,trung_tinh
ok hàng đẹp đóng_gói kỹ âm_thanh đầm nói v hung là ok,ok hàng đẹp đóng_gói kỹ âm_thanh đầm nói v hung là ok,khen_chat_luong
nói_chung là sao,nói_chung là sao,trung_tinh
then kiu shop nha a,then kiu shop nha a,trung_tinh
kết_nối với điện_thoại thì ok,kết_nối với điện_thoại thì ok,khen_chat_luong
với lap top thì mình chưa kết_nối được,với lap top thì mình chưa kết_nối được,trung_tinh
con mình thích lắm,con mình thích lắm,trung_tinh
vì nó đẹp nên mấy ngày đầu nó đeo suốt ngày,vì nó đẹp nên mấy ngày đầu nó đeo suốt ngày,khen_chat_luong
điểm trừ là dây nối với máy_tính hơi ngắn,điểm trừ là dây nối với máy_tính hơi ngắn,trung_tinh
shop bán rất uy_tín,shop bán rất uy_tín,trung_tinh
sản_phẩm tốt mà thiếu_phụ kiện dây ack nên cho s,sản_phẩm tốt mà thiếu_phụ kiện dây ack nên cho s,khen_chat_luong
nghe rõ_ràng,nghe rõ_ràng,trung_tinh
shop dóng gói cẩn_thận,shop dóng gói cẩn_thận,trung_tinh
đừng ham giá rẻ mn ơi,đừng ham giá rẻ mn ơi,gia_tri_gia
hàng kém lắm,hàng kém lắm,phan_nan_chat_luong
thái_độ phục_vụ ko tốt,thái_độ phục_vụ ko tốt,phan_nan_dich_vu
đệm tai cứng đeo mới có tí đã đau tai,đệm tai cứng đeo mới có tí đã đau tai,trung_tinh
nhìn lỏng_lẻo có_thể gãy bất_cứ lúc_nào,nhìn lỏng_lẻo có_thể gãy bất_cứ lúc_nào,trung_tinh
hai,hai,trung_tinh
tai nghe hay,tai nghe hay,trung_tinh
mỗi_tội thiếu dây ack cắm kết_nối máy_tính,mỗi_tội thiếu dây ack cắm kết_nối máy_tính,trung_tinh
cut e quó chòi,cut e quó chòi,trung_tinh
tai nghe rất xinh nghe tốt mà t hong bít sạc có ô hong tại gấm sạc thấy nó hong lên_đèn,tai nghe rất xinh nghe tốt mà t hong bít sạc có ô hong tại gấm sạc thấy nó hong lên_đèn,khen_chat_luong
mình dùng khá ok,mình dùng khá ok,khen_chat_luong
nhưng để làm_sao tắt được đèn led,nhưng để làm_sao tắt được đèn led,trung_tinh
hàng hoàn nên ko có ảnh,hàng hoàn nên ko có ảnh,trung_tinh
so với các shop khác thì shop này bán rẻ hơn rất nhiều mà chất_lượng thì cực_kì ưng,so với các shop khác thì shop này bán rẻ hơn rất nhiều mà chất_lượng thì cực_kì ưng,khen_chat_luong
ncl duyệt,ncl duyệt,trung_tinh
hang tot nhung đat hang cai co cai khong lam an khong uy tin,hang tot nhung đat hang cai co cai khong lam an khong uy tin,trung_tinh
k do di d,k do di d,trung_tinh
shop giao thiếu mình dây kết_nối nhưng thôi k sao vì chất_lượng tai nghe quá ok,shop giao thiếu mình dây kết_nối nhưng thôi k sao vì chất_lượng tai nghe quá ok,khen_chat_luong
mỗi_tội hơi nặng_tai,mỗi_tội hơi nặng_tai,trung_tinh
màu_sắc thì như cái lần trước mình mua ở shop khác mà mình tìm lại không được,màu_sắc thì như cái lần trước mình mua ở shop khác mà mình tìm lại không được,trung_tinh
như mới mua tuần đã bị lỗi,như mới mua tuần đã bị lỗi,phan_nan_chat_luong
đèn không nháy nữa luôn,đèn không nháy nữa luôn,trung_tinh
cac s nút bị liệt không ấn được,cac s nút bị liệt không ấn được,trung_tinh
bị rè dù mở nhỏ hay to,bị rè dù mở nhỏ hay to,trung_tinh
tai nghe đẹp lắm ạ,tai nghe đẹp lắm ạ,khen_chat_luong
quá xịn,quá xịn,khen_chat_luong
sản_phẩm rất đẹp ạ,sản_phẩm rất đẹp ạ,khen_chat_luong
sử_dụng vài lần thì tai nghe có dấu_hiệu hư_hỏng,sử_dụng vài lần thì tai nghe có dấu_hiệu hư_hỏng,phan_nan_chat_luong
loa bị rè mặc_dù mở nhỏ,loa bị rè mặc_dù mở nhỏ,trung_tinh
hơi lỏng_lẻo,hơi lỏng_lẻo,trung_tinh
mic hơi chán,mic hơi chán,trung_tinh
không biết có đổi trả được không,không biết có đổi trả được không,trung_tinh
shop liên_hệ mình nhé,shop liên_hệ mình nhé,trung_tinh
hàng đẹp giao hàng nhanh,hàng đẹp giao hàng nhanh,khen_chat_luong
test thử hàng ok,test thử hàng ok,khen_chat_luong
đẹp va tốt sẽ ủng_hộ shop,đẹp va tốt sẽ ủng_hộ shop,khen_chat_luong
kết_nối giữa hai tap hơi chậm,kết_nối giữa hai tap hơi chậm,trung_tinh
mới nhận hàng test thấy rất ok,mới nhận hàng test thấy rất ok,khen_chat_luong
siêu xinh luôn,siêu xinh luôn,khen_chat_luong
bán hàng ko giao dây_cáp kết_nối với lap top,bán hàng ko giao dây_cáp kết_nối với lap top,trung_tinh
làm_ăn rất tệ sao,làm_ăn rất tệ sao,phan_nan_chat_luong
yep,yep,trung_tinh
gói hàng như thế thì mới gọi là gói hàng chứ,gói hàng như thế thì mới gọi là gói hàng chứ,trung_tinh
luv shop,luv shop,trung_tinh
cut e lắm ạ,cut e lắm ạ,trung_tinh
hi_vọng xài đc lâu_dài,hi_vọng xài đc lâu_dài,phan_nan_giao_hang
chất_lượng kém,chất_lượng kém,phan_nan_chat_luong
không hài_lòng về cách phục_vụ và giải_đáp,không hài_lòng về cách phục_vụ và giải_đáp,khen_dich_vu
nghe được có bên thôi,nghe được có bên thôi,trung_tinh
cực_kì hài_lòng,cực_kì hài_lòng,trung_tinh
mọi người nếu có ai đang muốn mua thì vô shop này nhê,mọi người nếu có ai đang muốn mua thì vô shop này nhê,trung_tinh
sản_phẩm y hình thanh chất_lượng tuyệt_vời,sản_phẩm y hình thanh chất_lượng tuyệt_vời,khen_chat_luong
hàng shop rất ok luôn sử_dụng êm lắm,hàng shop rất ok luôn sử_dụng êm lắm,khen_chat_luong
sản_phẩm dùng ok shop giao hàng khá nhanh nhưng nghe hơi nhỏ_xíu,sản_phẩm dùng ok shop giao hàng khá nhanh nhưng nghe hơi nhỏ_xíu,khen_chat_luong
tai nghe rất đẹp nhé mn,tai nghe rất đẹp nhé mn,khen_chat_luong
than k s shop nhiều,than k s shop nhiều,trung_tinh
hàng siêu oce nhưng ai cho em hoi t cái đèn có tắt đi được không ạ,hàng siêu oce nhưng ai cho em hoi t cái đèn có tắt đi được không ạ,trung_tinh
rẻ mà ưng ae ạ,rẻ mà ưng ae ạ,gia_tri_gia
shop uy_tín,shop uy_tín,trung_tinh
sẽ ủng_hộ shop dài_dài,sẽ ủng_hộ shop dài_dài,trung_tinh
rất tốt nhé các bạn,rất tốt nhé các bạn,khen_chat_luong
chất_lượng sản_phẩm k so oe i eo e,chất_lượng sản_phẩm k so oe i eo e,khen_chat_luong
ngon với giá tiền,ngon với giá tiền,khen_chat_luong
hàng đc mỗi_tội chụp tai hơi bé,hàng đc mỗi_tội chụp tai hơi bé,trung_tinh
rất ok mọi người cứ mua yên_tâm,rất ok mọi người cứ mua yên_tâm,khen_chat_luong
hàng hơi bị cũ,hàng hơi bị cũ,trung_tinh
tính_năng nổi_bật rất tốt,tính_năng nổi_bật rất tốt,khen_chat_luong
ship e r thân_thiện hàng chx khui như g hài_lòng,ship e r thân_thiện hàng chx khui như g hài_lòng,khen_giao_hang
không ship hàng lửa đào,không ship hàng lửa đào,khen_giao_hang
hàng tốt chất_lượng,hàng tốt chất_lượng,khen_chat_luong
nghe tốt lắm ạ,nghe tốt lắm ạ,khen_chat_luong
hầu_như là ko có chỗ tắt đèn cái tai mèo đó,hầu_như là ko có chỗ tắt đèn cái tai mèo đó,trung_tinh
tốt nhưng giao về sai mà xanh thành hồng nha,tốt nhưng giao về sai mà xanh thành hồng nha,khen_chat_luong
ổn nha ae mua đi về xog muốn đặt thêm ncc,ổn nha ae mua đi về xog muốn đặt thêm ncc,khen_chat_luong
chất_lượng sản_phẩm sản_phẩm tốt,chất_lượng sản_phẩm sản_phẩm tốt,khen_chat_luong
tai nghe nghe tốt ko ầm kết_nối nhanh,tai nghe nghe tốt ko ầm kết_nối nhanh,khen_chat_luong
hàng chất_lượng nghe hây là giao lạ,hàng chất_lượng nghe hây là giao lạ,khen_chat_luong
chất_lượng sản_phẩm rất đc nha shop,chất_lượng sản_phẩm rất đc nha shop,khen_chat_luong
chất_lượng sản_phẩm sản_phẩm uy_tín,chất_lượng sản_phẩm sản_phẩm uy_tín,khen_chat_luong
quá tuyệt,quá tuyệt,khen_chat_luong
tính_năng nổi_bật rất rẻ,tính_năng nổi_bật rất rẻ,gia_tri_gia
rất oki,rất oki,khen_chat_luong
tốt nghe êm sao,tốt nghe êm sao,khen_chat_luong
săn đc còn k,săn đc còn k,trung_tinh
tai nghe xịn q u ã i,tai nghe xịn q u ã i,khen_chat_luong
đèn,đèn,trung_tinh
oke đó những chơi gam e nó hơi lạ,oke đó những chơi gam e nó hơi lạ,khen_chat_luong
mình săn đc k,mình săn đc k,trung_tinh
tai nghe đẹp cực,tai nghe đẹp cực,khen_chat_luong
chx bt nhưng ok bl chỉ nhận xu,chx bt nhưng ok bl chỉ nhận xu,khen_chat_luong
hàng hơi bé nhx đẹp đeo khá oke,hàng hơi bé nhx đẹp đeo khá oke,khen_chat_luong
chất_lượng sản_phẩm sản_phẩm ok,chất_lượng sản_phẩm sản_phẩm ok,khen_chat_luong
tai nghe này đèn ko ság shop ơi,tai nghe này đèn ko ság shop ơi,trung_tinh
chất_lượng sản_phẩm tốt nên mua,chất_lượng sản_phẩm tốt nên mua,khen_chat_luong
nghe nhạc hay giao hàng nhanh,nghe nhạc hay giao hàng nhanh,khen_giao_hang
tai nghe phù_hợp với giá tiền,tai nghe phù_hợp với giá tiền,gia_tri_gia
sản_phẩm phù_hợp với giá tiền,sản_phẩm phù_hợp với giá tiền,gia_tri_gia
tai nghe giống ảnh mẫu khá ổn,tai nghe giống ảnh mẫu khá ổn,khen_chat_luong
hàng ngon lắm ae nên mua nha,hàng ngon lắm ae nên mua nha,khen_chat_luong
điểm ko nói lòng co nhiều,điểm ko nói lòng co nhiều,trung_tinh
giao hàng khá nhanh,giao hàng khá nhanh,khen_giao_hang
sài tốt nhưng hơi đau tai,sài tốt nhưng hơi đau tai,khen_chat_luong
sản_phẩm đẹp lắm săn dc k,sản_phẩm đẹp lắm săn dc k,khen_chat_luong
đẹp nhen tai nghe k đc r,đẹp nhen tai nghe k đc r,khen_chat_luong
sản_phẩm oke trong tầm giá,sản_phẩm oke trong tầm giá,khen_chat_luong
mua đ nè đc như mik ko,mua đ nè đc như mik ko,trung_tinh
thiếu dây liên_kết với máy_tính,thiếu dây liên_kết với máy_tính,trung_tinh
tính_năng nổi_bật sao,tính_năng nổi_bật sao,trung_tinh
chất_lượng ko cần bàn,chất_lượng ko cần bàn,khen_chat_luong
sản_phẩm rất hữu_ích,sản_phẩm rất hữu_ích,trung_tinh
sản_phẩm tốt như hình,sản_phẩm tốt như hình,khen_chat_luong
ok hàng tốt nghe ngon,ok hàng tốt nghe ngon,khen_chat_luong
xịn xò con bò lắm nha,xịn xò con bò lắm nha,khen_chat_luong
hàng ngon với giá k,hàng ngon với giá k,khen_chat_luong
hàng đẹp tốt lắm ạ,hàng đẹp tốt lắm ạ,khen_chat_luong
sẳn phẩm sài r tôt,sẳn phẩm sài r tôt,trung_tinh
tốt giao hàng nhanh,tốt giao hàng nhanh,khen_chat_luong
chất_lượng nên mua,chất_lượng nên mua,khen_chat_luong
rất đẹp như vẫn bé,rất đẹp như vẫn bé,khen_chat_luong
đẹp nhưng hàng bị bung ra một tai,đẹp nhưng hàng bị bung ra một tai,khen_chat_luong
tai nghe cut e kk,tai nghe cut e kk,trung_tinh
hàng dùng rất tốt,hàng dùng rất tốt,khen_chat_luong
đáng mua nha a,đáng mua nha a,gia_tri_gia
tốt t nên mua,tốt t nên mua,khen_chat_luong
nghe đc hay,nghe đc hay,trung_tinh
tai nghe êm đ,tai nghe êm đ,khen_chat_luong
hà hc yd d,hà hc yd d,trung_tinh
khá cut e nha mn,khá cut e nha mn,trung_tinh
hàng tới nhanh,hàng tới nhanh,khen_giao_hang
tai nghe nhỏ hơn hình,tai nghe nhỏ hơn hình,trung_tinh
quá ngon,quá ngon,khen_chat_luong
đẹp nên mua ạ,đẹp nên mua ạ,khen_chat_luong
không có nút tắt đèn,không có nút tắt đèn,trung_tinh
nghe hay đẹp,nghe hay đẹp,khen_chat_luong
đeo lâu hơi đau tai,đeo lâu hơi đau tai,phan_nan_giao_hang
ổn_áp phê t d,ổn_áp phê t d,khen_chat_luong
ố ma ga,ố ma ga,trung_tinh
sài rất ok,sài rất ok,khen_chat_luong
ôk lắm nhà,ôk lắm nhà,trung_tinh
sp rất tốt,sp rất tốt,khen_chat_luong
ty yd u d h đ,ty yd u d h đ,trung_tinh
rùng tốt,rùng tốt,khen_chat_luong
rất oke,rất oke,khen_chat_luong
rất tốt,rất tốt,khen_chat_luong
tốt đ,tốt đ,khen_chat_luong
tốt t,tốt t,khen_chat_luong
quá ok,quá ok,khen_chat_luong
cx ổn,cx ổn,khen_chat_luong
ko hài_lòng cho lắm,ko hài_lòng cho lắm,trung_tinh
đỉnh,đỉnh,trung_tinh
sản_phẩm đẹp tốt lắm ạ,sản_phẩm đẹp tốt lắm ạ,khen_chat_luong
mới đặp mà hôm sau có ròi,mới đặp mà hôm sau có ròi,trung_tinh
hàng đẹp tuyệt_vời luôn không mua tiếc lắm,hàng đẹp tuyệt_vời luôn không mua tiếc lắm,khen_chat_luong
hàng rất tuyệt,hàng rất tuyệt,khen_chat_luong
chất_liệu vải dì không biết,chất_liệu vải dì không biết,trung_tinh
đúng với mô_tả dung d s,đúng với mô_tả dung d s,dung_voi_mo_ta
i so p le as e cl ic k the but ton be lo to_con tin ue at chin g the play li s t này là do người đăng_ký ac e bo ok ngay hôm_nay sẽ tốt,i so p le as e cl ic k the but ton be lo to_con tin ue at chin g the play li s t này là do người đăng_ký ac e bo ok ngay hôm_nay sẽ tốt,khen_chat_luong
chất_liệu vải hơi mỏng,chất_liệu vải hơi mỏng,trung_tinh
chất_liệu khong bi cc,chất_liệu khong bi cc,trung_tinh
rẻ mà cũng ok phết,rẻ mà cũng ok phết,khen_chat_luong
chất_liệu u k,chất_liệu u k,trung_tinh
màu_sắc u k,màu_sắc u k,trung_tinh
đúng với mô_tả u k,đúng với mô_tả u k,dung_voi_mo_ta
đúng với mô_tả dung như hinh nha mn minh nghi_gia re nen mua nha con k thi thoi,đúng với mô_tả dung như hinh nha mn minh nghi_gia re nen mua nha con k thi thoi,dung_voi_mo_ta
chất_liệu cung dc thoi,chất_liệu cung dc thoi,trung_tinh
chất_liệu vải chứ,chất_liệu vải chứ,trung_tinh
vải ko mỏng cx ko dày có ít chỉ thừa nhưng ko đáng_kể phần may chữ hơi dúm nói_chung là rất ok la nên mua thử nha mn,vải ko mỏng cx ko dày có ít chỉ thừa nhưng ko đáng_kể phần may chữ hơi dúm nói_chung là rất ok la nên mua thử nha mn,khen_chat_luong
hả mang tc nhận xu,hả mang tc nhận xu,trung_tinh
đúng với mô_tả tuỵ t dời mừ đỉm mừ đ ỉm m,đúng với mô_tả tuỵ t dời mừ đỉm mừ đ ỉm m,dung_voi_mo_ta
áo đẹp lắm ạ,áo đẹp lắm ạ,khen_chat_luong
đúng với mô_tả đẹp nhức nách,đúng với mô_tả đẹp nhức nách,khen_chat_luong
xứng_đáng đồng_tiền_bát_gạo,xứng_đáng đồng_tiền_bát_gạo,trung_tinh
đúng với mô_tả mô_tả đúng,đúng với mô_tả mô_tả đúng,dung_voi_mo_ta
vải hơi mỏng nhưng vs giá tiền này thì vô_cùng ưng_ý ạ,vải hơi mỏng nhưng vs giá tiền này thì vô_cùng ưng_ý ạ,gia_tri_gia
chất_liệu vải đôi,chất_liệu vải đôi,trung_tinh
đúng với mô_tả hàng về trên cả tuyệt_vời luôn,đúng với mô_tả hàng về trên cả tuyệt_vời luôn,khen_chat_luong
đẹp suất xắc k có cái để chê cả,đẹp suất xắc k có cái để chê cả,khen_chat_luong
hàng về rất nhanh hàng sa le mà đặt hôm q uu a hôm_nay hàng đã trên tay,hàng về rất nhanh hàng sa le mà đặt hôm q uu a hôm_nay hàng đã trên tay,khen_giao_hang
hàng về trong vòng ngày,hàng về trong vòng ngày,trung_tinh
chất_liệu vải xốp,chất_liệu vải xốp,trung_tinh
đúng với mô_tả khá,đúng với mô_tả khá,dung_voi_mo_ta
ổn_áp nhé,ổn_áp nhé,khen_chat_luong
mặc_dù khá mỏng nhưng giá vậy là ok r,mặc_dù khá mỏng nhưng giá vậy là ok r,khen_chat_luong
ảnh mang tính_chất nhận xu thôi ạ,ảnh mang tính_chất nhận xu thôi ạ,trung_tinh
hình_ảnh và video mang tính_chất nhận xu thôi ạ,hình_ảnh và video mang tính_chất nhận xu thôi ạ,trung_tinh
đẹp nên mua nha,đẹp nên mua nha,khen_chat_luong
im quit e bu sy the se day s so i don t ha ve tim e to be ac ti ve on in s ta gram,im quit e bu sy the se day s so i don t ha ve tim e to be ac ti ve on in s ta gram,trung_tinh
sản_phẩm đóng_gói tốt rất đẹp và chất_lượng ạ xứng_đáng được sao,sản_phẩm đóng_gói tốt rất đẹp và chất_lượng ạ xứng_đáng được sao,khen_chat_luong
chất_liệu vãi hơi sốp,chất_liệu vãi hơi sốp,trung_tinh
áo mình săn đồng nhưng rất đẹp luôn ưng cái bụng,áo mình săn đồng nhưng rất đẹp luôn ưng cái bụng,khen_chat_luong
anh ship hàng cs tâm m,anh ship hàng cs tâm m,khen_giao_hang
chất_liệu khong biết,chất_liệu khong biết,trung_tinh
c cũng đệp,c cũng đệp,trung_tinh
chất_liệu vải mỏng,chất_liệu vải mỏng,trung_tinh
giao hàng rất nhanh n s ti k cd e y uu h de ư ơ u g d dy ub cd r y ui h d r tu,giao hàng rất nhanh n s ti k cd e y uu h de ư ơ u g d dy ub cd r y ui h d r tu,khen_giao_hang
áo kh quá dày cũng kh mỏng nhìn giống mẫu hình_ảnh chỉ mang tính_chất nhận xu,áo kh quá dày cũng kh mỏng nhìn giống mẫu hình_ảnh chỉ mang tính_chất nhận xu,trung_tinh
chất_liệu vải hơi mỏng nhưng oki nha,chất_liệu vải hơi mỏng nhưng oki nha,khen_chat_luong
đúng với mô_tả xuất_sắc lun,đúng với mô_tả xuất_sắc lun,dung_voi_mo_ta
mik đặt c mà shop giao cs c may là shop cs tâm hoàn cho mk c nx,mik đặt c mà shop giao cs c may là shop cs tâm hoàn cho mk c nx,trung_tinh
phục_vụ tốt,phục_vụ tốt,khen_chat_luong
áo chin dã_man luôn á k mà đẹp tuyệt cà là vời túi ip xịn xò đóng_gói chắc_chắn áo k mỏng đâu ạ nếu sợ lộ thì mặc áo trong màu_da hoặc trắng nhá tớ m mặc trùm mông ạ giao cx nhanh nữa trong vòng ngày tớ nhận đc hàng r shipper cut i lắm ạ,áo chin dã_man luôn á k mà đẹp tuyệt cà là vời túi ip xịn xò đóng_gói chắc_chắn áo k mỏng đâu ạ nếu sợ lộ thì mặc áo trong màu_da hoặc trắng nhá tớ m mặc trùm mông ạ giao cx nhanh nữa trong vòng ngày tớ nhận đc hàng r shipper cut i lắm ạ,khen_chat_luong
chất_liệu rất ok,chất_liệu rất ok,khen_chat_luong
rất ok nha,rất ok nha,khen_chat_luong
áo chất_liệu dày_dặn v giao hàng nhanh_chóng nên mua nha mọi người,áo chất_liệu dày_dặn v giao hàng nhanh_chóng nên mua nha mọi người,khen_giao_hang
đúng với mô_tả vải mỏng thoáng_khí,đúng với mô_tả vải mỏng thoáng_khí,dung_voi_mo_ta
vải mềm ko mỏng cũng ko dày lắm,vải mềm ko mỏng cũng ko dày lắm,khen_chat_luong
chữ khâu giống hình đáng tiền mua,chữ khâu giống hình đáng tiền mua,dung_voi_mo_ta
mặc lên rất đẹp ko lộ,mặc lên rất đẹp ko lộ,khen_chat_luong
nên mua lần,nên mua lần,de_xuat_mua
giao hàng cũng khá nhanh,giao hàng cũng khá nhanh,khen_giao_hang
áo xinh lắm hơi mỏng có chỉ thừa orm nhỏ nma với giá đó thì xịn rồi,áo xinh lắm hơi mỏng có chỉ thừa orm nhỏ nma với giá đó thì xịn rồi,khen_chat_luong
áo tớ hơn mình tưởng mặc dài tới đầu_gối lùn nhưng_mà hàng đẹp rẻ bên bỏ_qua,áo tớ hơn mình tưởng mặc dài tới đầu_gối lùn nhưng_mà hàng đẹp rẻ bên bỏ_qua,khen_chat_luong
áo vải ko dày cũng k mỏng giá rẻ mà đc chiếc áo như thế thì quá_ư là ok vải ổn lắm mọi ng ạ sẽ ủng_hộ shop dài_dài,áo vải ko dày cũng k mỏng giá rẻ mà đc chiếc áo như thế thì quá_ư là ok vải ổn lắm mọi ng ạ sẽ ủng_hộ shop dài_dài,khen_chat_luong
chất_liệu v,chất_liệu v,trung_tinh
chất_liệu va ỉ mỏng,chất_liệu va ỉ mỏng,trung_tinh
chất_liệu ổn hơi mỏng,chất_liệu ổn hơi mỏng,khen_chat_luong
ổn nha mặc_dù hơi mỏng nhưng cho shop sao,ổn nha mặc_dù hơi mỏng nhưng cho shop sao,khen_chat_luong
áo mỏng mặc mát phù_hợp với giá tiền mặc qua tới mông nói_chung áo rất đẹp,áo mỏng mặc mát phù_hợp với giá tiền mặc qua tới mông nói_chung áo rất đẹp,khen_chat_luong
đúng với mô_tả y e ep,đúng với mô_tả y e ep,dung_voi_mo_ta
tho hón sn sb ư h d ã h ko ne b d n k nẹc nẻ nè ne né nẻ,tho hón sn sb ư h d ã h ko ne b d n k nẹc nẻ nè ne né nẻ,trung_tinh
đúng với mô_tả y é,đúng với mô_tả y é,dung_voi_mo_ta
đúng với mô_tả rất đúng với mô_tả,đúng với mô_tả rất đúng với mô_tả,dung_voi_mo_ta
màu_sắc t rắn h,màu_sắc t rắn h,trung_tinh
chất_liệu không nhớ,chất_liệu không nhớ,trung_tinh
chất_liệu nóng,chất_liệu nóng,trung_tinh
mặc hơi nóng,mặc hơi nóng,trung_tinh
chất_liệu mỏng,chất_liệu mỏng,trung_tinh
đúng với mô_tả ít có chỉ thừa in đẹp sắc nét ship bơ giao hàng thân_thiện đúng vs ảnh,đúng với mô_tả ít có chỉ thừa in đẹp sắc nét ship bơ giao hàng thân_thiện đúng vs ảnh,khen_chat_luong
chất_liệu hum bt,chất_liệu hum bt,trung_tinh
áo hơi mỏng với_lại có mấy vết dơ ở cổ áo nma vs giá tiền này thì mình ko đòi_hỏi nhìu,áo hơi mỏng với_lại có mấy vết dơ ở cổ áo nma vs giá tiền này thì mình ko đòi_hỏi nhìu,gia_tri_gia
chất_liệu tạm đc,chất_liệu tạm đc,trung_tinh
đúng với mô_tả hơi mỏng,đúng với mô_tả hơi mỏng,dung_voi_mo_ta
áo_dài hợp với ng cao hơn ạ d s d v v g va x c g,áo_dài hợp với ng cao hơn ạ d s d v v g va x c g,trung_tinh
đúng với mô_tả giống in hình,đúng với mô_tả giống in hình,dung_voi_mo_ta
mình dùng vo uc he r mới lập shop e e thì còn có mỗi,mình dùng vo uc he r mới lập shop e e thì còn có mỗi,trung_tinh
k thoi i mn ạ,k thoi i mn ạ,trung_tinh
đúng với mô_tả chất được nên mua,đúng với mô_tả chất được nên mua,dung_voi_mo_ta
sẽ quay lại ủng hôn shop á h h sn n sn sb si h,sẽ quay lại ủng hôn shop á h h sn n sn sb si h,de_xuat_mua
áo đẹp giao o nhanh h ạ mua nha mn chất áo cũng ổn,áo đẹp giao o nhanh h ạ mua nha mn chất áo cũng ổn,khen_chat_luong
hàng rất đẹp và tốt tuy_nhiên vải hơi mong và mặc khá là nóng,hàng rất đẹp và tốt tuy_nhiên vải hơi mong và mặc khá là nóng,khen_chat_luong
chất_liệu mềm_mỏng,chất_liệu mềm_mỏng,khen_chat_luong
nói_chung mình mua lúc sa le k re e ship nữa nên ko có chê đâu được,nói_chung mình mua lúc sa le k re e ship nữa nên ko có chê đâu được,khen_giao_hang
chất_liệu cotton,chất_liệu cotton,trung_tinh
chất_liệu áo hơi mỏng,chất_liệu áo hơi mỏng,trung_tinh
hmm áo to đại,hmm áo to đại,trung_tinh
đẹp đại,đẹp đại,khen_chat_luong
giao cũng nhanh,giao cũng nhanh,khen_giao_hang
nhma bị mẹ phát_hiện nên cho sao thôi nha,nhma bị mẹ phát_hiện nên cho sao thôi nha,trung_tinh
màu_sắc trắng_tinh hơn video nhé,màu_sắc trắng_tinh hơn video nhé,trung_tinh
đúng với mô_tả đẹp và rẻ đáng mua ạ,đúng với mô_tả đẹp và rẻ đáng mua ạ,khen_chat_luong
chất_liệu vải mềm,chất_liệu vải mềm,khen_chat_luong
màu_sắc y hình nha mọi người,màu_sắc y hình nha mọi người,trung_tinh
đúng với mô_tả đúng vs mô_tả mha,đúng với mô_tả đúng vs mô_tả mha,dung_voi_mo_ta
áo đẹp,áo đẹp,khen_chat_luong
y_hệt hình nha mọi người,y_hệt hình nha mọi người,trung_tinh
giao hàng nhanh shipper thân_thiện,giao hàng nhanh shipper thân_thiện,khen_giao_hang
xinh h xỉu á,xinh h xỉu á,khen_chat_luong
mỗi_tội vải hơi mỏng nhma mình mua có nghìn nên không đòi_hỏi gì nhìu ạ,mỗi_tội vải hơi mỏng nhma mình mua có nghìn nên không đòi_hỏi gì nhìu ạ,trung_tinh
giao hàng rất nhanh shipper thân_thiện,giao hàng rất nhanh shipper thân_thiện,khen_giao_hang
xịn nha nên mua nhưng vải hơi mỏng mà ẻm đẹp nên bỏ_qua,xịn nha nên mua nhưng vải hơi mỏng mà ẻm đẹp nên bỏ_qua,khen_chat_luong
áo po lo trắng lo ui s he ar t hình,áo po lo trắng lo ui s he ar t hình,trung_tinh
thích nhất xám,thích nhất xám,trung_tinh
đúng với mô_tả mỏng xuyên thấu vải nóng,đúng với mô_tả mỏng xuyên thấu vải nóng,dung_voi_mo_ta
áo cx ok phét tạo acc mới mua mất có k k tiền ship thôi ok rồi nên mua,áo cx ok phét tạo acc mới mua mất có k k tiền ship thôi ok rồi nên mua,khen_chat_luong
chất_liệu hơi mỏng,chất_liệu hơi mỏng,trung_tinh
hàng khá đúng chất vải ko quá dày giao hàng nhanh tầm ngày là có vs số tìn ra cũng ko đòi_hỏi phải có một cái thui_thủi một_mình để bên cạnh,hàng khá đúng chất vải ko quá dày giao hàng nhanh tầm ngày là có vs số tìn ra cũng ko đòi_hỏi phải có một cái thui_thủi một_mình để bên cạnh,khen_giao_hang
áo xinh lắm mn ơi thực_sự là nên mua nha a,áo xinh lắm mn ơi thực_sự là nên mua nha a,khen_chat_luong
áo rất đẹp,áo rất đẹp,khen_chat_luong
áo mỏng lắm í xem ảnh thì tưởng vải đẹp mà nhận hàng xong thất_vọng luôn á,áo mỏng lắm í xem ảnh thì tưởng vải đẹp mà nhận hàng xong thất_vọng luôn á,phan_nan_chat_luong
cũng vì ham rẻ nên mua ai_ngờ rằng,cũng vì ham rẻ nên mua ai_ngờ rằng,de_xuat_mua
đẹp giao cũng nhanh chữ thêu rất xinh nói_chung là đẹp p,đẹp giao cũng nhanh chữ thêu rất xinh nói_chung là đẹp p,khen_chat_luong
áo xinh cực nhé mọi người hàng giao chuẩn ship cư tê vãi ò luôn í,áo xinh cực nhé mọi người hàng giao chuẩn ship cư tê vãi ò luôn í,khen_chat_luong
đúng với mô_tả y e,đúng với mô_tả y e,dung_voi_mo_ta
chỗ cổ áo trong có bị lỗi xíu nhưng được che bằng cổ áo ngoài nên chắc không ai biết,chỗ cổ áo trong có bị lỗi xíu nhưng được che bằng cổ áo ngoài nên chắc không ai biết,phan_nan_chat_luong
chất_liệu vãi tăm,chất_liệu vãi tăm,trung_tinh
áo hơi mỏng giao hàng nhanh ko có chỉ thừa,áo hơi mỏng giao hàng nhanh ko có chỉ thừa,khen_giao_hang
mik m mặc qua mông lun ă rất vừa văn,mik m mặc qua mông lun ă rất vừa văn,trung_tinh
mik sẽ còn ql ủng_hộ nha a,mik sẽ còn ql ủng_hộ nha a,trung_tinh
đúng với mô tảo ke,đúng với mô tảo ke,trung_tinh
áo ổn với giá,áo ổn với giá,khen_chat_luong
vải dày_dặn dùng rất thích mê lii áo nhận xinh hg g như hình lun n n cl l ưng g aa thể,vải dày_dặn dùng rất thích mê lii áo nhận xinh hg g như hình lun n n cl l ưng g aa thể,khen_chat_luong
dáng áo đep,dáng áo đep,trung_tinh
vải hơi mỏng giao hàng nhanh hình in đep,vải hơi mỏng giao hàng nhanh hình in đep,khen_giao_hang
sản_phẩm đẳng s cấp đẹp xỉu mik thích lắm sau_này sẽ quay lại ủng_hộ shop,sản_phẩm đẳng s cấp đẹp xỉu mik thích lắm sau_này sẽ quay lại ủng_hộ shop,khen_chat_luong
sẽ ghé lại mua đồ của shop hy_vọng vẫn có được trải_nghiệm tốt như lần này,sẽ ghé lại mua đồ của shop hy_vọng vẫn có được trải_nghiệm tốt như lần này,khen_chat_luong
chất_liệu vải dày_dặn,chất_liệu vải dày_dặn,trung_tinh
màu_sắc trắng_tinh khôi,màu_sắc trắng_tinh khôi,trung_tinh
áo đẹp tem mác đầy_đủ gói hàng xịn rất đáng mua,áo đẹp tem mác đầy_đủ gói hàng xịn rất đáng mua,khen_chat_luong
màu_sắc giống mẫu,màu_sắc giống mẫu,trung_tinh
hợp với giá tiến,hợp với giá tiến,gia_tri_gia
áo lên orm đáng rất đẹp nhưng_mà chất vải hơi mong nên dễ bị nhìn xuyên thấu,áo lên orm đáng rất đẹp nhưng_mà chất vải hơi mong nên dễ bị nhìn xuyên thấu,khen_chat_luong
chất_liệu vai r da cas,chất_liệu vai r da cas,trung_tinh
oi mng oi áo đáng mua lắm ạ có bìa vì thêu mà mng hỏi ngoo qa xịn vc ncl ok ạ k mỏng lắm đâu có_khi con d k xuyên bằng áo đồng_phục ý mặc hơi đâm đâm,oi mng oi áo đáng mua lắm ạ có bìa vì thêu mà mng hỏi ngoo qa xịn vc ncl ok ạ k mỏng lắm đâu có_khi con d k xuyên bằng áo đồng_phục ý mặc hơi đâm đâm,khen_chat_luong
đúng với mô_tả quên ròi,đúng với mô_tả quên ròi,dung_voi_mo_ta
chữ trên áo là chữ thêu k phải hình in nha mn,chữ trên áo là chữ thêu k phải hình in nha mn,trung_tinh
với giá rẻ mà đc chiếc áo như này là quá hời rùi,với giá rẻ mà đc chiếc áo như này là quá hời rùi,gia_tri_gia
chất_liệu thun gân,chất_liệu thun gân,trung_tinh
áo tương_đối dày không mỏng lắm giống hình chất_lượng rất ok ii mọi người nên mua thử mà giá còn rẻ,áo tương_đối dày không mỏng lắm giống hình chất_lượng rất ok ii mọi người nên mua thử mà giá còn rẻ,khen_chat_luong
màu_sắc cũng được,màu_sắc cũng được,trung_tinh
đúng với mô_tả mấy bạn trên này đẹp hk mn hàng ok nha mn,đúng với mô_tả mấy bạn trên này đẹp hk mn hàng ok nha mn,khen_chat_luong
váy đẹp lắm mọi người ơi giá lại rẻ nữa mọi người nên mua ạ lên om đẹp quá_trời,váy đẹp lắm mọi người ơi giá lại rẻ nữa mọi người nên mua ạ lên om đẹp quá_trời,khen_chat_luong
chất_liệu trơn,chất_liệu trơn,trung_tinh
đúng với mô_tả đúng với hình,đúng với mô_tả đúng với hình,dung_voi_mo_ta
hình_ảnh mang tính_chất nhận xu đừng để_ý,hình_ảnh mang tính_chất nhận xu đừng để_ý,trung_tinh
eo váy hơi to và váy hơi ngắn,eo váy hơi to và váy hơi ngắn,trung_tinh
đúng với mô_tả tạm đc,đúng với mô_tả tạm đc,dung_voi_mo_ta
váy đẹp nhưng hơi ngắn eo thì rộng quá tạm được thoi tiền nào của đấy,váy đẹp nhưng hơi ngắn eo thì rộng quá tạm được thoi tiền nào của đấy,khen_chat_luong
chất_liệu vải thô,chất_liệu vải thô,trung_tinh
đúng với mô_tả rộng eo,đúng với mô_tả rộng eo,dung_voi_mo_ta
kh có gì nổi_bật,kh có gì nổi_bật,trung_tinh
eo rộng nhưng voi qs giá k thì kh đòi_hỏi gì thêm,eo rộng nhưng voi qs giá k thì kh đòi_hỏi gì thêm,khen_chat_luong
mua về mặc đi chụp ảnh thì ok chứ mặc đi chơi hay cỗ thì kh đc đâu,mua về mặc đi chụp ảnh thì ok chứ mặc đi chơi hay cỗ thì kh đc đâu,khen_chat_luong
váy đẹp p lắm nha nhưng_mà phần eo thì hou rộng vãi cx hok dày lắm nhưng_mà ay thù cx ok rồi m,váy đẹp p lắm nha nhưng_mà phần eo thì hou rộng vãi cx hok dày lắm nhưng_mà ay thù cx ok rồi m,khen_chat_luong
n nên thử nha,n nên thử nha,trung_tinh
đúng với mô_tả đúng mẫu,đúng với mô_tả đúng mẫu,dung_voi_mo_ta
hơi rộng tí,hơi rộng tí,trung_tinh
đúng với mô_tả tầm giá này ok,đúng với mô_tả tầm giá này ok,khen_chat_luong
tạm đc,tạm đc,trung_tinh
kg sie m eo hơi rộng nc ổn so với giá,kg sie m eo hơi rộng nc ổn so với giá,khen_chat_luong
giao đúng mẫu,giao đúng mẫu,trung_tinh
hàng giao nhanh mặc đẹp,hàng giao nhanh mặc đẹp,khen_chat_luong
chất_liệu nỉ,chất_liệu nỉ,trung_tinh
chất lg sản_phẩm tạm ổn thời_gian giao hàng nhanh_chóng shop phục vuu tình nói_chung là suy_nghĩ trc khi mua nha vải mỏng với ngắn,chất lg sản_phẩm tạm ổn thời_gian giao hàng nhanh_chóng shop phục vuu tình nói_chung là suy_nghĩ trc khi mua nha vải mỏng với ngắn,khen_chat_luong
đúng với mô_tả tốt hơi rộng,đúng với mô_tả tốt hơi rộng,khen_chat_luong
chất_liệu khoong biet nua,chất_liệu khoong biet nua,trung_tinh
chất_liệu tốt nên mua mua lúc sa le nên giá rẻ lần sau sẽ ủng_hộ shop,chất_liệu tốt nên mua mua lúc sa le nên giá rẻ lần sau sẽ ủng_hộ shop,khen_chat_luong
điểm trừ là phần eo ko có bóp dô nên nhìn như có bầu vậy át ui phải lấy kẹp tóc kẹp phía sau để chụp hình í,điểm trừ là phần eo ko có bóp dô nên nhìn như có bầu vậy át ui phải lấy kẹp tóc kẹp phía sau để chụp hình í,trung_tinh
chất_liệu đẹp p xuất_sắc,chất_liệu đẹp p xuất_sắc,khen_chat_luong
đúng với mô_tả đẹp p,đúng với mô_tả đẹp p,khen_chat_luong
nên mua nha mọi người có gì để chê cả,nên mua nha mọi người có gì để chê cả,de_xuat_mua
hình_ảnh chỉ mang tính_chất minh_hoạ thoi i nhé,hình_ảnh chỉ mang tính_chất minh_hoạ thoi i nhé,trung_tinh
chất_liệu bằng da bằng thịt,chất_liệu bằng da bằng thịt,trung_tinh
màu_sắc tình_yêu màu hồng,màu_sắc tình_yêu màu hồng,trung_tinh
đúng với mô_tả ta e ko ok mãi đỉnh h,đúng với mô_tả ta e ko ok mãi đỉnh h,khen_chat_luong
chất_liệu k bt nhưng cứng sờ thấy xơ xơ_cứng k đc mềm,chất_liệu k bt nhưng cứng sờ thấy xơ xơ_cứng k đc mềm,khen_chat_luong
đúng với mô_tả giao đúng màu đúng hàng,đúng với mô_tả giao đúng màu đúng hàng,dung_voi_mo_ta
tr ơi mang sao thấy nó nhỏ vs ngắn v tr mang như mấy đứa ca ap ms bấm ô thấy đang sa le k mua lun,tr ơi mang sao thấy nó nhỏ vs ngắn v tr mang như mấy đứa ca ap ms bấm ô thấy đang sa le k mua lun,trung_tinh
mong_chờ nhận hàng mở ra hơi thất_vọng nhỏ mà thấy vải thô cứng,mong_chờ nhận hàng mở ra hơi thất_vọng nhỏ mà thấy vải thô cứng,phan_nan_chat_luong
nhìu chỉ thừa,nhìu chỉ thừa,trung_tinh
chất_liệu kh biết,chất_liệu kh biết,trung_tinh
ảnh và video chỉ mang tính_chất minh_hoạ,ảnh và video chỉ mang tính_chất minh_hoạ,trung_tinh
giao hàng nhanh ạ,giao hàng nhanh ạ,khen_giao_hang
shipper,shipper,khen_giao_hang
kh i ill be in the oi c e tom o r ro mo r nin g and i ha ve an ho u r and a min ut e i,kh i ill be in the oi c e tom o r ro mo r nin g and i ha ve an ho u r and a min ut e i,trung_tinh
chất_liệu thô,chất_liệu thô,trung_tinh
dễ bị rách cũng được,dễ bị rách cũng được,trung_tinh
thu r ku k r h ku me g n s m ru hn e y n sa g ke y eke um y ky ag n gs ag y s m,thu r ku k r h ku me g n s m ru hn e y n sa g ke y eke um y ky ag n gs ag y s m,trung_tinh
chất_liệu tạm ổn so với giá tiền đó,chất_liệu tạm ổn so với giá tiền đó,khen_chat_luong
hình_ảnh chỉ mang tính tham_khảo,hình_ảnh chỉ mang tính tham_khảo,trung_tinh
sản_phẩm tuyệt_vời chất_lượng như í hơi mỏng phù_hợp giá tiền sài khá ok,sản_phẩm tuyệt_vời chất_lượng như í hơi mỏng phù_hợp giá tiền sài khá ok,khen_chat_luong
chất_liệu thường,chất_liệu thường,trung_tinh
màu_sắc nâu,màu_sắc nâu,trung_tinh
đúng với mô_tả đúng in,đúng với mô_tả đúng in,dung_voi_mo_ta
video và hình_ảnh kh lq ạ,video và hình_ảnh kh lq ạ,trung_tinh
vừa nhận hàng,vừa nhận hàng,trung_tinh
cũng hợp vs giá tiền,cũng hợp vs giá tiền,gia_tri_gia
nói_chung là oke,nói_chung là oke,khen_chat_luong
đúng với mô_tả hơi bự chỗ eo,đúng với mô_tả hơi bự chỗ eo,dung_voi_mo_ta
chất_liệu ai biết,chất_liệu ai biết,trung_tinh
mặc dô nhìn như cái bao_bố,mặc dô nhìn như cái bao_bố,trung_tinh
bóp eo không đc mà để nguyên không xong,bóp eo không đc mà để nguyên không xong,trung_tinh
bóp eo nhìn dô nó hông đều,bóp eo nhìn dô nó hông đều,trung_tinh
nói_chung tiền_nào_của_nấy,nói_chung tiền_nào_của_nấy,trung_tinh
mang tính tính_chất đánh_giá lấy xu hàng săn seo cũng ok,mang tính tính_chất đánh_giá lấy xu hàng săn seo cũng ok,khen_chat_luong
vải hơi mỏng nhưng với giá tiền này thì tuỵ t mn nên mua nha rẻ còn đẹp,vải hơi mỏng nhưng với giá tiền này thì tuỵ t mn nên mua nha rẻ còn đẹp,khen_chat_luong
chất_liệu trơn mịn,chất_liệu trơn mịn,trung_tinh
đường chỉ hơi cầu thả,đường chỉ hơi cầu thả,trung_tinh
chất_liệu vải hơi thất_vọng xíu nhưng với giá này thì cũng tạm ổn,chất_liệu vải hơi thất_vọng xíu nhưng với giá này thì cũng tạm ổn,phan_nan_chat_luong
đúng với mô_tả rộng hơn,đúng với mô_tả rộng hơn,dung_voi_mo_ta
váy ngắn nhưng mình săn với giá k như_vậy cũng xứng_đáng,váy ngắn nhưng mình săn với giá k như_vậy cũng xứng_đáng,gia_tri_gia
đúng với mô_tả b d b x h bs a b,đúng với mô_tả b d b x h bs a b,dung_voi_mo_ta
chất_liệu b d bs sb b,chất_liệu b d bs sb b,trung_tinh
màu_sắc trắng nee,màu_sắc trắng nee,trung_tinh
chất_liệu do khum biet,chất_liệu do khum biet,trung_tinh
đẹp q u ó o_o tr nè ae tui mua vs giá k mà váy bị đỉnh h luôn a kh ngờ vd khum l quan lắm ae thông_cảm,đẹp q u ó o_o tr nè ae tui mua vs giá k mà váy bị đỉnh h luôn a kh ngờ vd khum l quan lắm ae thông_cảm,khen_chat_luong
anh ơi anh có mún cho chị nhá em có đi dc ạ ạ à mà anh không có tiền k cho chị nhá chị trang ơi chị có đi làm gì thế_thì,anh ơi anh có mún cho chị nhá em có đi dc ạ ạ à mà anh không có tiền k cho chị nhá chị trang ơi chị có đi làm gì thế_thì,trung_tinh
chân gà sốt thái bao ngon nha,chân gà sốt thái bao ngon nha,khen_chat_luong
tặng kèm nước_chấm,tặng kèm nước_chấm,trung_tinh
phần nhỏ k,phần nhỏ k,trung_tinh
phần_lớn k,phần_lớn k,trung_tinh
người ăn ib cho mình hay gọi qua sđt nha,người ăn ib cho mình hay gọi qua sđt nha,trung_tinh
váy mà như cái giẻ lau luôn áo k ra áo váy k ra váy vải thì thô như,váy mà như cái giẻ lau luôn áo k ra áo váy k ra váy vải thì thô như,trung_tinh
lần đầu mua cũng tạm được sẽ ủng_hộ shop vào lần sau nữa chất tạm được,lần đầu mua cũng tạm được sẽ ủng_hộ shop vào lần sau nữa chất tạm được,trung_tinh
đúng với mô_tả đúng g,đúng với mô_tả đúng g,dung_voi_mo_ta
chất_liệu vải i,chất_liệu vải i,trung_tinh
màu sắc đen n,màu sắc đen n,trung_tinh
giao hàng nhanh mọi người nên mua về dùng,giao hàng nhanh mọi người nên mua về dùng,khen_giao_hang
váy hơi rộng eo,váy hơi rộng eo,trung_tinh
váy bình thư in g k đẹp cho lắm nhưng tiền_nào_của_nấy thôi ạ,váy bình thư in g k đẹp cho lắm nhưng tiền_nào_của_nấy thôi ạ,khen_chat_luong
chất vải đẹp nhưng hơn rộ in g khi mặ lên nó cứ tụt xg shop nên lưu_ý nha,chất vải đẹp nhưng hơn rộ in g khi mặ lên nó cứ tụt xg shop nên lưu_ý nha,khen_chat_luong
đầm rất giống hình,đầm rất giống hình,dung_voi_mo_ta
phần eo bị rộng và vải mỏng nên chỉ mặc ở nhà thui,phần eo bị rộng và vải mỏng nên chỉ mặc ở nhà thui,trung_tinh
ok lắm,ok lắm,khen_chat_luong
chất_liệu b t hg,chất_liệu b t hg,trung_tinh
buộc cổ,buộc cổ,trung_tinh
h ã ut h si b k v taro s l cd it ao t x vu di gr r,h ã ut h si b k v taro s l cd it ao t x vu di gr r,trung_tinh
đúng với mô_tả giống nè,đúng với mô_tả giống nè,dung_voi_mo_ta
chất_liệu hơi mỏng xíu,chất_liệu hơi mỏng xíu,trung_tinh
màu_sắc giống,màu_sắc giống,trung_tinh
hàng đẹp chất_lượng shipper hoà_đồng vui_tính,hàng đẹp chất_lượng shipper hoà_đồng vui_tính,khen_chat_luong
nắng ấm xa dần khép lại khi em đã xa rồi mùa đông ấy đã cướp đi sinh_mạng của t với thằng bạn thân của mình thì ai cũng có_thể nói là ông lên tầng xuống tạp_chí play bo y bị chồng đánh_đập dã,nắng ấm xa dần khép lại khi em đã xa rồi mùa đông ấy đã cướp đi sinh_mạng của t với thằng bạn thân của mình thì ai cũng có_thể nói là ông lên tầng xuống tạp_chí play bo y bị chồng đánh_đập dã,trung_tinh
chất_liệu ok lắm nha,chất_liệu ok lắm nha,khen_chat_luong
đúng với mô_tả đúng như ảnh nhưng hơi rộng xíu ạ,đúng với mô_tả đúng như ảnh nhưng hơi rộng xíu ạ,dung_voi_mo_ta
hình_ảnh chỉ mang tính_chất nhận xu mọi người thông_cảm,hình_ảnh chỉ mang tính_chất nhận xu mọi người thông_cảm,trung_tinh
váy chất vải hơi mỏng orm áo cũng không được giống trong hình,váy chất vải hơi mỏng orm áo cũng không được giống trong hình,trung_tinh
phần eo váy hơi bị rộng luôn á hu huu,phần eo váy hơi bị rộng luôn á hu huu,trung_tinh
màu_sắc t rắn n g,màu_sắc t rắn n g,trung_tinh
chất_liệu vải thoáng,chất_liệu vải thoáng,trung_tinh
có thêm miếng mút ngực nữa là hết nước chấm,có thêm miếng mút ngực nữa là hết nước chấm,khen_chat_luong
nhận về hàng khác ảnh,nhận về hàng khác ảnh,trung_tinh
chất_lượng sản_phẩm xấu,chất_lượng sản_phẩm xấu,phan_nan_chat_luong
đúng với mô_tả đúng vs hình_ảnh,đúng với mô_tả đúng vs hình_ảnh,dung_voi_mo_ta
đẹp nhưng_mà hơi mỏng so với giá tiền cũng hợp,đẹp nhưng_mà hơi mỏng so với giá tiền cũng hợp,khen_chat_luong
he l lo cin chào tuyệt_vời alo hi_hi hú hú sản_phẩm đúng đẹp xinh h,he l lo cin chào tuyệt_vời alo hi_hi hú hú sản_phẩm đúng đẹp xinh h,khen_chat_luong
chất_liệu vải mát,chất_liệu vải mát,trung_tinh
đúng với mô_tả ch x,đúng với mô_tả ch x,dung_voi_mo_ta
mỏng lắm nha,mỏng lắm nha,trung_tinh
nhưng vs giá này thì không đòi_hỏi gì nhiều,nhưng vs giá này thì không đòi_hỏi gì nhiều,gia_tri_gia
tạm ổn,tạm ổn,khen_chat_luong
xịn nhé mn oke e lắm nha hay nên thử mia the d xinh h,xịn nhé mn oke e lắm nha hay nên thử mia the d xinh h,khen_chat_luong
đúng với mô tản gắn quá,đúng với mô tản gắn quá,trung_tinh
với giá tiền thì ko xứng_đáng quá mỏng vs ngắn nữa phần eo rộng sẽ không có lần sau mua n lai nữa,với giá tiền thì ko xứng_đáng quá mỏng vs ngắn nữa phần eo rộng sẽ không có lần sau mua n lai nữa,gia_tri_gia
có đều vải hơi mỏng xíu,có đều vải hơi mỏng xíu,trung_tinh
giao hàng nhanh sẽ ủng_hộ,giao hàng nhanh sẽ ủng_hộ,khen_giao_hang
đáng đồng_tiền,đáng đồng_tiền,trung_tinh
chất_liệu i như vải dù ấy kiểu trơn trơn,chất_liệu i như vải dù ấy kiểu trơn trơn,trung_tinh
vải tạm được nói_chung với giá tiền như_vậy là quá ok hàng giao nhanh nha,vải tạm được nói_chung với giá tiền như_vậy là quá ok hàng giao nhanh nha,khen_chat_luong
rất ưng,rất ưng,trung_tinh
ổn thôi nha nó rộng mà ngắn như áo í nhm dưới mét chắc đc nhm ú tí chứ gầy thì ko mặc đc,ổn thôi nha nó rộng mà ngắn như áo í nhm dưới mét chắc đc nhm ú tí chứ gầy thì ko mặc đc,khen_chat_luong
chất_lượng sản_phẩm ok dá rẻ mình cực thích ạk,chất_lượng sản_phẩm ok dá rẻ mình cực thích ạk,khen_chat_luong
hình_ảnh k liên_quan nhưng váy nhân về xấu quá,hình_ảnh k liên_quan nhưng váy nhân về xấu quá,phan_nan_chat_luong
đánh_giá để nhận xu thôi ạ,đánh_giá để nhận xu thôi ạ,gia_tri_gia
giao hàng nhanh_chóng,giao hàng nhanh_chóng,khen_giao_hang
đúng với mô_tả ko giống ảnh,đúng với mô_tả ko giống ảnh,dung_voi_mo_ta
váy rõ xấu vải thì như vải vứt đi í xấu cực eo thì rộng tay váy thì có chun nma rộng xỉu,váy rõ xấu vải thì như vải vứt đi í xấu cực eo thì rộng tay váy thì có chun nma rộng xỉu,phan_nan_chat_luong
mn cân_nhắc nha,mn cân_nhắc nha,trung_tinh
ncl váy xấu lắm ạ,ncl váy xấu lắm ạ,phan_nan_chat_luong
chất_liệu chơn,chất_liệu chơn,trung_tinh
sản_phẩm đẹp nhưng hơi mỏng hình_ảnh mang tính_chất minh_hoạ,sản_phẩm đẹp nhưng hơi mỏng hình_ảnh mang tính_chất minh_hoạ,khen_chat_luong
được,được,trung_tinh
vận_chuyển hàng nhanh,vận_chuyển hàng nhanh,khen_giao_hang
cũng được nhưng khá mỏng thô hong đẹp cho lắm hợp với giá tiền ok,cũng được nhưng khá mỏng thô hong đẹp cho lắm hợp với giá tiền ok,khen_chat_luong
chất thì được nhưng hơi ngắn nói_chung chỉ người ốm mặc được thôi,chất thì được nhưng hơi ngắn nói_chung chỉ người ốm mặc được thôi,trung_tinh
váy đẹp nhưng hơi rộng so với mình màu trắng cũng không mỏng đâu ạ mọi người nên mua,váy đẹp nhưng hơi rộng so với mình màu trắng cũng không mỏng đâu ạ mọi người nên mua,khen_chat_luong
hơi ngắn,hơi ngắn,trung_tinh
với số tiền thì khá là okk,với số tiền thì khá là okk,khen_chat_luong
sau sẽ tiếp_tục ủng_hộ shop p,sau sẽ tiếp_tục ủng_hộ shop p,trung_tinh
đẹp p,đẹp p,khen_chat_luong
hii,hii,trung_tinh
mình thấy giao hàng rất nhanh,mình thấy giao hàng rất nhanh,khen_giao_hang
mình m nặng cân mặc vô thấy hơi rộng ở phần eo,mình m nặng cân mặc vô thấy hơi rộng ở phần eo,trung_tinh
đúng với mô_tả đẹp vừa vải dày,đúng với mô_tả đẹp vừa vải dày,khen_chat_luong
vải đẹp chuẩn đng mẫu giao nhanh,vải đẹp chuẩn đng mẫu giao nhanh,khen_chat_luong
đúng với mô_tả đúng nha a,đúng với mô_tả đúng nha a,dung_voi_mo_ta
quá là xinh luôn nha a bà,quá là xinh luôn nha a bà,khen_chat_luong
hình_ảnh mang tc nhận xu,hình_ảnh mang tc nhận xu,trung_tinh
đúng với mô_tả váy xinh hơi mỏng ảnh minh_hoạ thôi mọi người nhé,đúng với mô_tả váy xinh hơi mỏng ảnh minh_hoạ thôi mọi người nhé,khen_chat_luong
hình_ảnh mang tính_chất lấy xu,hình_ảnh mang tính_chất lấy xu,trung_tinh
váy hơi ngắn nma đẹp giao hàng nhanh mua đợt sa le nên rẻ lắm,váy hơi ngắn nma đẹp giao hàng nhanh mua đợt sa le nên rẻ lắm,khen_chat_luong
chúng_tôi đã nhận được tin nhắn của bạn và sẽ sớm trả_lời,chúng_tôi đã nhận được tin nhắn của bạn và sẽ sớm trả_lời,trung_tinh
chất_liệu khá dày,chất_liệu khá dày,trung_tinh
áo hơi rộng so vs mong_chờ,áo hơi rộng so vs mong_chờ,trung_tinh
độ lưu hương lâu,độ lưu hương lâu,phan_nan_giao_hang
mùi hương tốt,mùi hương tốt,phan_nan_chat_luong
mùi hương rất thơm,mùi hương rất thơm,phan_nan_chat_luong
độ lưu hương thơm khá lâu,độ lưu hương thơm khá lâu,phan_nan_giao_hang
nên mua shop bán rất là uy_tín lun đã mua đc hai lần mà lần nào mua cũng rất là ưng lun,nên mua shop bán rất là uy_tín lun đã mua đc hai lần mà lần nào mua cũng rất là ưng lun,de_xuat_mua
mùi hương hồng,mùi hương hồng,phan_nan_chat_luong
độ lưu hương lâu_dài,độ lưu hương lâu_dài,phan_nan_giao_hang
sản_phẩm tốt chưa sử_dụng nên chưa biết nên mua nhá mọi người,sản_phẩm tốt chưa sử_dụng nên chưa biết nên mua nhá mọi người,khen_chat_luong
mùi hương ngọt,mùi hương ngọt,phan_nan_chat_luong
độ lưu hương h,độ lưu hương h,trung_tinh
mua đc giá k,mua đc giá k,gia_tri_gia
mn nên mua thử nha,mn nên mua thử nha,de_xuat_mua
chỉ k dc lo mc hoa rẻ quá chòi rẻ,chỉ k dc lo mc hoa rẻ quá chòi rẻ,gia_tri_gia
ko uổng công m săn sa le,ko uổng công m săn sa le,khen_chat_luong
mùi hương c hi h b,mùi hương c hi h b,phan_nan_chat_luong
thơm giao hàng nhanh hình_ảnh và video mang tính_chất minh_hoạ,thơm giao hàng nhanh hình_ảnh và video mang tính_chất minh_hoạ,khen_giao_hang
mùi hương đầm nhẹ,mùi hương đầm nhẹ,phan_nan_chat_luong
độ lưu hương lâu khó bay mùi,độ lưu hương lâu khó bay mùi,phan_nan_chat_luong
mình vừa nhận được hàng,mình vừa nhận được hàng,trung_tinh
chưa gì đã thấy shop rất dễ_thương,chưa gì đã thấy shop rất dễ_thương,trung_tinh
sản_phẩm thì khỏi bàn_cãi mặc_dù không đắt nhưng chất_lượng rất tốt,sản_phẩm thì khỏi bàn_cãi mặc_dù không đắt nhưng chất_lượng rất tốt,khen_chat_luong
lần sau tôi sẽ mua tiếp ủng_hộ shop hi_hi,lần sau tôi sẽ mua tiếp ủng_hộ shop hi_hi,de_xuat_mua
mùi hương thơm,mùi hương thơm,phan_nan_chat_luong
độ lưu hương ổn,độ lưu hương ổn,khen_chat_luong
dhx hx cũng trong thời_kỳ đầu của em về chưa tr r x x b x b x h x b x x b xn xu x b x h x b h x v d b x,dhx hx cũng trong thời_kỳ đầu của em về chưa tr r x x b x b x h x b x x b xn xu x b x h x b h x v d b x,trung_tinh
mùi hương cũng thom m,mùi hương cũng thom m,phan_nan_chat_luong
độ lưu hương nhanh bay y mùi nóm,độ lưu hương nhanh bay y mùi nóm,phan_nan_chat_luong
e e e s to s t do y v vi o_o uy i d si di dy d,e e e s to s t do y v vi o_o uy i d si di dy d,trung_tinh
shop đóng_gói cẩn_thận ship hàng nhanh gon lẹ shipper nhiệt_tình chưa cui lên k biết mùi ntn,shop đóng_gói cẩn_thận ship hàng nhanh gon lẹ shipper nhiệt_tình chưa cui lên k biết mùi ntn,phan_nan_chat_luong
mùi hương cx đc,mùi hương cx đc,phan_nan_chat_luong
độ lưu hương ch k dùng nên chk bt,độ lưu hương ch k dùng nên chk bt,trung_tinh
dùng cx đc nên mua nha,dùng cx đc nên mua nha,de_xuat_mua
mùi hương thom nhe,mùi hương thom nhe,phan_nan_chat_luong
mùi thơm nhẹ giá rẻ,mùi thơm nhẹ giá rẻ,phan_nan_chat_luong
mùi hương dễ_chịu,mùi hương dễ_chịu,phan_nan_chat_luong
độ lưu hương tiếng,độ lưu hương tiếng,trung_tinh
xk ti cy oc p gu gi g h h hh o h hi gi gi gig gi gi g gg cc h h hhu u,xk ti cy oc p gu gi g h h hh o h hi gi gi gig gi gi g gg cc h h hhu u,trung_tinh
mùi hương cooc,mùi hương cooc,phan_nan_chat_luong
độ lưu hương ch sử_dụng k bt,độ lưu hương ch sử_dụng k bt,trung_tinh
rất xinh mn nên mua hương lúc đầu hơi nồng khoản vài phút sau thì nhẹ lại,rất xinh mn nên mua hương lúc đầu hơi nồng khoản vài phút sau thì nhẹ lại,phan_nan_chat_luong
nước_hoa không được ưng lắm m,nước_hoa không được ưng lắm m,trung_tinh
mùi hương hơi nồng nha mọi người,mùi hương hơi nồng nha mọi người,phan_nan_chat_luong
mùi hương ok,mùi hương ok,phan_nan_chat_luong
độ lưu hương p,độ lưu hương p,trung_tinh
thật hài_lòng khi khui hàng ra,thật hài_lòng khi khui hàng ra,trung_tinh
mùi thơm dễ_chịu tuy không_lưu hương lâu tuy_nhiên với giá tiền như_vậy thì sở_hữu chai thế_này thì quá là tuyệt_cú mèo rồi,mùi thơm dễ_chịu tuy không_lưu hương lâu tuy_nhiên với giá tiền như_vậy thì sở_hữu chai thế_này thì quá là tuyệt_cú mèo rồi,phan_nan_chat_luong
không đòi_hỏi gì thêm,không đòi_hỏi gì thêm,khen_chat_luong
chỉ mong săn được giá tốt nhiều nhiều hơn_nữa hi_hi hi cho shop,chỉ mong săn được giá tốt nhiều nhiều hơn_nữa hi_hi hi cho shop,khen_chat_luong
độ lưu hương hơi lâu,độ lưu hương hơi lâu,phan_nan_giao_hang
rẻ mà thơm quá,rẻ mà thơm quá,gia_tri_gia
lần sau sẽ ủng_hộ shop tiếp ạ,lần sau sẽ ủng_hộ shop tiếp ạ,trung_tinh
mùi hương nhẹ_nhàng,mùi hương nhẹ_nhàng,phan_nan_chat_luong
độ lưu hương tầm h,độ lưu hương tầm h,trung_tinh
mùi hương thì ra là thế_nào để tớ vào sau nhá hàng bằng cách linh_hoạt và sản_xuất khỏi,mùi hương thì ra là thế_nào để tớ vào sau nhá hàng bằng cách linh_hoạt và sản_xuất khỏi,phan_nan_chat_luong
mùi hương khá thơm,mùi hương khá thơm,phan_nan_chat_luong
độ lưu hương khá lâu,độ lưu hương khá lâu,phan_nan_giao_hang
mùi hương thơm vừa,mùi hương thơm vừa,phan_nan_chat_luong
nên mua ạ ue hy s gi s h,nên mua ạ ue hy s gi s h,de_xuat_mua
mùi hương thơm không có nồng nha,mùi hương thơm không có nồng nha,phan_nan_chat_luong
độ lưu hương giờ,độ lưu hương giờ,trung_tinh
hàng giao nhanh thơm nên mua nha mọi người,hàng giao nhanh thơm nên mua nha mọi người,khen_giao_hang
bọc sản_phẩm đẹp tiện dễ_dàng mang đi,bọc sản_phẩm đẹp tiện dễ_dàng mang đi,khen_chat_luong
mùi hương thơm nhẹ,mùi hương thơm nhẹ,phan_nan_chat_luong
độ lưu hương lưu tầm h,độ lưu hương lưu tầm h,trung_tinh
dòng nước_hoa này mình sài thấy ổn thích_hợp cho cả nam và nữ mùi hương thanh_lịch nhẹ_nhàng không bi hắc mùi,dòng nước_hoa này mình sài thấy ổn thích_hợp cho cả nam và nữ mùi hương thanh_lịch nhẹ_nhàng không bi hắc mùi,phan_nan_chat_luong
mùi hương thơm sang chảnh,mùi hương thơm sang chảnh,phan_nan_chat_luong
độ lưu hương k lưu hương lâu,độ lưu hương k lưu hương lâu,phan_nan_giao_hang
mùi hương màu hồng,mùi hương màu hồng,phan_nan_chat_luong
hình_ảnh ko liên_quan nhưng nước_hoa thơm ạ,hình_ảnh ko liên_quan nhưng nước_hoa thơm ạ,trung_tinh
với giá tiền này thì ok,với giá tiền này thì ok,khen_chat_luong
độ lưu hương tieng,độ lưu hương tieng,trung_tinh
mùi hương thơm dịu,mùi hương thơm dịu,phan_nan_chat_luong
ớn d b d bs h s ha han ak ak a an ba ha_ha ga ha_ha,ớn d b d bs h s ha han ak ak a an ba ha_ha ga ha_ha,trung_tinh
giá ổn lưu hương cũng ok mùi khá thơm t xo di sua iu o uo xo y i dit s,giá ổn lưu hương cũng ok mùi khá thơm t xo di sua iu o uo xo y i dit s,phan_nan_chat_luong
mùi hương dịu,mùi hương dịu,phan_nan_chat_luong
mùi này dịu nha,mùi này dịu nha,phan_nan_chat_luong
mau bay,mau bay,trung_tinh
mình thí c màu nâu hơn nhưng đặt nhầm,mình thí c màu nâu hơn nhưng đặt nhầm,trung_tinh
thôi kệ đi,thôi kệ đi,trung_tinh
độ lưu hương lâu h,độ lưu hương lâu h,phan_nan_giao_hang
mùi hương nước_hoa cooc,mùi hương nước_hoa cooc,phan_nan_chat_luong
nhìn hộp đóng sang ghê mặc_dù giá rẻ shop đóng_gói kỉ nên vỏ hong bi móp mùi hương đặc_trưng thơm cực luôn mong ra thêm chai ml,nhìn hộp đóng sang ghê mặc_dù giá rẻ shop đóng_gói kỉ nên vỏ hong bi móp mùi hương đặc_trưng thơm cực luôn mong ra thêm chai ml,phan_nan_chat_luong
sẽ ửng hộ thêm cho shop,sẽ ửng hộ thêm cho shop,khen_chat_luong
mùi hương thơm lắm nha,mùi hương thơm lắm nha,phan_nan_chat_luong
độ lưu hương cũng tạm,độ lưu hương cũng tạm,trung_tinh
mẫu_mã đẹp đóng_gói chất_lượng sản_phẩm ok mùi thơm thơm mà độ lưu cũng tạm,mẫu_mã đẹp đóng_gói chất_lượng sản_phẩm ok mùi thơm thơm mà độ lưu cũng tạm,phan_nan_chat_luong
thơm lắm nha mọi người,thơm lắm nha mọi người,trung_tinh
lưu hương bao_lâu thì mình chưa rõ nhưng giờ ưng lắm,lưu hương bao_lâu thì mình chưa rõ nhưng giờ ưng lắm,phan_nan_giao_hang
shop gói siêu chắc_chắn và giao nhanh lắm nha,shop gói siêu chắc_chắn và giao nhanh lắm nha,khen_chat_luong
shop đóng_gói sản_phẩm cẩn_thận ko bị vỡ hay móp méo hộp,shop đóng_gói sản_phẩm cẩn_thận ko bị vỡ hay móp méo hộp,khen_giao_hang
anh shipper ui tính,anh shipper ui tính,khen_giao_hang
mùi hương thom,mùi hương thom,phan_nan_chat_luong
độ lưu hương k bt,độ lưu hương k bt,trung_tinh
mùi hương cực thơm luôn,mùi hương cực thơm luôn,phan_nan_chat_luong
độ lưu hương m l,độ lưu hương m l,trung_tinh
săn dc giá rẻ không ngờ nó lại thơm đến vậy nên đặt thêm,săn dc giá rẻ không ngờ nó lại thơm đến vậy nên đặt thêm,khen_chat_luong
giao hành nhanh,giao hành nhanh,khen_giao_hang
mùi thơm nhẹ,mùi thơm nhẹ,phan_nan_chat_luong
giá_cả hợp_lý,giá_cả hợp_lý,gia_tri_gia
hợp túi_tiền sinh_viên,hợp túi_tiền sinh_viên,trung_tinh
mùi hương hơi hắc,mùi hương hơi hắc,phan_nan_chat_luong
độ lưu hương t,độ lưu hương t,trung_tinh
giá_cả hợp_lí săn nên đc giá k quá ổn_áp nên mua nha đóng_gói cẩn_thận chắc_chắn,giá_cả hợp_lí săn nên đc giá k quá ổn_áp nên mua nha đóng_gói cẩn_thận chắc_chắn,khen_chat_luong
mùi hương mui hơi nông,mùi hương mui hơi nông,phan_nan_chat_luong
độ lưu hương không lâu lăm,độ lưu hương không lâu lăm,phan_nan_giao_hang
ship hàng nhanh sp giống y hê y s hinh mui hương rat thơm nha he e,ship hàng nhanh sp giống y hê y s hinh mui hương rat thơm nha he e,khen_giao_hang
giao hàng nhanh shipper thân_thiện dễ_thương nói_chung khá hài_lòng hàng như mẫu giống hình,giao hàng nhanh shipper thân_thiện dễ_thương nói_chung khá hài_lòng hàng như mẫu giống hình,khen_giao_hang
hình_ảnh và video chỉ mang tính nhận xu,hình_ảnh và video chỉ mang tính nhận xu,trung_tinh
mùi hương dễ_chịu gói hàng rất kĩ giao hàng nhanh tặng shop sao,mùi hương dễ_chịu gói hàng rất kĩ giao hàng nhanh tặng shop sao,phan_nan_chat_luong
nhưng vẫn ok nha mọi người ơi,nhưng vẫn ok nha mọi người ơi,khen_chat_luong
sẽ tiếp_tục ủng_hộ shop lần sau,sẽ tiếp_tục ủng_hộ shop lần sau,trung_tinh
mùi hương mùi nhẹ thơm lắm lun,mùi hương mùi nhẹ thơm lắm lun,phan_nan_chat_luong
mùi hương ổn,mùi hương ổn,phan_nan_chat_luong
độ lưu hương chưa biết,độ lưu hương chưa biết,trung_tinh
săn sa le giá k quá xịn n hu huu,săn sa le giá k quá xịn n hu huu,khen_chat_luong
dss,dss,trung_tinh
độ lưu hương ít,độ lưu hương ít,trung_tinh
cho shop sao nha,cho shop sao nha,trung_tinh
sản_phẩm tốt lưu hương lâu,sản_phẩm tốt lưu hương lâu,phan_nan_giao_hang
ps hình_ảnh chỉ mang tính_chất minh_hoạ,ps hình_ảnh chỉ mang tính_chất minh_hoạ,trung_tinh
mùi hương hơi gắt một_tí,mùi hương hơi gắt một_tí,phan_nan_chat_luong
nhưng đứng xa ngửi thì cũng oke,nhưng đứng xa ngửi thì cũng oke,khen_chat_luong
độ lưu hương mới sài nên ko bt,độ lưu hương mới sài nên ko bt,trung_tinh
mùi cực thơm nè sang xịn vỏ ngoài đẹp bắt_mắt săn k mà shop trl nhiệt_tình mọi ng nên mua nha đóng_gói cẩn_thận giao hàng nhanh,mùi cực thơm nè sang xịn vỏ ngoài đẹp bắt_mắt săn k mà shop trl nhiệt_tình mọi ng nên mua nha đóng_gói cẩn_thận giao hàng nhanh,phan_nan_chat_luong
độ lưu hương tiếng mấy á,độ lưu hương tiếng mấy á,trung_tinh
đi đâu chơi nét à_à thế à a a cũng phải có tiền mua sạc pin đi đâu chơi không có,đi đâu chơi nét à_à thế à a a cũng phải có tiền mua sạc pin đi đâu chơi không có,trung_tinh
độ lưu hương vừa_phải,độ lưu hương vừa_phải,trung_tinh
giá bán thì nhiều người nói_chuyện với ý tt,giá bán thì nhiều người nói_chuyện với ý tt,gia_tri_gia
độ lưu hương tiếng là phai,độ lưu hương tiếng là phai,phan_nan_chat_luong
độ lưu hương chưa bt,độ lưu hương chưa bt,trung_tinh
nên mua nhà,nên mua nhà,de_xuat_mua
mùi hương thơm ngọt,mùi hương thơm ngọt,phan_nan_chat_luong
đáng mua lắm ạ,đáng mua lắm ạ,gia_tri_gia
nắp hơi lỏng còn đâu rất ok,nắp hơi lỏng còn đâu rất ok,khen_chat_luong
mùi hương hơi nồng,mùi hương hơi nồng,phan_nan_chat_luong
độ lưu hương nhanh hết thơm,độ lưu hương nhanh hết thơm,khen_giao_hang
shipper thân thiên,shipper thân thiên,khen_giao_hang
mùi hương q e r ty i op as d g l n x v,mùi hương q e r ty i op as d g l n x v,phan_nan_chat_luong
mùi hương chưa nhận đc hàng,mùi hương chưa nhận đc hàng,phan_nan_chat_luong
độ lưu hương chưa nhận đc hàng mà đã bảo là đã giao rất vớ_vẩn shop như,độ lưu hương chưa nhận đc hàng mà đã bảo là đã giao rất vớ_vẩn shop như,phan_nan_giao_hang
mong shop kiểm_tra lại hàng,mong shop kiểm_tra lại hàng,trung_tinh
nước_hoa thơm giá ko dc ngàn luôn cảm_ơn shop nhiều,nước_hoa thơm giá ko dc ngàn luôn cảm_ơn shop nhiều,khen_dich_vu
độ lưu hương chưa rõ,độ lưu hương chưa rõ,trung_tinh
hà_nội của tôi cũng muốn được làm mạng xã_hội ac e bo ok chào bạn cần kích_hoạt lại được không biết,hà_nội của tôi cũng muốn được làm mạng xã_hội ac e bo ok chào bạn cần kích_hoạt lại được không biết,khen_chat_luong
độ lưu hương khoảng phút,độ lưu hương khoảng phút,trung_tinh
hàng giao nhanh shop uy_tín lắm tặng kèm phiếu cảm_ơn nữa,hàng giao nhanh shop uy_tín lắm tặng kèm phiếu cảm_ơn nữa,khen_giao_hang
mùi hương ổn n,mùi hương ổn n,phan_nan_chat_luong
độ lưu hương tốt t,độ lưu hương tốt t,khen_chat_luong
mùi hương đ c,mùi hương đ c,phan_nan_chat_luong
tra yêu a mà a chả gêu phải làm_sao lma sao bây_giờ buồ,tra yêu a mà a chả gêu phải làm_sao lma sao bây_giờ buồ,trung_tinh
quá đi thôi hu_hu hu hi_hi,quá đi thôi hu_hu hu hi_hi,trung_tinh
mùi hương hương thơm nhẹ_nhàng cuốn_hút,mùi hương hương thơm nhẹ_nhàng cuốn_hút,phan_nan_chat_luong
chúc shop luôn mua may bán đăc,chúc shop luôn mua may bán đăc,trung_tinh
mùi hương mình thấy thơm chứ không hắc như cmt,mùi hương mình thấy thơm chứ không hắc như cmt,phan_nan_chat_luong
mua de al k áp xu còn vậy là tuỵ t vời,mua de al k áp xu còn vậy là tuỵ t vời,trung_tinh
thanh kìu ve r y muc h shop,thanh kìu ve r y muc h shop,trung_tinh
độ lưu hương từ tiếng,độ lưu hương từ tiếng,trung_tinh
mùi dễ_chịu,mùi dễ_chịu,phan_nan_chat_luong
nói_chung phì hợp với túi_tiền,nói_chung phì hợp với túi_tiền,trung_tinh
mùi hương thơm dụi,mùi hương thơm dụi,phan_nan_chat_luong
sảm phẩm giao nhanh,sảm phẩm giao nhanh,khen_giao_hang
síp bơ nhiệt_tình,síp bơ nhiệt_tình,khen_dich_vu
mùi hương hơ m,mùi hương hơ m,phan_nan_chat_luong
độ lưu hương chưa dùng thử,độ lưu hương chưa dùng thử,trung_tinh
ổn nói_chung mọi người nên dùng thử,ổn nói_chung mọi người nên dùng thử,khen_chat_luong
chai thuỷ_tinh mẫu_mã xinh_xắn,chai thuỷ_tinh mẫu_mã xinh_xắn,khen_chat_luong
chúc shop ngày tốt_lành,chúc shop ngày tốt_lành,khen_chat_luong
độ lưu hương tiếng tiếng,độ lưu hương tiếng tiếng,trung_tinh
chất_liệu vải mỏng ạ,chất_liệu vải mỏng ạ,trung_tinh
áo mỏng đc cái hình in đẹp với cái sie xl to quá tr luôn biết v đặt lùi lại sie rồi,áo mỏng đc cái hình in đẹp với cái sie xl to quá tr luôn biết v đặt lùi lại sie rồi,khen_chat_luong
chất_liệu vai r gi as ko bi e et s d duoc,chất_liệu vai r gi as ko bi e et s d duoc,trung_tinh
giao hàng nhanh và đóng_gói sản_phẩm chắc_chắn lắm,giao hàng nhanh và đóng_gói sản_phẩm chắc_chắn lắm,khen_chat_luong
hàng hơi rộng,hàng hơi rộng,trung_tinh
okk mẹ tao nói_chuyện với em có đi ko o r ge t that e ha ve a e thin gs to do ith,okk mẹ tao nói_chuyện với em có đi ko o r ge t that e ha ve a e thin gs to do ith,khen_chat_luong
chất_liệu hơi nóng,chất_liệu hơi nóng,trung_tinh
đúng với mô_tả không biết,đúng với mô_tả không biết,dung_voi_mo_ta
tui mua với giá k nên thấy rất hài_lòng về áo,tui mua với giá k nên thấy rất hài_lòng về áo,gia_tri_gia
chất_liệu vải thun,chất_liệu vải thun,trung_tinh
chất_liệu tốt_đẹp,chất_liệu tốt_đẹp,khen_chat_luong
đúng với mô_tả đúng vs rẻ,đúng với mô_tả đúng vs rẻ,dung_voi_mo_ta
ok ko o,ok ko o,khen_chat_luong
vải mỏng quá,vải mỏng quá,trung_tinh
nhưng dc cái hình in đẹp,nhưng dc cái hình in đẹp,khen_chat_luong
hình_như chỉ mang tính_chất nhận xu,hình_như chỉ mang tính_chất nhận xu,trung_tinh
chất_liệu thun,chất_liệu thun,trung_tinh
đúng với mô_tả ổn,đúng với mô_tả ổn,khen_chat_luong
màu_sắc mm s mam s m k s k,màu_sắc mm s mam s m k s k,trung_tinh
đúng với mô_tả d d k x k,đúng với mô_tả d d k x k,dung_voi_mo_ta
đúng với mô tảd,đúng với mô tảd,trung_tinh
tuyệt_vời ạ áo đẹp mà hơi mỏng xíu ạ em sẽ ủng_hộ tiếp cho shop nha a,tuyệt_vời ạ áo đẹp mà hơi mỏng xíu ạ em sẽ ủng_hộ tiếp cho shop nha a,khen_chat_luong
hàng chất_lượng có mã nên mua với giá k ổm áp là được rồi kk tot,hàng chất_lượng có mã nên mua với giá k ổm áp là được rồi kk tot,khen_chat_luong
màu_sắc d p,màu_sắc d p,trung_tinh
bs s t t q o q ka man q p ya bs sy s gs,bs s t t q o q ka man q p ya bs sy s gs,trung_tinh
ha chỉ ma b g tính_chất nhận xu,ha chỉ ma b g tính_chất nhận xu,trung_tinh
giao áo nhanh mà sau áo logo bị dính,giao áo nhanh mà sau áo logo bị dính,khen_giao_hang
chất_liệu mát,chất_liệu mát,trung_tinh
sản_phẩm tốt lắm nha shop nhiệt_tình áo đẹp lắm đúng với mô_tả ạ,sản_phẩm tốt lắm nha shop nhiệt_tình áo đẹp lắm đúng với mô_tả ạ,khen_chat_luong
xinh lắm sẽ ủng_hộ shop tiếp nhé ạ hi ki ki ki i ki kiu k kh sb m b bs h sn n n b h h sn sn h n mm n s hac ca h n sn sn sn n,xinh lắm sẽ ủng_hộ shop tiếp nhé ạ hi ki ki ki i ki kiu k kh sb m b bs h sn n n b h h sn sn h n mm n s hac ca h n sn sn sn n,khen_chat_luong
vãi khá đẹp,vãi khá đẹp,khen_chat_luong
nói_chung tổng_quát oke,nói_chung tổng_quát oke,khen_chat_luong
có chỉ thừa nhưng cũng ko nhiều,có chỉ thừa nhưng cũng ko nhiều,trung_tinh
m dài qua mông đúng ý mình,m dài qua mông đúng ý mình,trung_tinh
áo cũng bình_thường ko dày_dặn lắm,áo cũng bình_thường ko dày_dặn lắm,trung_tinh
tay_áo mình thấy hơi mỏng hay sao ấy,tay_áo mình thấy hơi mỏng hay sao ấy,trung_tinh
vừa í màu đẹp video và hình_ảnh chỉ mang tính_chất nhận xuu,vừa í màu đẹp video và hình_ảnh chỉ mang tính_chất nhận xuu,khen_chat_luong
đúng với mô_tả khum,đúng với mô_tả khum,dung_voi_mo_ta
chất_liệu vải mỏng lắm,chất_liệu vải mỏng lắm,trung_tinh
vải khá mỏng phải mặc thêm áo_lá bên trong nhe,vải khá mỏng phải mặc thêm áo_lá bên trong nhe,khen_chat_luong
đẹp chất_lượng tuy còn chỉ thừa nhưng vẫn cứ là ok ok ok ok,đẹp chất_lượng tuy còn chỉ thừa nhưng vẫn cứ là ok ok ok ok,khen_chat_luong
hình_ảnh minh_hoạ,hình_ảnh minh_hoạ,trung_tinh
khong is the one ho an ts it or me and the ot he r on e s that i don t,khong is the one ho an ts it or me and the ot he r on e s that i don t,trung_tinh
màu_sắc dên,màu_sắc dên,trung_tinh
chất vải hơi mỏng dễ xù mặc nóng,chất vải hơi mỏng dễ xù mặc nóng,trung_tinh
tuy_nhiên thì cũng phù_hợp với giá tiền,tuy_nhiên thì cũng phù_hợp với giá tiền,gia_tri_gia
chất_liệu đúng với mô_tả,chất_liệu đúng với mô_tả,dung_voi_mo_ta
sản_phẩm rất tốt áo đẹp chất_liệu tạm ổn mặt vô rất đẹp k có chỉ thừa,sản_phẩm rất tốt áo đẹp chất_liệu tạm ổn mặt vô rất đẹp k có chỉ thừa,khen_chat_luong
sản_phẩm như hình đóng_gói tốt chất vải đẹp nhưng hơi mỏng mặc mát và dễ_chịu,sản_phẩm như hình đóng_gói tốt chất vải đẹp nhưng hơi mỏng mặc mát và dễ_chịu,khen_chat_luong
chất_liệu ok i r chị ấy cũng không phải vì_vậy mà mình,chất_liệu ok i r chị ấy cũng không phải vì_vậy mà mình,khen_chat_luong
màu_sắc ok tạm,màu_sắc ok tạm,khen_chat_luong
nói là không phải ai cũng muốn làm gì cho nó là một phần là vì sao lại không được phép làm,nói là không phải ai cũng muốn làm gì cho nó là một phần là vì sao lại không được phép làm,trung_tinh
vải thoáng mát rất ok,vải thoáng mát rất ok,khen_chat_luong
màu_sắc hồng trắng,màu_sắc hồng trắng,trung_tinh
đúng với mô_tả vải mềm mịn đẹp,đúng với mô_tả vải mềm mịn đẹp,khen_chat_luong
vải rất đẹp như nhìn rất ân ý,vải rất đẹp như nhìn rất ân ý,khen_chat_luong
sản_phẩm tốt_đẹp,sản_phẩm tốt_đẹp,khen_chat_luong
nội_dung sau chỉ mang tính_chất nhận xu ài ố sì mà,nội_dung sau chỉ mang tính_chất nhận xu ài ố sì mà,trung_tinh
đúng với mô tảb,đúng với mô tảb,trung_tinh
so với tầm giá thì ko đòi_hỏi nhiều áo oke la di_di d k v u s g di d su k n h si d k d k di g b du si g d s h d sb u s h d b h d,so với tầm giá thì ko đòi_hỏi nhiều áo oke la di_di d k v u s g di d su k n h si d k d k di g b du si g d s h d sb u s h d b h d,khen_chat_luong
chất_liệu mỏng mát,chất_liệu mỏng mát,trung_tinh
vải hơi mỏng s l hơi giống s m nhm mùa hè mặc mát thật_sự luôn nên mua nha a,vải hơi mỏng s l hơi giống s m nhm mùa hè mặc mát thật_sự luôn nên mua nha a,de_xuat_mua
áo đẹp như hình chất vải ko quá mỏng đâu nha mn mặc cũng ok lắm lên hình đẹp nên mua nha,áo đẹp như hình chất vải ko quá mỏng đâu nha mn mặc cũng ok lắm lên hình đẹp nên mua nha,khen_chat_luong
màu đen,màu đen,trung_tinh
chỉ thừa nhiều ạ,chỉ thừa nhiều ạ,trung_tinh
màu trắng,màu trắng,trung_tinh
đỡ hơn màu đen nhưng mỏng hơn màu đen tí,đỡ hơn màu đen nhưng mỏng hơn màu đen tí,trung_tinh
em hãy giao cho anh khoảng thời_gian còn lại nhé,em hãy giao cho anh khoảng thời_gian còn lại nhé,trung_tinh
hàng rất đẹp ung cực_kì luôn có dịp sẽ ủng_hộ shop tiếp s d n đ k l d d b d sn sn k s m sn ch do eke n d n d n d n d k d k s đ s ko d k sn s d sn s so d nư d d đ hi k d n b n n d g d n n x xo d n d n d s nsnd n xn d n xn x d đi b c b,hàng rất đẹp ung cực_kì luôn có dịp sẽ ủng_hộ shop tiếp s d n đ k l d d b d sn sn k s m sn ch do eke n d n d n d n d k d k s đ s ko d k sn s d sn s so d nư d d đ hi k d n b n n d g d n n x xo d n d n d s nsnd n xn d n xn x d đi b c b,khen_chat_luong
chất_liệu biet,chất_liệu biet,trung_tinh
hình_ảnh chỉ mang tính_chất nhận xuu ạ,hình_ảnh chỉ mang tính_chất nhận xuu ạ,trung_tinh
chất_liệu vải cotton,chất_liệu vải cotton,trung_tinh
đúng với mô_tả vì rẻ nên chất_lượng sp sẽ đúng với giá tiền,đúng với mô_tả vì rẻ nên chất_lượng sp sẽ đúng với giá tiền,khen_chat_luong
vải hơi mỏng nhưng mặc được giá cả hợp_lý giao hàng nhanh,vải hơi mỏng nhưng mặc được giá cả hợp_lý giao hàng nhanh,khen_giao_hang
ịt be en ơ lóng tham quỵt ao diu mài phé n omg mãi chưa nôi năm mưi kí_tự,ịt be en ơ lóng tham quỵt ao diu mài phé n omg mãi chưa nôi năm mưi kí_tự,trung_tinh
đúng với mô_tả mỏng in hình đúng,đúng với mô_tả mỏng in hình đúng,dung_voi_mo_ta
áo thì mỏng in hình thì xấu giá thì mắc mua lần,áo thì mỏng in hình thì xấu giá thì mắc mua lần,phan_nan_chat_luong
màu_sắc k đẹp,màu_sắc k đẹp,khen_chat_luong
vải rất mỏng và còn ngắn mình rõ_ràng mình lấy sie l,vải rất mỏng và còn ngắn mình rõ_ràng mình lấy sie l,trung_tinh
thất_vọng,thất_vọng,phan_nan_chat_luong
áo mặc mát đẹp giao hàng nhanh đóng_gói cẩn_thận nên mua,áo mặc mát đẹp giao hàng nhanh đóng_gói cẩn_thận nên mua,khen_chat_luong
đúng với mô_tả ko đúng,đúng với mô_tả ko đúng,dung_voi_mo_ta
hìn ảnh mang nhạn xu ko s pa m sp nhue qq ý hơi thối,hìn ảnh mang nhạn xu ko s pa m sp nhue qq ý hơi thối,trung_tinh
đúng với mô_tả chưa đúng lắm,đúng với mô_tả chưa đúng lắm,dung_voi_mo_ta
công_nhận mỏng thật mọi người mua hàng cân_nhắc nhất là màu trắng thì xuyên thấu luôn kk,công_nhận mỏng thật mọi người mua hàng cân_nhắc nhất là màu trắng thì xuyên thấu luôn kk,trung_tinh
ok đáng mua mặc mát,ok đáng mua mặc mát,khen_chat_luong
hãy cùng chúng tớ đã có hai đứa thôi mà tr ng thái_độ của t đc có đi mô chị rủ_rê mí đôi có đi mô_tô xe_máy đâu có thế mạnh của t đc có đi,hãy cùng chúng tớ đã có hai đứa thôi mà tr ng thái_độ của t đc có đi mô chị rủ_rê mí đôi có đi mô_tô xe_máy đâu có thế mạnh của t đc có đi,phan_nan_dich_vu
chất_liệu vãi bình_thường,chất_liệu vãi bình_thường,trung_tinh
đúng với mô_tả hình_dáng thôi,đúng với mô_tả hình_dáng thôi,dung_voi_mo_ta
chất_liệu không dày cũng không quá mỏng,chất_liệu không dày cũng không quá mỏng,trung_tinh
mn nên mua nha hình_ảnh mang tính_chất minh_hoạ,mn nên mua nha hình_ảnh mang tính_chất minh_hoạ,de_xuat_mua
đúng với mô_tả đúng vẫn đẹp ka ka,đúng với mô_tả đúng vẫn đẹp ka ka,khen_chat_luong
vải hơi mỏng nma,vải hơi mỏng nma,trung_tinh
chat luom g san pham tot giao hang nhang dong goi nham h,chat luom g san pham tot giao hang nhang dong goi nham h,trung_tinh
ổn_áp,ổn_áp,khen_chat_luong
giá vậy ko mong_đợi gì hơn ạ,giá vậy ko mong_đợi gì hơn ạ,gia_tri_gia
đag ủng_hộ đơn tiếp_theo vì xứg đág,đag ủng_hộ đơn tiếp_theo vì xứg đág,trung_tinh
g đủ chun buộc tóc hàng cao_su nguyên_chất không sử_dụng cao_su tái_sinh ảnh_hưởng đến sức_khoẻ,g đủ chun buộc tóc hàng cao_su nguyên_chất không sử_dụng cao_su tái_sinh ảnh_hưởng đến sức_khoẻ,trung_tinh
cơ đủ loại chun đen chun mầu dây to chun mầu dây bé,cơ đủ loại chun đen chun mầu dây to chun mầu dây bé,trung_tinh
chun buoc toc buoc toc dep,chun buoc toc buoc toc dep,trung_tinh
bang ai trẻ_em,bang ai trẻ_em,gia_tri_gia
so hen e ve r you ask me ag ai n,so hen e ve r you ask me ag ai n,trung_tinh
ho i eel,ho i eel,trung_tinh
p le as e_rem em be r,p le as e_rem em be r,trung_tinh
my an se r is you,my an se r is you,trung_tinh
chất vải hơi mỏng nhưng đối_với giá thì ổn,chất vải hơi mỏng nhưng đối_với giá thì ổn,khen_chat_luong
sản_phẩm giao hàng rất nhanh,sản_phẩm giao hàng rất nhanh,khen_giao_hang
vải hơi mỏng,vải hơi mỏng,trung_tinh
đóng_gói sp chắc_chắn,đóng_gói sp chắc_chắn,khen_chat_luong
chất_liệu t,chất_liệu t,trung_tinh
đúng với mô tảu,đúng với mô tảu,trung_tinh
mua ngay,mua ngay,trung_tinh
đúng với mô_tả hơi mỏg như g k sao,đúng với mô_tả hơi mỏg như g k sao,dung_voi_mo_ta
nói thật chứ săn đc k mia về ưg hết í than k s shop,nói thật chứ săn đc k mia về ưg hết í than k s shop,trung_tinh
đúng với mô_tả áo mỏng,đúng với mô_tả áo mỏng,dung_voi_mo_ta
ảnh mang tính_chất nhận xuu nha a cả nhà,ảnh mang tính_chất nhận xuu nha a cả nhà,trung_tinh
à mình mới mở shop các bạn ghé shop mình nha,à mình mới mở shop các bạn ghé shop mình nha,trung_tinh
mình mua màu hồng về hành hồng rất nhạt nha các bạn vải mềm trơn nữa không ưng cho lắm nhưng vẫn đánh_giá shop sao,mình mua màu hồng về hành hồng rất nhạt nha các bạn vải mềm trơn nữa không ưng cho lắm nhưng vẫn đánh_giá shop sao,khen_chat_luong
đã đến lúc các bậc phụ_huynh ko nên lơ_là trong việc quản_lí nội_dung giải_trí của các bé và xây_dựng cho các con không_gian vui_chơi lành_mạnh phù_hợp với lứa tuổi ko chỉ trong s ma r tp hon e mà_còn ở bên ngoài để các em phát_triển cách trọn_vẹn vì trẻ_em như búp trên cành,đã đến lúc các bậc phụ_huynh ko nên lơ_là trong việc quản_lí nội_dung giải_trí của các bé và xây_dựng cho các con không_gian vui_chơi lành_mạnh phù_hợp với lứa tuổi ko chỉ trong s ma r tp hon e mà_còn ở bên ngoài để các em phát_triển cách trọn_vẹn vì trẻ_em như búp trên cành,gia_tri_gia
giá_cả hợp_lý sẽ tiếp_tục ủng_hộ shop giao hàng nhanh,giá_cả hợp_lý sẽ tiếp_tục ủng_hộ shop giao hàng nhanh,khen_giao_hang
có gì cho e xin chào tôi tên gì đâu rồi mà sao không biết nữa nhưng em cũng biết là em không có ai_ai lớp mình đi chơi đi anh thương em nhiều em ơi,có gì cho e xin chào tôi tên gì đâu rồi mà sao không biết nữa nhưng em cũng biết là em không có ai_ai lớp mình đi chơi đi anh thương em nhiều em ơi,trung_tinh
đúng với mô_tả đúng mô_tả nha nhưng mờ hơi mỏng nhó,đúng với mô_tả đúng mô_tả nha nhưng mờ hơi mỏng nhó,dung_voi_mo_ta
vải hơi mỏng nhưng vs giá tiền thì tạm ổn nói_chung là ok,vải hơi mỏng nhưng vs giá tiền thì tạm ổn nói_chung là ok,khen_chat_luong
chất_liệu vãi,chất_liệu vãi,trung_tinh
như áo k lề_đường,như áo k lề_đường,trung_tinh
người ấy sẽ là ngườ,người ấy sẽ là ngườ,trung_tinh
áo hơi mỏng xíu nhẹ_tay nma cũng tạm đc vid tiền_nào_của_nấy,áo hơi mỏng xíu nhẹ_tay nma cũng tạm đc vid tiền_nào_của_nấy,khen_chat_luong
in khá đẹp rom áo đẹp nhưng áo mỏng nhìn xuyên được luôn í vẫn cho shop sao để cải_thiện lại chất vải áo nha,in khá đẹp rom áo đẹp nhưng áo mỏng nhìn xuyên được luôn í vẫn cho shop sao để cải_thiện lại chất vải áo nha,khen_chat_luong
chất_liệu vải thô nóng,chất_liệu vải thô nóng,trung_tinh
cân_nhắc trc khi mua vải mỏng,cân_nhắc trc khi mua vải mỏng,trung_tinh
chất_liệu vai,chất_liệu vai,trung_tinh
màu_sắc den hong,màu_sắc den hong,trung_tinh
vải mỏng kinh_khủng luôn đó mọi người ạ,vải mỏng kinh_khủng luôn đó mọi người ạ,trung_tinh
với số tiền này mua áo còn hơn ấy mỏng như tờ giấy luôn ah,với số tiền này mua áo còn hơn ấy mỏng như tờ giấy luôn ah,trung_tinh
đúng với mô_tả rất giống hình,đúng với mô_tả rất giống hình,dung_voi_mo_ta
chất_liệu mịn,chất_liệu mịn,trung_tinh
mua về tặng nên khu n biết như_thế_nào nhưng_mà thấy bảo đẹp ạ với mực giá_như thế là ổn,mua về tặng nên khu n biết như_thế_nào nhưng_mà thấy bảo đẹp ạ với mực giá_như thế là ổn,khen_chat_luong
nên mua nha mọi người hk qúa mỏng lên rom đẹp lắm ạ lần sau mk sẽ ủng_hộ típ hình_ảnh chỉ mang tính_chất nhận xu,nên mua nha mọi người hk qúa mỏng lên rom đẹp lắm ạ lần sau mk sẽ ủng_hộ típ hình_ảnh chỉ mang tính_chất nhận xu,khen_chat_luong
đúng với mô_tả rom ok,đúng với mô_tả rom ok,khen_chat_luong
giao hàng nhanh hàng đúng vs mô_tả,giao hàng nhanh hàng đúng vs mô_tả,khen_giao_hang
chất ok ngon giá cx tạm ổn chất_lượng ok với giá,chất ok ngon giá cx tạm ổn chất_lượng ok với giá,khen_chat_luong
đúng với mô_tả d n sn s,đúng với mô_tả d n sn s,dung_voi_mo_ta
chất_liệu vai r xịn,chất_liệu vai r xịn,khen_chat_luong
giao hàng cực nhanh hàng xịn quá ok ủng_hộ tiếp,giao hàng cực nhanh hàng xịn quá ok ủng_hộ tiếp,khen_chat_luong
dạo này có gì mới không chúc_mừng sinh_nhật chúc ngủ ngon chúc_mừng sinh_nhật chúc ngủ ngon dạo này có gì mới không dạo này có gì mới không,dạo này có gì mới không chúc_mừng sinh_nhật chúc ngủ ngon chúc_mừng sinh_nhật chúc ngủ ngon dạo này có gì mới không dạo này có gì mới không,khen_chat_luong
màu_sắc da,màu_sắc da,trung_tinh
chiêm_tinh_học phương tây đo,chiêm_tinh_học phương tây đo,khen_chat_luong
màu_sắc be nhạt,màu_sắc be nhạt,trung_tinh
lần sau sẽ ủng_hộ shop thân_thiện,lần sau sẽ ủng_hộ shop thân_thiện,khen_dich_vu
ai có nhu_cầu liên_hệ vào sdt,ai có nhu_cầu liên_hệ vào sdt,trung_tinh
m nhận dc hag nói_chung tiền_nào_của_ấy,m nhận dc hag nói_chung tiền_nào_của_ấy,trung_tinh
còn chân m dạo này đen nên đi màu trắng vào ko ngửi dc chả dám đeo,còn chân m dạo này đen nên đi màu trắng vào ko ngửi dc chả dám đeo,trung_tinh
đúng với mô_tả chuẩn_y hình,đúng với mô_tả chuẩn_y hình,khen_chat_luong
hàng đẹp nhé,hàng đẹp nhé,khen_chat_luong
đi mềm,đi mềm,khen_chat_luong
rẻ nữa,rẻ nữa,gia_tri_gia
mua ngoài phải hơn trăm_nghìn,mua ngoài phải hơn trăm_nghìn,trung_tinh
tiền nào của đấy thì không dám đòi_hỏi nhiều ạ,tiền nào của đấy thì không dám đòi_hỏi nhiều ạ,trung_tinh
nói_chung đẹp lắm luôn ạ,nói_chung đẹp lắm luôn ạ,khen_chat_luong
giao hàng rõ nhanh ngày sau đã nhận được rồi ạ,giao hàng rõ nhanh ngày sau đã nhận được rồi ạ,khen_giao_hang
dày đẹp giá cũng rẻ giao hàng nhanh rất ưng đi vào chân rất đẹp sẽ ủng_hộ shop nữa,dày đẹp giá cũng rẻ giao hàng nhanh rất ưng đi vào chân rất đẹp sẽ ủng_hộ shop nữa,khen_chat_luong
chất_liệu tuyệt vơi d,chất_liệu tuyệt vơi d,khen_chat_luong
quá tuyệt_vời luôn các tình_yêu ơi,quá tuyệt_vời luôn các tình_yêu ơi,khen_chat_luong
hình_ảnh mang tính ch â p d nhận xu thông_cảm nha x mn c k v gs n c i v s k s cx n s c i sn h,hình_ảnh mang tính ch â p d nhận xu thông_cảm nha x mn c k v gs n c i v s k s cx n s c i sn h,trung_tinh
nên mình để sao,nên mình để sao,trung_tinh
shop giao hàng rất nhanh sp y hình_như da bên ngoài chiếc dép bên phải bị xước ở đầu mũi dép và bên ria nhưng giá rẻ nên sài tạm,shop giao hàng rất nhanh sp y hình_như da bên ngoài chiếc dép bên phải bị xước ở đầu mũi dép và bên ria nhưng giá rẻ nên sài tạm,khen_giao_hang
giao hàng nhanh lắm,giao hàng nhanh lắm,khen_giao_hang
dép đẹp lắm nha mong shop có thêm nhiều mẫu mới,dép đẹp lắm nha mong shop có thêm nhiều mẫu mới,khen_chat_luong
sẽ ủng_hộ shop,sẽ ủng_hộ shop,trung_tinh
bình_luận chỉ mang tính_chất nhận xu m,bình_luận chỉ mang tính_chất nhận xu m,trung_tinh
giày không có hộp nên bị mất rom,giày không có hộp nên bị mất rom,trung_tinh
mong shop khắc_phục được lỗi này,mong shop khắc_phục được lỗi này,phan_nan_chat_luong
màu_sắc giống với hình_ảnh,màu_sắc giống với hình_ảnh,trung_tinh
thật_sự thấy hơi thất_vọng chút nhưng bù lại giá vậy cx k đòi_hỏi đc nhiều,thật_sự thấy hơi thất_vọng chút nhưng bù lại giá vậy cx k đòi_hỏi đc nhiều,phan_nan_chat_luong
chất_liệu khum biết,chất_liệu khum biết,trung_tinh
đúng với mô_tả khum hề,đúng với mô_tả khum hề,dung_voi_mo_ta
đúng với mô_tả hình đẹp,đúng với mô_tả hình đẹp,khen_chat_luong
sản_phẩm đẹp và phù_hợp với giá tiền,sản_phẩm đẹp và phù_hợp với giá tiền,khen_chat_luong
giao hàng rất nhanh,giao hàng rất nhanh,khen_giao_hang
ship e r thân_thiện,ship e r thân_thiện,khen_giao_hang
lần sau sẽ tiếp_tục ủng_hộ shop,lần sau sẽ tiếp_tục ủng_hộ shop,trung_tinh
mih sẽ tiếp_tục ủng_hộ shop he he,mih sẽ tiếp_tục ủng_hộ shop he he,trung_tinh
hàng cũng được nhưng trên ảnh đôi màu trắng đế trắng mà về đôi trắng đế đen có vết xưỡc nhẹ,hàng cũng được nhưng trên ảnh đôi màu trắng đế trắng mà về đôi trắng đế đen có vết xưỡc nhẹ,khen_chat_luong
tốt lắm nhưng ko đủ về cho người khác trên lớp và mềm mịn thoáng có mỗi cái này thì chịu_khó tìm thấy,tốt lắm nhưng ko đủ về cho người khác trên lớp và mềm mịn thoáng có mỗi cái này thì chịu_khó tìm thấy,khen_chat_luong
dép mỏng nhưng với giá đó thì ổn ạmn nên mua hấhhxnxhxxnh,dép mỏng nhưng với giá đó thì ổn ạmn nên mua hấhhxnxhxxnh,khen_chat_luong
c lip mang tính_chất nhận xu,c lip mang tính_chất nhận xu,trung_tinh
giá rẻ ko đòi_hỏi cao,giá rẻ ko đòi_hỏi cao,gia_tri_gia
hàng v là ok,hàng v là ok,khen_chat_luong
mở ra mùi hơi kinh mùi nhựa xíu nhưng để tí là nó hết à nên k sao,mở ra mùi hơi kinh mùi nhựa xíu nhưng để tí là nó hết à nên k sao,phan_nan_chat_luong
giá tiền phù_hợp,giá tiền phù_hợp,gia_tri_gia
đúng với mô_tả đung vơi hinh anh đăng,đúng với mô_tả đung vơi hinh anh đăng,dung_voi_mo_ta
hang đep đong goi ch ă c chăn,hang đep đong goi ch ă c chăn,trung_tinh
sp đúng mô_tả,sp đúng mô_tả,dung_voi_mo_ta
rất xinh,rất xinh,khen_chat_luong
đáng tiền mua,đáng tiền mua,gia_tri_gia
đi khá chắc_chắn,đi khá chắc_chắn,khen_chat_luong
giao hàng nhanh tiền_nào_của_nấy như_thế ổn nhưng cũng không hẳn là đẹp lắm nhưng thế_là ok rồi nên mua hình_như mang tính_chất minh_hoạ,giao hàng nhanh tiền_nào_của_nấy như_thế ổn nhưng cũng không hẳn là đẹp lắm nhưng thế_là ok rồi nên mua hình_như mang tính_chất minh_hoạ,khen_chat_luong
giày oke nha mng hơi lỗi xíu vs giá này thì ok nha a,giày oke nha mng hơi lỗi xíu vs giá này thì ok nha a,phan_nan_chat_luong
de duoc ung,de duoc ung,trung_tinh
d phi,d phi,trung_tinh
hoac goi so dien thoai nguoi nhan de su dung dich vu nguoi nghe tr,hoac goi so dien thoai nguoi nhan de su dung dich vu nguoi nghe tr,trung_tinh
mà tiền thì cũng vẫn hợp_lí để mua nha mang,mà tiền thì cũng vẫn hợp_lí để mua nha mang,gia_tri_gia
sản_phẩm đẹp lắm ạ,sản_phẩm đẹp lắm ạ,khen_chat_luong
nhưng mik thấy ảnh là mùa trắng mà mik nhận lại màu kem,nhưng mik thấy ảnh là mùa trắng mà mik nhận lại màu kem,trung_tinh
so voi gia tien nhu vay là quá đc rồi tiền it nên ko mong cho,so voi gia tien nhu vay là quá đc rồi tiền it nên ko mong cho,trung_tinh
dép rất đẹp luôn giao lại còn nhanh tuy_nhiên n bị mất cái phom dáng lúc đầu nên phải cho giấy chống sốc vô để có lại phom,dép rất đẹp luôn giao lại còn nhanh tuy_nhiên n bị mất cái phom dáng lúc đầu nên phải cho giấy chống sốc vô để có lại phom,khen_chat_luong
chất_lượng sản_phẩm tiệt vời,chất_lượng sản_phẩm tiệt vời,khen_chat_luong
mọi người nên mua nhe,mọi người nên mua nhe,de_xuat_mua
mình lp chụp nên lấy hình_ảnh khác đại ă ha_ha,mình lp chụp nên lấy hình_ảnh khác đại ă ha_ha,trung_tinh
cho anh thêm một_chút thời_gian nữa,cho anh thêm một_chút thời_gian nữa,khen_chat_luong
hàng đẹp hàng y hình,hàng đẹp hàng y hình,khen_chat_luong
nhưng đường may thì hơi lõng liệu,nhưng đường may thì hơi lõng liệu,trung_tinh
mang vào chân đẹp như mà do có dây nên lâu_lâu rơi chân ra ngoài kk,mang vào chân đẹp như mà do có dây nên lâu_lâu rơi chân ra ngoài kk,phan_nan_giao_hang
với giá tiền nv là ok,với giá tiền nv là ok,khen_chat_luong
đá rơi hơi móp nhưng khắc_phục được,đá rơi hơi móp nhưng khắc_phục được,trung_tinh
nói_chung là ổn với số tiền bỏ ra,nói_chung là ổn với số tiền bỏ ra,khen_chat_luong
chất_lượng tốt khá ok phù_hợp với học_sinh sinh_viên,chất_lượng tốt khá ok phù_hợp với học_sinh sinh_viên,khen_chat_luong
hàng đẹp nha mọi người,hàng đẹp nha mọi người,khen_chat_luong
ảnh và video để lấy xu ạ,ảnh và video để lấy xu ạ,trung_tinh
sp oke e hinh ảnh mang g tính_chất t nhân n xu ạhh,sp oke e hinh ảnh mang g tính_chất t nhân n xu ạhh,khen_chat_luong
chất_lượng tương_ứng với chi_phí,chất_lượng tương_ứng với chi_phí,khen_chat_luong
đường may quá sơ_sài,đường may quá sơ_sài,trung_tinh
chưa đi đã sổ chỉ thì hơi tệ,chưa đi đã sổ chỉ thì hơi tệ,phan_nan_chat_luong
cần kiểm_tra hàng_hoá kỹ trước khi đến ray người tiêu_dùng,cần kiểm_tra hàng_hoá kỹ trước khi đến ray người tiêu_dùng,trung_tinh
vd không liên_quan,vd không liên_quan,trung_tinh
hàng đẹp giao nhanh ủng_hộ shop tiếp,hàng đẹp giao nhanh ủng_hộ shop tiếp,khen_chat_luong
sn bs k,sn bs k,trung_tinh
shop nhiệt_tình giao hàng nhanh hỗ_trợ trả hàng cũng nhanh nên mua nha m n,shop nhiệt_tình giao hàng nhanh hỗ_trợ trả hàng cũng nhanh nên mua nha m n,khen_giao_hang
chất thì xấu lại con mất orm đi trông già như_thế dc mỗi cái là rẻ,chất thì xấu lại con mất orm đi trông già như_thế dc mỗi cái là rẻ,phan_nan_chat_luong
sản_phẩm hợp giá tiền,sản_phẩm hợp giá tiền,gia_tri_gia
sẽ ghé mua lại,sẽ ghé mua lại,trung_tinh
qc soan xn gui de nhan,qc soan xn gui de nhan,trung_tinh
d vao tai khoan km khi tham_gia dv nha nong xanh,d vao tai khoan km khi tham_gia dv nha nong xanh,trung_tinh
cap nhat tin bien dong thoi tiet hang ngay va xu huong thi truong nong san,cap nhat tin bien dong thoi tiet hang ngay va xu huong thi truong nong san,trung_tinh
cuoc phi,cuoc phi,trung_tinh
tien km duoc cong sau ngay duy tri dv,tien km duoc cong sau ngay duy tri dv,trung_tinh
chi tiet lh d,chi tiet lh d,trung_tinh
rẻ mà chất_lượng lắm nha mọi người,rẻ mà chất_lượng lắm nha mọi người,khen_chat_luong
mua cho mẹ mà mẹ khen quá_trời,mua cho mẹ mà mẹ khen quá_trời,trung_tinh
k nghĩ là giá rẻ v luôn á,k nghĩ là giá rẻ v luôn á,gia_tri_gia
hơi lỗi chút nhưng chấp_nhận đc với mức giá nên mình vẫn cho sao,hơi lỗi chút nhưng chấp_nhận đc với mức giá nên mình vẫn cho sao,phan_nan_chat_luong
mỗi_tội mình đi giày sie mà mình đã đặt lùi sie r mà vẫn bị rộng,mỗi_tội mình đi giày sie mà mình đã đặt lùi sie r mà vẫn bị rộng,trung_tinh
giày vừa nhưng phần mũi hơi kích sẽ mua nếu có dịp sai,giày vừa nhưng phần mũi hơi kích sẽ mua nếu có dịp sai,de_xuat_mua
đâu rồi em,đâu rồi em,trung_tinh
sản_phẩm tốt giao hàng nhanh có hơi bị trầy nhưng không sao nên mua nên lùi lại sie sẽ vừa chân,sản_phẩm tốt giao hàng nhanh có hơi bị trầy nhưng không sao nên mua nên lùi lại sie sẽ vừa chân,khen_chat_luong
mua đôi này về ưng lắm luôn n,mua đôi này về ưng lắm luôn n,trung_tinh
sản_phẩm đúg với giá tiền,sản_phẩm đúg với giá tiền,gia_tri_gia
do vận_chuyển nên có chiếc giày bị tà mũi,do vận_chuyển nên có chiếc giày bị tà mũi,trung_tinh
nhưng cũng chấp_nhận được,nhưng cũng chấp_nhận được,trung_tinh
cũng ưng với giá này không đòi_hỏi thêm ạ,cũng ưng với giá này không đòi_hỏi thêm ạ,khen_chat_luong
nên mua nhé mọi người,nên mua nhé mọi người,de_xuat_mua
đẹp đi êm giá rẻ mng tưởng mình mua l nói chưa đến chục k ai tin,đẹp đi êm giá rẻ mng tưởng mình mua l nói chưa đến chục k ai tin,khen_chat_luong
màu ở ngoài nghiêng hồng chứ không hẵn là màu kem đâu nha,màu ở ngoài nghiêng hồng chứ không hẵn là màu kem đâu nha,trung_tinh
mn nên lùi s để vừa với chân mình hơn,mn nên lùi s để vừa với chân mình hơn,trung_tinh
giá rẻ chất_lượng quá ok nên mua nha,giá rẻ chất_lượng quá ok nên mua nha,khen_chat_luong
ncl kh đẹp,ncl kh đẹp,khen_chat_luong
dép đẹp nhưng hơi bị mất om,dép đẹp nhưng hơi bị mất om,khen_chat_luong
mong lần sau shop gối hàng kỹ lại để k bị móp,mong lần sau shop gối hàng kỹ lại để k bị móp,trung_tinh
có tuyệt qá k ạ dứ oi k mà chất_lượng n nay là ổn đók nha mn ơi nên mua nha,có tuyệt qá k ạ dứ oi k mà chất_lượng n nay là ổn đók nha mn ơi nên mua nha,khen_chat_luong
dép đẹp ngưng đặt màu be lại ra hồng nhạt hơi buồn chút,dép đẹp ngưng đặt màu be lại ra hồng nhạt hơi buồn chút,khen_chat_luong
dép gót nơ này mình thấy phần dưới gót chân nó dán keo không đẹp kiểu như cẩn thả vậy,dép gót nơ này mình thấy phần dưới gót chân nó dán keo không đẹp kiểu như cẩn thả vậy,khen_chat_luong
ám_ảnh của tuổi_thơ bạn là gì,ám_ảnh của tuổi_thơ bạn là gì,trung_tinh
lúc đó tôi đã nhảy_cẫng lên vì sung_sướng,lúc đó tôi đã nhảy_cẫng lên vì sung_sướng,trung_tinh
sau đó mẹ nói với tôi quần_áo bốn mùa,sau đó mẹ nói với tôi quần_áo bốn mùa,trung_tinh
chất_liệu ổn đẹp ạ phù_hợp,chất_liệu ổn đẹp ạ phù_hợp,khen_chat_luong
đúng với mô tảo k k ạ,đúng với mô tảo k k ạ,trung_tinh
đẹp phù_hợp với lứa tuổi mn nên mua nên dùng ạ,đẹp phù_hợp với lứa tuổi mn nên mua nên dùng ạ,khen_chat_luong
đẹp lắm nha mình mua nhiều lần rồi á nay mua thêm đôi nữa nè,đẹp lắm nha mình mua nhiều lần rồi á nay mua thêm đôi nữa nè,khen_chat_luong
màu_sắc bé,màu_sắc bé,trung_tinh
chất_liệu da mền,chất_liệu da mền,trung_tinh
đúng với mô_tả đúng với rom chất_liệu đẹp,đúng với mô_tả đúng với rom chất_liệu đẹp,khen_chat_luong
chất_liệu dép sục đen thì bị dính keo và dáng khá già nhưng giá_như này thì không mong gì hơn,chất_liệu dép sục đen thì bị dính keo và dáng khá già nhưng giá_như này thì không mong gì hơn,gia_tri_gia
giày mang êm chân đẹp như hình,giày mang êm chân đẹp như hình,khen_chat_luong
ship siêu nhanh và nhân_viên rep nt rất nhiệt_tình,ship siêu nhanh và nhân_viên rep nt rất nhiệt_tình,khen_giao_hang
sr mn vì mình k có ảnh,sr mn vì mình k có ảnh,trung_tinh
chất_liệu da lộn,chất_liệu da lộn,trung_tinh
chỉ được mỗi_cái đúng kích_thước và giao hàng nhanh,chỉ được mỗi_cái đúng kích_thước và giao hàng nhanh,khen_giao_hang
màu_sắc ảnh,màu_sắc ảnh,trung_tinh
đẹp giá rẻ rất là ưng_ý mn ue n d dien n r c k n d ba k k s k d k d k kg k k d,đẹp giá rẻ rất là ưng_ý mn ue n d dien n r c k n d ba k k s k d k d k kg k k d,khen_chat_luong
hàng oki la lắm,hàng oki la lắm,khen_chat_luong
đóng_gói sơ xài,đóng_gói sơ xài,khen_giao_hang
ok la,ok la,khen_chat_luong
chất_liệu giày dán nên hơi lỏng_lẻo,chất_liệu giày dán nên hơi lỏng_lẻo,trung_tinh
nhưng_mà giá này như đôi này là hợp_lí rồi,nhưng_mà giá này như đôi này là hợp_lí rồi,gia_tri_gia
màu_sắc g cy cy c t c,màu_sắc g cy cy c t c,trung_tinh
chất_liệu y cy cy c t,chất_liệu y cy cy c t,trung_tinh
d dy x r s t c bi v de dun o b y y u từ hù tv,d dy x r s t c bi v de dun o b y y u từ hù tv,trung_tinh
kích_cỡ giày thì vừa chân nhưng cảm_giác dây nó cứ bị rộng sao sao ấy hình_ảnh chỉ mang tính_chất nhận xu,kích_cỡ giày thì vừa chân nhưng cảm_giác dây nó cứ bị rộng sao sao ấy hình_ảnh chỉ mang tính_chất nhận xu,gia_tri_gia
nhìn đẹp ok la n bị xước ít mềm có_vẻ k đc bền cho lắm mọi người nên lấy lùi một sie nha ý_kiến riêng,nhìn đẹp ok la n bị xước ít mềm có_vẻ k đc bền cho lắm mọi người nên lấy lùi một sie nha ý_kiến riêng,khen_chat_luong
chất_liệu xục,chất_liệu xục,trung_tinh
tạm ổn h s k s k bs i hen k s mn sb si sn sb i e k s h s sb si k n n k,tạm ổn h s k s k bs i hen k s mn sb si sn sb i e k s h s sb si k n n k,khen_chat_luong
chất_lượng sản_phẩm dùng ok,chất_lượng sản_phẩm dùng ok,khen_chat_luong
nên mua nha mình mua chỉ k thôi sd hơn thá g r chưa thấy hư,nên mua nha mình mua chỉ k thôi sd hơn thá g r chưa thấy hư,de_xuat_mua
chất_lượng sản_phẩm cũng được,chất_lượng sản_phẩm cũng được,khen_chat_luong
tính_năng nổi_bật nghe cũng tạm ổn,tính_năng nổi_bật nghe cũng tạm ổn,khen_chat_luong
tuy hơi nhỏ nhưng phù_hợp với giá tiền,tuy hơi nhỏ nhưng phù_hợp với giá tiền,gia_tri_gia
nhỏ mà được,nhỏ mà được,trung_tinh
cũng đc tốt vì nó có k thôi uu d h b di o r r b b d n r y y t dy yd,cũng đc tốt vì nó có k thôi uu d h b di o r r b b d n r y y t dy yd,khen_chat_luong
chất_lượng sản_phẩm đóng_gói cẩn_thận,chất_lượng sản_phẩm đóng_gói cẩn_thận,khen_chat_luong
chất_lượng sản_phẩm d d,chất_lượng sản_phẩm d d,khen_chat_luong
tính_năng nổi_bật tự_dưng vô_tình vào shop e e cái rước được cái loa k re sip tưởng ship trêu sp bừa hoá_ra loa thật,tính_năng nổi_bật tự_dưng vô_tình vào shop e e cái rước được cái loa k re sip tưởng ship trêu sp bừa hoá_ra loa thật,khen_giao_hang
hàng về nhanh đẹp mn kết_nối blu eto ot h sao vậy chỉ e vs ạ e kết_nối không được,hàng về nhanh đẹp mn kết_nối blu eto ot h sao vậy chỉ e vs ạ e kết_nối không được,khen_chat_luong
tính_năng nổi_bật loa to,tính_năng nổi_bật loa to,trung_tinh
rất đáng đồng_tiền_bát_gạo giao hàng khá nhanh,rất đáng đồng_tiền_bát_gạo giao hàng khá nhanh,khen_giao_hang
loa tuy nhỏ nhưng âm_thanh to và rõ lắm ga h k d,loa tuy nhỏ nhưng âm_thanh to và rõ lắm ga h k d,trung_tinh
ship hàng nhanh,ship hàng nhanh,khen_giao_hang
hơi rè nhưng vs giá_thành thì ok,hơi rè nhưng vs giá_thành thì ok,khen_chat_luong
chất_lượng sản_phẩm tốt rẻ đẹp,chất_lượng sản_phẩm tốt rẻ đẹp,khen_chat_luong
sản_phẩm cũng tạm được có_điều hay bị mất kết_nối,sản_phẩm cũng tạm được có_điều hay bị mất kết_nối,trung_tinh
vì có vo uc he r shop e e xu nên mua đc giá khá rẻ,vì có vo uc he r shop e e xu nên mua đc giá khá rẻ,de_xuat_mua
gói hàng bên ngoài rất cẩn_thận,gói hàng bên ngoài rất cẩn_thận,trung_tinh
thời_gian giao hàng nhanh,thời_gian giao hàng nhanh,khen_giao_hang
k tin là mua được loa với giá k luôn ngày,k tin là mua được loa với giá k luôn ngày,gia_tri_gia
sao cho shop,sao cho shop,trung_tinh
thời_gian sử_dụng cũng tầm ho u r s gì đó,thời_gian sử_dụng cũng tầm ho u r s gì đó,trung_tinh
sản phầm có chất_lượng tốt giá_thành ổn_áp,sản phầm có chất_lượng tốt giá_thành ổn_áp,khen_chat_luong
phù_hợp giá học_sinh đang đi học đáng mua với giá này đang sử_dụng thấy ổn đấy nó mà thêm âm hay thì tốt quá rồi,phù_hợp giá học_sinh đang đi học đáng mua với giá này đang sử_dụng thấy ổn đấy nó mà thêm âm hay thì tốt quá rồi,khen_chat_luong
giao nhanh anh síp pơ thân_thiện,giao nhanh anh síp pơ thân_thiện,khen_giao_hang
chất_lượng sản_phẩm ngon hơn loa củ,chất_lượng sản_phẩm ngon hơn loa củ,khen_chat_luong
tính_năng nổi_bật âm_thanh rất to,tính_năng nổi_bật âm_thanh rất to,trung_tinh
chất_lượng sản_phẩm ch â t luong,chất_lượng sản_phẩm ch â t luong,khen_chat_luong
tính_năng nổi_bật nôi bât,tính_năng nổi_bật nôi bât,trung_tinh
nhân hang rôi,nhân hang rôi,trung_tinh
giao hang nhanh,giao hang nhanh,khen_giao_hang
loa nho đep nghe ch â t lương lăm luôn a,loa nho đep nghe ch â t lương lăm luôn a,trung_tinh
lân sau ung hô,lân sau ung hô,trung_tinh
chất_lượng sản_phẩm tốt đi em,chất_lượng sản_phẩm tốt đi em,khen_chat_luong
tính_năng nổi_bật đúng như quảng_cáo,tính_năng nổi_bật đúng như quảng_cáo,trung_tinh
chất_lượng sản_phẩm ổm,chất_lượng sản_phẩm ổm,khen_chat_luong
tính_năng nổi_bật các ổ_cắm cũng như sd lỏng_lẻo dôm dựa,tính_năng nổi_bật các ổ_cắm cũng như sd lỏng_lẻo dôm dựa,trung_tinh
đại cùi nhưng anh shipper rất ok,đại cùi nhưng anh shipper rất ok,khen_chat_luong
sản_phẩm rất tốt ôm thanh ổn đèn lep rất là sáng tuyệt_vời,sản_phẩm rất tốt ôm thanh ổn đèn lep rất là sáng tuyệt_vời,khen_chat_luong
tính_năng nổi_bật hát kết_nối đc blu eto ot h,tính_năng nổi_bật hát kết_nối đc blu eto ot h,trung_tinh
chất_lượng sản_phẩm tuyệt_vời hình_ảnh chỉ mang tính_chất nhận xu,chất_lượng sản_phẩm tuyệt_vời hình_ảnh chỉ mang tính_chất nhận xu,khen_chat_luong
âm_thanh ok,âm_thanh ok,khen_chat_luong
mua với giá k thôi nhưng sp tốt,mua với giá k thôi nhưng sp tốt,khen_chat_luong
to rõ ko rè,to rõ ko rè,trung_tinh
tính_năng nổi_bật đèn đẹp,tính_năng nổi_bật đèn đẹp,khen_chat_luong
sản_phẩm o oke màu ht pin quá ak,sản_phẩm o oke màu ht pin quá ak,khen_chat_luong
bắt lớn hơi ghè k mà ok,bắt lớn hơi ghè k mà ok,khen_chat_luong
ròi,ròi,trung_tinh
chất_lượng sản_phẩm kha ôn,chất_lượng sản_phẩm kha ôn,khen_chat_luong
tính_năng nổi_bật thay loa đt,tính_năng nổi_bật thay loa đt,trung_tinh
kha ôn hơp vơi gia_tiên nho gon dê xai,kha ôn hơp vơi gia_tiên nho gon dê xai,trung_tinh
sản_phẩm dùng khá ổn ko bị hết s h h s h s gs gs h s h s h sb s su b d si sb b n s su s sn s s k d n xuc n x k siu x h x b d du x h x si sư h s s d n xn d d h h s h sb sn s sn sn s sn s sn,sản_phẩm dùng khá ổn ko bị hết s h h s h s gs gs h s h s h sb s su b d si sb b n s su s sn s s k d n xuc n x k siu x h x b d du x h x si sư h s s d n xn d d h h s h sb sn s sn sn s sn s sn,khen_chat_luong
chất_lượng sản_phẩm sản_phẩm tuyệt_vời di_di d d b b d b d h di d di d b d b d b d di_di sb sb sb d b d,chất_lượng sản_phẩm sản_phẩm tuyệt_vời di_di d d b b d b d h di d di d b d b d b d di_di sb sb sb d b d,khen_chat_luong
o mình ko nghĩ là loa blu eto ot h chỉ có k mà có_thể chất_lượng đến vậy cảm_ơn shop,o mình ko nghĩ là loa blu eto ot h chỉ có k mà có_thể chất_lượng đến vậy cảm_ơn shop,khen_chat_luong
chất_lượng tốt đóng_gói cận thận nà,chất_lượng tốt đóng_gói cận thận nà,khen_chat_luong
chất_lượng sản_phẩm âm_lượng nhỏ,chất_lượng sản_phẩm âm_lượng nhỏ,khen_chat_luong
pin nhanh hết nghệ nhỏ và chói tai,pin nhanh hết nghệ nhỏ và chói tai,khen_giao_hang
sài tốt nha mng mik mua vs giá k nên rất ổn_áp nha,sài tốt nha mng mik mua vs giá k nên rất ổn_áp nha,khen_chat_luong
video đồ_là mik có bán nha mng ô ti kt ok mik sẽ thấy vào tcn mik là thấy b mik ạ hoặc kb alo,video đồ_là mik có bán nha mng ô ti kt ok mik sẽ thấy vào tcn mik là thấy b mik ạ hoặc kb alo,khen_chat_luong
loa tốt nha nhỏ gọn tiện_dụng nè âm_thanh vừa đủ ko quá to mua chỉ với que kem thui nè mà hàng xịn xò phết,loa tốt nha nhỏ gọn tiện_dụng nè âm_thanh vừa đủ ko quá to mua chỉ với que kem thui nè mà hàng xịn xò phết,khen_chat_luong
chất_lượng sản_phẩm đúng mô_tả,chất_lượng sản_phẩm đúng mô_tả,khen_chat_luong
nhưng mình vậy là ok rồi,nhưng mình vậy là ok rồi,khen_chat_luong
đóng_gói chắc_chắn ship pe d nhiệt_tình thân_thiện giao nhanh,đóng_gói chắc_chắn ship pe d nhiệt_tình thân_thiện giao nhanh,khen_chat_luong
loa nhỏ gọn_nhẹ nhàng có đèn led theo nhạc,loa nhỏ gọn_nhẹ nhàng có đèn led theo nhạc,khen_chat_luong
đóng_gói sản_phẩm chắc_chắn,đóng_gói sản_phẩm chắc_chắn,khen_chat_luong
chất_lượng tốt nghe đã,chất_lượng tốt nghe đã,khen_chat_luong
tính_năng nổi_bật nhạc to nghe rất thích tai,tính_năng nổi_bật nhạc to nghe rất thích tai,trung_tinh
hình_ảnh vd chỉ mang tính_chất nhận xu,hình_ảnh vd chỉ mang tính_chất nhận xu,trung_tinh
chất_lượng sản_phẩm ve r y go o d,chất_lượng sản_phẩm ve r y go o d,khen_chat_luong
sản phẩn dùng khá tốt âm_thanh nghe cũng êm tai i,sản phẩn dùng khá tốt âm_thanh nghe cũng êm tai i,khen_chat_luong
nhỏ mà có võ,nhỏ mà có võ,trung_tinh
tính_năng nổi_bật loa nghe hay,tính_năng nổi_bật loa nghe hay,trung_tinh
loa nghe rất ổn nhé,loa nghe rất ổn nhé,khen_chat_luong
hình_ảnh mang tính_chất nhận xu ạ,hình_ảnh mang tính_chất nhận xu ạ,trung_tinh
tính_năng nổi_bật khong có,tính_năng nổi_bật khong có,trung_tinh
chất_lượng sản_phẩm ko hay cho lam s,chất_lượng sản_phẩm ko hay cho lam s,khen_chat_luong
cũng gọi là sắp chống điếc tí nhưng với giá k thì ok,cũng gọi là sắp chống điếc tí nhưng với giá k thì ok,khen_chat_luong
chất_lượng sản_phẩm âm_thanh nghe rõ,chất_lượng sản_phẩm âm_thanh nghe rõ,khen_chat_luong
tính_năng nổi_bật có_thể chỉnh lên bài khác,tính_năng nổi_bật có_thể chỉnh lên bài khác,trung_tinh
mình săn được k cũng quá là ok ko dòi hỏi,mình săn được k cũng quá là ok ko dòi hỏi,khen_chat_luong
chất_lượng sản_phẩm tạm được,chất_lượng sản_phẩm tạm được,khen_chat_luong
tính_năng nổi_bật thêm đèn nháy nhiều mà nhìn kha d bắt_mắt,tính_năng nổi_bật thêm đèn nháy nhiều mà nhìn kha d bắt_mắt,khen_chat_luong
pin kém ko trâu chỗ vặn to_nhỏ yếu lắm,pin kém ko trâu chỗ vặn to_nhỏ yếu lắm,phan_nan_chat_luong
chất_lượng sản_phẩm phù_hợp giá tiền,chất_lượng sản_phẩm phù_hợp giá tiền,khen_chat_luong
shop đóng_gói cẩn_thận ship nhanh anh ship hàng chán luôn,shop đóng_gói cẩn_thận ship nhanh anh ship hàng chán luôn,khen_giao_hang
tính_năng nổi_bật âm_thanh to,tính_năng nổi_bật âm_thanh to,trung_tinh
hả và video chỉ mang tính_chất nhận xu,hả và video chỉ mang tính_chất nhận xu,trung_tinh
loa nhỏ âm_thanh to,loa nhỏ âm_thanh to,trung_tinh
mọi người nên mua tính_năng tốt dễ sử_dụng loa to lắm nha shop,mọi người nên mua tính_năng tốt dễ sử_dụng loa to lắm nha shop,khen_chat_luong
chất_lượng sản_phẩm đ g sử_dụng chưa biết,chất_lượng sản_phẩm đ g sử_dụng chưa biết,khen_chat_luong
tính_năng nổi_bật có đèn nhấp_nháy,tính_năng nổi_bật có đèn nhấp_nháy,trung_tinh
mua giá k,mua giá k,gia_tri_gia
chưa thấy bất_ổn,chưa thấy bất_ổn,khen_chat_luong
chưa xài chưa biết,chưa xài chưa biết,trung_tinh
chất_lượng sản_phẩm cũng ok đáng k,chất_lượng sản_phẩm cũng ok đáng k,khen_chat_luong
nhạc bật to hơi rè nhưng ma de in chin a,nhạc bật to hơi rè nhưng ma de in chin a,trung_tinh
giao hàng hơi lâu nhưng chất_lượng rất ok với giá_cả hiện_tại,giao hàng hơi lâu nhưng chất_lượng rất ok với giá_cả hiện_tại,phan_nan_giao_hang
đáng_giá sao,đáng_giá sao,gia_tri_gia
bin nhanh hết nghe không hay nghe em rất chập_chờn không bắt được sóng,bin nhanh hết nghe không hay nghe em rất chập_chờn không bắt được sóng,khen_giao_hang
sản_phẩm tốt mọi người có_thể tham_khảo,sản_phẩm tốt mọi người có_thể tham_khảo,khen_chat_luong
tính_năng nổi_bật thu_phát âm_thanh,tính_năng nổi_bật thu_phát âm_thanh,trung_tinh
loa hơi rè nến không muốn nói là quá rè tào_lao cho đủ nhận su thôi,loa hơi rè nến không muốn nói là quá rè tào_lao cho đủ nhận su thôi,trung_tinh
tạm còn nghe ok phải mua loại nhiều tiền hơn ship nhanh_chóng,tạm còn nghe ok phải mua loại nhiều tiền hơn ship nhanh_chóng,khen_chat_luong
mua một cái loa vs giá chỉ k,mua một cái loa vs giá chỉ k,gia_tri_gia
nên ko đòi_hỏi,nên ko đòi_hỏi,trung_tinh
giao hàng nhanh đóng_gói cẩn_thận loa nhỏ gọn nma âm_thanh khá to mua đc với giá siêu hời nên kh có thắc_mắc gì nhiều hình_ảnh mang tính lượm xu,giao hàng nhanh đóng_gói cẩn_thận loa nhỏ gọn nma âm_thanh khá to mua đc với giá siêu hời nên kh có thắc_mắc gì nhiều hình_ảnh mang tính lượm xu,khen_giao_hang
ngon_lành cành đào,ngon_lành cành đào,khen_chat_luong
dây sạt ngắn quá ko biết gắn dây sạt dài vào có bị sao ko nữa,dây sạt ngắn quá ko biết gắn dây sạt dài vào có bị sao ko nữa,trung_tinh
tính_năng nổi_bật nghe to rõ,tính_năng nổi_bật nghe to rõ,trung_tinh
loa nghe to rõ đóng_gói khá chắc_chắn giao hàng nhanh vs giá rẻ như này thì ko còn gì để nói nữa sao cho shop,loa nghe to rõ đóng_gói khá chắc_chắn giao hàng nhanh vs giá rẻ như này thì ko còn gì để nói nữa sao cho shop,khen_chat_luong
ik như hình_như nói_chung là sản_phẩm tốt,ik như hình_như nói_chung là sản_phẩm tốt,khen_chat_luong
tính_năng nổi_bật rất đẹp,tính_năng nổi_bật rất đẹp,khen_chat_luong
ảnh mang tính_chất nhận xu nhưng_mà loa hơi bé âm_thanh ko đu oc rõ,ảnh mang tính_chất nhận xu nhưng_mà loa hơi bé âm_thanh ko đu oc rõ,trung_tinh
mua dùng được lần xong hỏng phí tiền mua cái này thì cũng không_thể nói được gì cả đâu ra v,mua dùng được lần xong hỏng phí tiền mua cái này thì cũng không_thể nói được gì cả đâu ra v,phan_nan_chat_luong
anh ship hàng tốt_tính nữa,anh ship hàng tốt_tính nữa,khen_chat_luong
tuyệt_vời còn tặng thêm một dây sạc nữa,tuyệt_vời còn tặng thêm một dây sạc nữa,khen_chat_luong
tính_năng nổi_bật đèn tốt âm_thanh chuẩn,tính_năng nổi_bật đèn tốt âm_thanh chuẩn,khen_chat_luong
chất_lượng sản_phẩm tốt không giá_thành hợp_lý,chất_lượng sản_phẩm tốt không giá_thành hợp_lý,khen_chat_luong
loa nhỏ nhỏ dễ_thương mấy đứa bé nhà mình thích hơn mình chúng cứ cầm chạy quanh nhà_hát theo nhạc,loa nhỏ nhỏ dễ_thương mấy đứa bé nhà mình thích hơn mình chúng cứ cầm chạy quanh nhà_hát theo nhạc,trung_tinh
tính_năng nổi_bật đèn led nhiều màu,tính_năng nổi_bật đèn led nhiều màu,trung_tinh
chất_lượng sản_phẩm loa hơi nhỏ,chất_lượng sản_phẩm loa hơi nhỏ,khen_chat_luong
tính_năng nổi_bật nghe nhạc kết_nối blu eto ot h,tính_năng nổi_bật nghe nhạc kết_nối blu eto ot h,trung_tinh
chất_lượng sản_phẩm nói_chung là tạm được,chất_lượng sản_phẩm nói_chung là tạm được,khen_chat_luong
tính_năng nổi_bật có khá nhiều tính_năng,tính_năng nổi_bật có khá nhiều tính_năng,trung_tinh
sản_phẩm khá ok âm_thanh nghe cũng được,sản_phẩm khá ok âm_thanh nghe cũng được,khen_chat_luong
tính_năng nổi_bật có_thể chớp nháy theo nhạc,tính_năng nổi_bật có_thể chớp nháy theo nhạc,trung_tinh
giá thàng khá ổn so với cái loa,giá thàng khá ổn so với cái loa,khen_chat_luong
nghe không to lắm mà cũng k nhỏ lắm,nghe không to lắm mà cũng k nhỏ lắm,trung_tinh
vừa vừa,vừa vừa,trung_tinh
tính_năng nổi_bật không kết_nối được dì luôn nge ko đ ư ơ c khiên mn đừng nên mua,tính_năng nổi_bật không kết_nối được dì luôn nge ko đ ư ơ c khiên mn đừng nên mua,de_xuat_mua
tính_năng nổi_bật đèn led xịn,tính_năng nổi_bật đèn led xịn,khen_chat_luong
tb tặng giá_trị cho lần nạp thẻ đầu_tiên trên my viet tel vào chủ_nhật ngày,tb tặng giá_trị cho lần nạp thẻ đầu_tiên trên my viet tel vào chủ_nhật ngày,gia_tri_gia
tiền khuyến_mại sử_dụng nội mạng trong ngày,tiền khuyến_mại sử_dụng nội mạng trong ngày,trung_tinh
giảm thêm khi nạp tại ht tp s my v t,giảm thêm khi nạp tại ht tp s my v t,khen_chat_luong
lin k nap tien cn,lin k nap tien cn,trung_tinh
lh đ,lh đ,trung_tinh
trân_trọng,trân_trọng,trung_tinh
tính_năng nổi_bật chuyển bài dừng nhạc trên loa được,tính_năng nổi_bật chuyển bài dừng nhạc trên loa được,trung_tinh
loa nhỏ nhưng_mà dùng rất tốt,loa nhỏ nhưng_mà dùng rất tốt,khen_chat_luong
tui sẽ để video cho mn nghe đoạn nhạc nha,tui sẽ để video cho mn nghe đoạn nhạc nha,trung_tinh
tính_năng nổi_bật ok ổn ức_chế he he éc ha_ha ha_ha ha mình cũng có_thể là do người ta không có gì là_lạ đâu mà phả,tính_năng nổi_bật ok ổn ức_chế he he éc ha_ha ha_ha ha mình cũng có_thể là do người ta không có gì là_lạ đâu mà phả,khen_chat_luong
g h hg xe v tb n n m,g h hg xe v tb n n m,trung_tinh
tính_năng nổi_bật có đèn led,tính_năng nổi_bật có đèn led,trung_tinh
lần đầu mua của shop cảm_thấy sản_phẩm cũng tốt nhỏ và nhẹ hơn mình nghĩ với giá tiền đấy thì mua cũng đc mọi người nên mua,lần đầu mua của shop cảm_thấy sản_phẩm cũng tốt nhỏ và nhẹ hơn mình nghĩ với giá tiền đấy thì mua cũng đc mọi người nên mua,khen_chat_luong
sản_phẩm tốt chất_lượng và giao hàng nhanh sẽ luôn_luôn ủng_hộ shop,sản_phẩm tốt chất_lượng và giao hàng nhanh sẽ luôn_luôn ủng_hộ shop,khen_chat_luong
hàng khá ok nhưng em không có thời_gian chụp ảnh với quay video shop thông_cảm o,hàng khá ok nhưng em không có thời_gian chụp ảnh với quay video shop thông_cảm o,khen_chat_luong
tính_năng nổi_bật loa,tính_năng nổi_bật loa,trung_tinh
đơn hàng k,đơn hàng k,trung_tinh
nhưng loa hơi è,nhưng loa hơi è,trung_tinh
chất_lượng sản_phẩm loa được rất tốt nhưng hơi nhẹ làm cầm dễ rơi,chất_lượng sản_phẩm loa được rất tốt nhưng hơi nhẹ làm cầm dễ rơi,khen_chat_luong
tốt ko phải bàn,tốt ko phải bàn,khen_chat_luong
chất_lượng sản_phẩm khá ok,chất_lượng sản_phẩm khá ok,khen_chat_luong
nó cũng kiểu mini thôi m,nó cũng kiểu mini thôi m,trung_tinh
đèn chóp cũng ok lém,đèn chóp cũng ok lém,khen_chat_luong
loa chỉ to hơn âm_lượng đt tí thôi,loa chỉ to hơn âm_lượng đt tí thôi,trung_tinh
đặt đc với giá k cũng ko dám nói nhiều,đặt đc với giá k cũng ko dám nói nhiều,gia_tri_gia
video và hình_ảnh chỉ mang tính_chất nhận xu hoi,video và hình_ảnh chỉ mang tính_chất nhận xu hoi,trung_tinh
tính_năng nổi_bật kết_nối blu tút,tính_năng nổi_bật kết_nối blu tút,trung_tinh
sản_phẩm tốt mk mua về chơi nhưng bố_mẹ mo cx thích mọi người nên mua,sản_phẩm tốt mk mua về chơi nhưng bố_mẹ mo cx thích mọi người nên mua,khen_chat_luong
k mà chất lương nha,k mà chất lương nha,trung_tinh
nhỏ gọn,nhỏ gọn,trung_tinh
loa nghe ok k quá to cug k qua nhỏ,loa nghe ok k quá to cug k qua nhỏ,khen_chat_luong
chất_lượng sản_phẩm loa nhỏ mà cũng ok nghe nhạc các kiểu cũng dc hơn tiếng mà_lại săn dc giá k nên tuyệt_vời,chất_lượng sản_phẩm loa nhỏ mà cũng ok nghe nhạc các kiểu cũng dc hơn tiếng mà_lại săn dc giá k nên tuyệt_vời,khen_chat_luong
nhận xử n k ke ka mm d d sn d n sn an as n s nsnd n xn d n xn,nhận xử n k ke ka mm d d sn d n sn an as n s nsnd n xn d n xn,trung_tinh
tính_năng nổi_bật loa rè,tính_năng nổi_bật loa rè,trung_tinh
không biết lúc gửi hàng cho khách thì shop có kiểm_tra không mà loa kém chất_lượng,không biết lúc gửi hàng cho khách thì shop có kiểm_tra không mà loa kém chất_lượng,phan_nan_chat_luong
thấy mọi người đều đánh_giá sao khen shop về cả chất_lượng sản_phẩm cũng như cách phục_vụ nên khá tin_tưởng nhưng ai_ngờ,thấy mọi người đều đánh_giá sao khen shop về cả chất_lượng sản_phẩm cũng như cách phục_vụ nên khá tin_tưởng nhưng ai_ngờ,khen_chat_luong
mong shop rút kinh_nghiệm cho những đơn sau,mong shop rút kinh_nghiệm cho những đơn sau,trung_tinh
hình_ảnh và video chỉ mang tính_chất nhận xuu,hình_ảnh và video chỉ mang tính_chất nhận xuu,trung_tinh
dép mang êm giao hàng nhanh,dép mang êm giao hàng nhanh,khen_chat_luong
duyên duy yên n,duyên duy yên n,trung_tinh
ở ân_thi ai cần tìm việc_làm thêm tại nhà không,ở ân_thi ai cần tìm việc_làm thêm tại nhà không,khen_chat_luong
lương ăn_theo sản_phẩm đồng sản_phẩm lương tháng triệu bình_thường,lương ăn_theo sản_phẩm đồng sản_phẩm lương tháng triệu bình_thường,trung_tinh
ai có nhu_cầu thì nhắn_tin trực_tiếp alo,ai có nhu_cầu thì nhắn_tin trực_tiếp alo,trung_tinh
chất_liệu k bit s,chất_liệu k bit s,trung_tinh
mới nhận hàng,mới nhận hàng,trung_tinh
sk h h n d g k là al sơn chúc ấy đúng thì dụ b hoá thức này cũng đẹp lắm nha bạn,sk h h n d g k là al sơn chúc ấy đúng thì dụ b hoá thức này cũng đẹp lắm nha bạn,khen_chat_luong
chất_liệu lông,chất_liệu lông,trung_tinh
lông mềm mịn,lông mềm mịn,khen_chat_luong
đúng sie đúng mẫu vận_chuyển nhanh tot t,đúng sie đúng mẫu vận_chuyển nhanh tot t,khen_giao_hang
đi linh_tinh trong nhà thì cũng ok còn đâu là với giá tiền n vay k thể_nào muốn đẹp dc rồi,đi linh_tinh trong nhà thì cũng ok còn đâu là với giá tiền n vay k thể_nào muốn đẹp dc rồi,khen_chat_luong
rất ưng luôn ạ,rất ưng luôn ạ,trung_tinh
mn lên mua nha,mn lên mua nha,trung_tinh
lần sau sẽ ủng_hộ shop tiếp,lần sau sẽ ủng_hộ shop tiếp,trung_tinh
chuẩn sie lông ít mỏng nhanh bẩn,chuẩn sie lông ít mỏng nhanh bẩn,khen_chat_luong
ai sạch_sẽ ưa giữ_gìn lên mua mn ơi,ai sạch_sẽ ưa giữ_gìn lên mua mn ơi,trung_tinh
mình đặt đen mà shop ơi,mình đặt đen mà shop ơi,trung_tinh
nhưng vì săn sa le đồng nên tha_thứ nhé,nhưng vì săn sa le đồng nên tha_thứ nhé,trung_tinh
shop giao đúng s mình đi hơi rộng nhưng_mà vẫn xinh,shop giao đúng s mình đi hơi rộng nhưng_mà vẫn xinh,khen_chat_luong
dép đẹp ậvabs sia ba bs k sb s ậnbs xy g d b d bis s v s h h x bs b,dép đẹp ậvabs sia ba bs k sb s ậnbs xy g d b d bis s v s h h x bs b,khen_chat_luong
chất_liệu bình_thường,chất_liệu bình_thường,trung_tinh
màu_sắc đặt màu đen giao màu nâu,màu_sắc đặt màu đen giao màu nâu,trung_tinh
đúng với mô_tả không đúng với mô_tả,đúng với mô_tả không đúng với mô_tả,phan_nan_chat_luong
đặt màu đen mà giao ra màu nâu,đặt màu đen mà giao ra màu nâu,trung_tinh
chất_liệu va ri,chất_liệu va ri,trung_tinh
đúng với mô_tả chắc vậy,đúng với mô_tả chắc vậy,khen_chat_luong
đặt giao nói_chung cũng được,đặt giao nói_chung cũng được,trung_tinh
chất_liệu loong cừu,chất_liệu loong cừu,trung_tinh
hàng đpe đế dẻo giao hàng nhanh mn nên mua ạ,hàng đpe đế dẻo giao hàng nhanh mn nên mua ạ,khen_giao_hang
chất_liệu lông cừu,chất_liệu lông cừu,trung_tinh
đúng với mô tảk giống hình lắm,đúng với mô tảk giống hình lắm,dung_voi_mo_ta
không có chữ ở giữa dép,không có chữ ở giữa dép,trung_tinh
đế màu trắng k cùng màu đen nhưng cũng đẹp mua được giá k ok,đế màu trắng k cùng màu đen nhưng cũng đẹp mua được giá k ok,khen_chat_luong
thoai mai dat a co ngay g b ngay dat a toc do cao de truy cap ung_dung oom chi voi,thoai mai dat a co ngay g b ngay dat a toc do cao de truy cap ung_dung oom chi voi,trung_tinh
d ngay,d ngay,trung_tinh
chi tiet lien he,chi tiet lien he,trung_tinh
chất_liệu bông,chất_liệu bông,trung_tinh
đẹp giống trong hình rất ưng,đẹp giống trong hình rất ưng,khen_chat_luong
chất_liệu long,chất_liệu long,trung_tinh
đúng với mô_tả dép đúng màu,đúng với mô_tả dép đúng màu,dung_voi_mo_ta
dép điệp nên mua rẻ oke k chê đi đâu đc nói_chung là oke oke oke nha ok ok ok nhìu lâm,dép điệp nên mua rẻ oke k chê đi đâu đc nói_chung là oke oke oke nha ok ok ok nhìu lâm,khen_chat_luong
gia_đình là thứ tồn_tại duy_nhất còn những thứ khác có hay không thì cũng không quan_trọng,gia_đình là thứ tồn_tại duy_nhất còn những thứ khác có hay không thì cũng không quan_trọng,trung_tinh
đẹp rẽ nên mua,đẹp rẽ nên mua,khen_chat_luong
dép mềm và đẹp lắm hình_ảnh và video chỉ mang tính_chất minh_hoạ,dép mềm và đẹp lắm hình_ảnh và video chỉ mang tính_chất minh_hoạ,khen_chat_luong
giay đep ma re bé tuoi m sn g vua s giao hang tuong đoi k châm k nhanh se ung hô tiep,giay đep ma re bé tuoi m sn g vua s giao hang tuong đoi k châm k nhanh se ung hô tiep,khen_giao_hang
dép siu u đẹp p lu o on n nha a mn,dép siu u đẹp p lu o on n nha a mn,khen_chat_luong
đáng tiền n nên n mua a nha a,đáng tiền n nên n mua a nha a,gia_tri_gia
shop nên xem_lại mặt_hàng này,shop nên xem_lại mặt_hàng này,trung_tinh
đẹp hơn nhiều so với các bạn có_thể tham_khảo thêm về việc này thì,đẹp hơn nhiều so với các bạn có_thể tham_khảo thêm về việc này thì,khen_chat_luong
sản ph âm đẹp rẻ ạ nên mua mn nhe e,sản ph âm đẹp rẻ ạ nên mua mn nhe e,khen_chat_luong
shop chuẩn_bị hàng,shop chuẩn_bị hàng,khen_chat_luong
dép dính chưa chắc,dép dính chưa chắc,khen_chat_luong
nhưng săn được với giá rẻ nên cũng tạm,nhưng săn được với giá rẻ nên cũng tạm,gia_tri_gia
màu_sắc đẹp_mắt,màu_sắc đẹp_mắt,khen_chat_luong
chất_lượng tốt đúng màu,chất_lượng tốt đúng màu,khen_chat_luong
khá mềm và nhẹ,khá mềm và nhẹ,khen_chat_luong
đẹp shop nhiệt_tình,đẹp shop nhiệt_tình,khen_chat_luong
đóng cẩn_thận,đóng cẩn_thận,trung_tinh
rất đẹp lông mềm đi ấm thật ấy đáng mua lần sau,rất đẹp lông mềm đi ấm thật ấy đáng mua lần sau,khen_chat_luong
màu_sắc ko giống ảnh cho lắm,màu_sắc ko giống ảnh cho lắm,trung_tinh
đúng với mô_tả cũng được,đúng với mô_tả cũng được,dung_voi_mo_ta
shop gửi cho mình nhầm s đặt gửi,shop gửi cho mình nhầm s đặt gửi,trung_tinh
đóng_gói đẹp giao hàng nhanh,đóng_gói đẹp giao hàng nhanh,khen_chat_luong
hình_ảnh chỉ mang tính_chất nhận xu thôi nhưng_mà sản_phẩm rất đẹp đáng tiền,hình_ảnh chỉ mang tính_chất nhận xu thôi nhưng_mà sản_phẩm rất đẹp đáng tiền,khen_chat_luong
đúng với mô_tả không giống trong hình một_chút nào,đúng với mô_tả không giống trong hình một_chút nào,dung_voi_mo_ta
hàng không như mình mong_đợi méo_mó sứt chỉ đôi này chỉ nên đi trong nhà đế dép là xốp nói_chung là với giá_như vậy thì không dám đòi_hỏi thêm nên chỉ cho sao thôi,hàng không như mình mong_đợi méo_mó sứt chỉ đôi này chỉ nên đi trong nhà đế dép là xốp nói_chung là với giá_như vậy thì không dám đòi_hỏi thêm nên chỉ cho sao thôi,khen_chat_luong
sẽ ủng_hộ shop típ,sẽ ủng_hộ shop típ,trung_tinh
chất_liệu len,chất_liệu len,trung_tinh
hay lam moi nguoi,hay lam moi nguoi,trung_tinh
như ảnh,như ảnh,trung_tinh
đơn săn sa le k siêu chất_lượng chó cắn k sao khá tốt êm mềm mang mát chân,đơn săn sa le k siêu chất_lượng chó cắn k sao khá tốt êm mềm mang mát chân,khen_chat_luong
hàng đẹp lắm ạ,hàng đẹp lắm ạ,khen_chat_luong
cảm_ơn shop đã tư_vấn nhiệt_tình,cảm_ơn shop đã tư_vấn nhiệt_tình,khen_dich_vu
dép xinh lắm mọi người ơi,dép xinh lắm mọi người ơi,khen_chat_luong
shop phục phụ rất tốt luôn ha_ha,shop phục phụ rất tốt luôn ha_ha,khen_chat_luong
người giao hàng thân_thiện,người giao hàng thân_thiện,khen_giao_hang
dép đẹp chuẩn sie giá rê nhe,dép đẹp chuẩn sie giá rê nhe,khen_chat_luong
phần quai may dịch xuống dưới để hở ngón chân ra sẽ đẹ hơn,phần quai may dịch xuống dưới để hở ngón chân ra sẽ đẹ hơn,trung_tinh
shop làm phần qua lên cao quá đi vào nhìn ngón chân ngắn,shop làm phần qua lên cao quá đi vào nhìn ngón chân ngắn,trung_tinh
chất_liệu mềm đi êm chân lắm ý,chất_liệu mềm đi êm chân lắm ý,khen_chat_luong
đúng với mô tảy chang trong hình lun,đúng với mô tảy chang trong hình lun,trung_tinh
dép đẹp xinh lam d ạaa,dép đẹp xinh lam d ạaa,khen_chat_luong
dép p đẹp p lắm nha nma hơi nhỏ_xíu cỡ sẽ vừa đẹp p có mùi hắc nhẹ nma rất hài_lòng chất_lượng tuỵ t vời i,dép p đẹp p lắm nha nma hơi nhỏ_xíu cỡ sẽ vừa đẹp p có mùi hắc nhẹ nma rất hài_lòng chất_lượng tuỵ t vời i,phan_nan_chat_luong
nói_chung rất đẹp,nói_chung rất đẹp,khen_chat_luong
shop giao nhầm chiếc bên phải luôn mà nt không thấy hồi_âm,shop giao nhầm chiếc bên phải luôn mà nt không thấy hồi_âm,trung_tinh
hơn tháng r k giải_quyết,hơn tháng r k giải_quyết,trung_tinh
chất_liệu vải ấm,chất_liệu vải ấm,trung_tinh
đáng mua nha a mọi người,đáng mua nha a mọi người,gia_tri_gia
chất_liệu không bt,chất_liệu không bt,trung_tinh
chất_liệu bông tốt,chất_liệu bông tốt,khen_chat_luong
đúng với mô_tả chất_liệu đúng với mô_tả hợp giá tiền,đúng với mô_tả chất_liệu đúng với mô_tả hợp giá tiền,dung_voi_mo_ta
xinh rẻ đẹp nên mua,xinh rẻ đẹp nên mua,khen_chat_luong
giá rẻ dép xinh,giá rẻ dép xinh,khen_chat_luong
sẽ ủng_hộ tiếp,sẽ ủng_hộ tiếp,trung_tinh
hậhbsnahnabsnsbhahn b s h sen s sún b d h s sn ua bs h sb s s ha bs sb h s,hậhbsnahnabsnsbhahn b s h sen s sún b d h s sn ua bs h sb s s ha bs sb h s,trung_tinh
shop giao ko đúng sie,shop giao ko đúng sie,trung_tinh
dép đẹp em chân,dép đẹp em chân,khen_chat_luong
đang đặt thêm cho ng nhà đi,đang đặt thêm cho ng nhà đi,khen_chat_luong
gia thì rẻ khỏi bàn,gia thì rẻ khỏi bàn,gia_tri_gia
ok nhé,ok nhé,khen_chat_luong
rất là ok,rất là ok,khen_chat_luong
đẹp rất hi_hi,đẹp rất hi_hi,khen_chat_luong
giá phải_chăng hàng chuẩn mẫu,giá phải_chăng hàng chuẩn mẫu,khen_chat_luong
dép ok nên mua nhưng mình khổng rõ là đi trong nhà hay đi được cả ra ngoài,dép ok nên mua nhưng mình khổng rõ là đi trong nhà hay đi được cả ra ngoài,khen_chat_luong
đầu mũi dép hơi hẹp k đc đẹp cho lắm ở trung_tâm giữa bàn_chân thì ok hơn,đầu mũi dép hơi hẹp k đc đẹp cho lắm ở trung_tâm giữa bàn_chân thì ok hơn,khen_chat_luong
màu_sắc đúng màu như trong hình,màu_sắc đúng màu như trong hình,dung_voi_mo_ta
giao hàng hơi lâu nhưng chất_lượng tốt,giao hàng hơi lâu nhưng chất_lượng tốt,phan_nan_giao_hang
đúng với mô_tả đẹp và dày và đi thi k lắm,đúng với mô_tả đẹp và dày và đi thi k lắm,khen_chat_luong
shop gửi nhầm màu rồi nhưng vẫn cho shop sao nhé,shop gửi nhầm màu rồi nhưng vẫn cho shop sao nhé,trung_tinh
sản_phẩm đẹp quá_trời luôn,sản_phẩm đẹp quá_trời luôn,khen_chat_luong
chất_liệu bong,chất_liệu bong,trung_tinh
hang dep,hang dep,trung_tinh
chất_liệu như hình,chất_liệu như hình,dung_voi_mo_ta
đúng với mô_tả gần giống,đúng với mô_tả gần giống,dung_voi_mo_ta
hàng giao k giống mẫu,hàng giao k giống mẫu,trung_tinh
mau dê dép mũ đen phom đẹp,mau dê dép mũ đen phom đẹp,khen_chat_luong
con hàng giao dép đi trong nhà,con hàng giao dép đi trong nhà,trung_tinh
tôi chưa nhận được hàng và chưa thanh_toán gì cả,tôi chưa nhận được hàng và chưa thanh_toán gì cả,phan_nan_giao_hang
dép xinh h xỉu luôn íii,dép xinh h xỉu luôn íii,khen_chat_luong
êm chân orm đẹp,êm chân orm đẹp,khen_chat_luong
nên mua a nha mng oii,nên mua a nha mng oii,de_xuat_mua
đẹp m,đẹp m,khen_chat_luong
n nên mua,n nên mua,de_xuat_mua
màu sắctrắg,màu sắctrắg,trung_tinh
dép đi êm giao hàng nhanh ship e r nhiệt_tình,dép đi êm giao hàng nhanh ship e r nhiệt_tình,khen_chat_luong
đúng với mô_tả rất ưng_ý,đúng với mô_tả rất ưng_ý,dung_voi_mo_ta
chất_liệu vải đẹp,chất_liệu vải đẹp,khen_chat_luong
dép hơi chật chất mịn đi vào mùa đông ấm,dép hơi chật chất mịn đi vào mùa đông ấm,trung_tinh
chất_liệu lông xù,chất_liệu lông xù,trung_tinh
không giống trong hình,không giống trong hình,trung_tinh
hài_lòng rất hài_lòng,hài_lòng rất hài_lòng,trung_tinh
sp đẹp mang êm chan,sp đẹp mang êm chan,khen_chat_luong
n m ke nsnd v b lan d ne s s,n m ke nsnd v b lan d ne s s,trung_tinh
đúng với mô tảo ki,đúng với mô tảo ki,trung_tinh
chất_liệu khá mỏng,chất_liệu khá mỏng,trung_tinh
thì cũng phải_biết suy_nghĩ thì sẽ có_thể là một trong những người yêu thích công_nghệ thì phải có cái gì,thì cũng phải_biết suy_nghĩ thì sẽ có_thể là một trong những người yêu thích công_nghệ thì phải có cái gì,trung_tinh
chất_liệu gió,chất_liệu gió,trung_tinh
áo lớp mỏng nhiều chỉ thừa nhưng với giá này là ok,áo lớp mỏng nhiều chỉ thừa nhưng với giá này là ok,khen_chat_luong
màu sắc đen trăng,màu sắc đen trăng,trung_tinh
lần sau sẽ ủng_hộ shop ti ê p hình_ảnh chỉ mang tính_chất minh_hoạ để nhận xu thôi,lần sau sẽ ủng_hộ shop ti ê p hình_ảnh chỉ mang tính_chất minh_hoạ để nhận xu thôi,trung_tinh
với gia k thi qua là toet với mình ko biết san phi sip như_thế_nào có ai chi cho mình với,với gia k thi qua là toet với mình ko biết san phi sip như_thế_nào có ai chi cho mình với,trung_tinh
chất_liệu vải rất mỏng,chất_liệu vải rất mỏng,trung_tinh
đúng với mô_tả giống vs mô_tả,đúng với mô_tả giống vs mô_tả,dung_voi_mo_ta
mặc hơi chật và vải mỏng nma là hàng k săn dịp sa le nên ko trông_mong cho lắm,mặc hơi chật và vải mỏng nma là hàng k săn dịp sa le nên ko trông_mong cho lắm,trung_tinh
áo săn đúng ngày siêu se al nên k mong_chờ lắm nên là không yêu_cầu chất_lượng này_nọ nói_chung áo vầy với giá_cả như_vậy là ok rồi với cả áo k có sie mua về bị bé tý nhưng vẫn ủng_hộ shop sao thôi hàng k như_vầy ok rồi chỉ khoác hoặc mặc bth chứ mặc đi chơi cx đc nha,áo săn đúng ngày siêu se al nên k mong_chờ lắm nên là không yêu_cầu chất_lượng này_nọ nói_chung áo vầy với giá_cả như_vậy là ok rồi với cả áo k có sie mua về bị bé tý nhưng vẫn ủng_hộ shop sao thôi hàng k như_vầy ok rồi chỉ khoác hoặc mặc bth chứ mặc đi chơi cx đc nha,khen_chat_luong
đúng với mô_tả áo vải đẹp và rẻ,đúng với mô_tả áo vải đẹp và rẻ,khen_chat_luong
chất_liệu vãi dù,chất_liệu vãi dù,trung_tinh
đúng với mô_tả hơi nhỏ so vs ảnh nhưng đẹp h d b d hdnd b d n d n d,đúng với mô_tả hơi nhỏ so vs ảnh nhưng đẹp h d b d hdnd b d n d n d,khen_chat_luong
chất_liệu vai mong,chất_liệu vai mong,trung_tinh
màu sắc đen thi đúng rùi,màu sắc đen thi đúng rùi,trung_tinh
đúng với mô_tả k đúng,đúng với mô_tả k đúng,dung_voi_mo_ta
tuyệt_vời lắm,tuyệt_vời lắm,khen_chat_luong
mình dùng rất thích,mình dùng rất thích,trung_tinh
quá đỉnh,quá đỉnh,trung_tinh
sang chảnh,sang chảnh,trung_tinh
chanh xả,chanh xả,trung_tinh
hàng đẹp mà giáo nhanh nx,hàng đẹp mà giáo nhanh nx,khen_chat_luong
chất_liệu g,chất_liệu g,trung_tinh
áo hơi mỏng nhưng đẹp hơi nhiều chỉ thừa d b d sn ec d k s d b d n d n,áo hơi mỏng nhưng đẹp hơi nhiều chỉ thừa d b d sn ec d k s d b d n d n,khen_chat_luong
áo hỏng tốt hàng si da,áo hỏng tốt hàng si da,phan_nan_chat_luong
áo hơi mong nhưng với giá tiền trên thì cũng khá ổn,áo hơi mong nhưng với giá tiền trên thì cũng khá ổn,khen_chat_luong
sản_phẩm tốt ok phù_hợp giá tien cam on s gop nha ao hoi nho thanh kiu shop nhieu ạ áo nay phu hop cho nguoi nho mac phu hop anh ví deo mang tinh chat nhạn xu,sản_phẩm tốt ok phù_hợp giá tien cam on s gop nha ao hoi nho thanh kiu shop nhieu ạ áo nay phu hop cho nguoi nho mac phu hop anh ví deo mang tinh chat nhạn xu,khen_chat_luong
chất_liệu khác,chất_liệu khác,trung_tinh
chất_liệu ok ngon,chất_liệu ok ngon,khen_chat_luong
ta lo oi rất hài_lòng,ta lo oi rất hài_lòng,trung_tinh
màu_sắc đểu,màu_sắc đểu,trung_tinh
đúng với mô_tả ko dồng mới mô_tả,đúng với mô_tả ko dồng mới mô_tả,dung_voi_mo_ta
khuyên ă đừng mua,khuyên ă đừng mua,trung_tinh
chất_liệu dù,chất_liệu dù,trung_tinh
hàg giao nhanh nhận hàng ưng_ý lắm nha k chất_lượng cao lắm mua đi nha mọi người,hàg giao nhanh nhận hàng ưng_ý lắm nha k chất_lượng cao lắm mua đi nha mọi người,khen_chat_luong
đúng với mô tản o_o ko đúng vs mô_tả,đúng với mô tản o_o ko đúng vs mô_tả,trung_tinh
cg đc á ae mua ik tuy mỏng nhưng mặc ik chs ik hc là hợp_lý á,cg đc á ae mua ik tuy mỏng nhưng mặc ik chs ik hc là hợp_lý á,trung_tinh
hơi buồn vì may mỗi bên túi và chỉ thừa nhiều hơn nx là nút chỉ ko chắc kéo ra cái chắc bung hết ra,hơi buồn vì may mỗi bên túi và chỉ thừa nhiều hơn nx là nút chỉ ko chắc kéo ra cái chắc bung hết ra,khen_chat_luong
t ố t,t ố t,trung_tinh
chất_liệu kh bt,chất_liệu kh bt,trung_tinh
đúng với mô_tả kh,đúng với mô_tả kh,dung_voi_mo_ta
mỏng nhiều chỉ thừa kh nghĩ nó bé nt,mỏng nhiều chỉ thừa kh nghĩ nó bé nt,trung_tinh
mua về chống rét bh thành chống nắng,mua về chống rét bh thành chống nắng,trung_tinh
mà thôi cx kệ,mà thôi cx kệ,trung_tinh
chất_liệu vai du,chất_liệu vai du,trung_tinh
áo đẹp nhưng hơi mỏng,áo đẹp nhưng hơi mỏng,khen_chat_luong
nói_chung tiền_nào_của_nấy với giá rẻ như này cũng ok rồi,nói_chung tiền_nào_của_nấy với giá rẻ như này cũng ok rồi,khen_chat_luong
chất_liệu vải hoi mỏng,chất_liệu vải hoi mỏng,trung_tinh
màu_sắc đe p,màu_sắc đe p,trung_tinh
sản_phẩm khá tốt mặc vừa giao hàng tận_tình rất hài_lòng,sản_phẩm khá tốt mặc vừa giao hàng tận_tình rất hài_lòng,khen_chat_luong
hình_ảnh mang tính_chất tượng_trưng giao hàng khá nhanh tiền nào của đấy nha nên cũng khá ok,hình_ảnh mang tính_chất tượng_trưng giao hàng khá nhanh tiền nào của đấy nha nên cũng khá ok,khen_chat_luong
hàng đẹp không chê vào đâu luôn chất vải đẹp nhá cảm_ơn shop và shop pe,hàng đẹp không chê vào đâu luôn chất vải đẹp nhá cảm_ơn shop và shop pe,khen_chat_luong
sp quá bé chất_lượng thì quá tệ khuyên m,sp quá bé chất_lượng thì quá tệ khuyên m,phan_nan_chat_luong
ng k nên mua,ng k nên mua,de_xuat_mua
chất_liệu gió à,chất_liệu gió à,trung_tinh
như áo_gió thằng bạn mua,như áo_gió thằng bạn mua,trung_tinh
lớp mỏng dí,lớp mỏng dí,trung_tinh
ug khu,ug khu,trung_tinh
béo g en uv è en ức dpx a eo n thợ gg ước a tb gu ônv h ok vc e,béo g en uv è en ức dpx a eo n thợ gg ước a tb gu ônv h ok vc e,khen_chat_luong
chất_liệu nhận hàng hộ,chất_liệu nhận hàng hộ,trung_tinh
đúng với mô tản hận hàng hộ nên k bt,đúng với mô tản hận hàng hộ nên k bt,trung_tinh
em tưởng áo dày như hình mà gửi về áo mỏng hơn em tưởng có chỗ chỉ còn bị hỏng ạ mong shop lần sau có_thể cho áo như hình ạ chứ thất_vọng lắm ạ,em tưởng áo dày như hình mà gửi về áo mỏng hơn em tưởng có chỗ chỉ còn bị hỏng ạ mong shop lần sau có_thể cho áo như hình ạ chứ thất_vọng lắm ạ,phan_nan_chat_luong
áo hơi mỏng và nhỏ so với mik hình_ảnh chỉ mang tính_chất kiếm xu,áo hơi mỏng và nhỏ so với mik hình_ảnh chỉ mang tính_chất kiếm xu,trung_tinh
áo mỏng mặc chật,áo mỏng mặc chật,trung_tinh
áo chất gió k mà như thế là tốt lắm luôn ấy ạ m,áo chất gió k mà như thế là tốt lắm luôn ấy ạ m,khen_chat_luong
đúng với mô_tả mỏng quá,đúng với mô_tả mỏng quá,dung_voi_mo_ta
không đánh_giá cao nhá video mang tính_chất nhận xu,không đánh_giá cao nhá video mang tính_chất nhận xu,gia_tri_gia
chất_liệu áo_khoác,chất_liệu áo_khoác,trung_tinh
chất_liệu vải dù,chất_liệu vải dù,trung_tinh
mà mỗi_tội áo mỏng chiều dài áo ngắn và cộc,mà mỗi_tội áo mỏng chiều dài áo ngắn và cộc,trung_tinh
om bé,om bé,trung_tinh
bạn nào tầm mặc đẹp,bạn nào tầm mặc đẹp,khen_chat_luong
chất_liệu ổn_áp,chất_liệu ổn_áp,khen_chat_luong
màu_sắc trắng và đen,màu_sắc trắng và đen,trung_tinh
đúng với mô_tả rất_chi_là đúng,đúng với mô_tả rất_chi_là đúng,dung_voi_mo_ta
hê hê ha_ha hi_hi hơ hơ hu_hu cd mm,hê hê ha_ha hi_hi hơ hơ hu_hu cd mm,trung_tinh
đánh_giá chỉ mang tính_chất nhận xu không có giá_trị tham_khảo,đánh_giá chỉ mang tính_chất nhận xu không có giá_trị tham_khảo,gia_tri_gia
đúng với mô_tả ảnh minh_hoạ đó là,đúng với mô_tả ảnh minh_hoạ đó là,dung_voi_mo_ta
đặt hộ lên cũng k biết chất_lượng ntn cả,đặt hộ lên cũng k biết chất_lượng ntn cả,khen_chat_luong
đánh_giá để nhận xu thoi i,đánh_giá để nhận xu thoi i,gia_tri_gia
đúng với mô_tả sn,đúng với mô_tả sn,dung_voi_mo_ta
ụ m ke e i h s ha_ha as sii suu su s k s km mn en nen en,ụ m ke e i h s ha_ha as sii suu su s k s km mn en nen en,trung_tinh
nói_chung mua được nhé,nói_chung mua được nhé,trung_tinh
hàng đẹp chất_lượng mẫu_mã ok đúng như mô_tả phù_hợp với giá tiền,hàng đẹp chất_lượng mẫu_mã ok đúng như mô_tả phù_hợp với giá tiền,khen_chat_luong
chất_liệu vải á tr,chất_liệu vải á tr,trung_tinh
đúng với mô_tả đúng với mô_tả của shop p,đúng với mô_tả đúng với mô_tả của shop p,dung_voi_mo_ta
điểm cho chất_lượng dù mik mua giá quá rẻ ạ ban_đầu còn sợ không ra thì hàng về bất ngợ luôn tại giá rẻ quá mà áo thì oke so với giá_thành như_vậy là quá rẻ và với chất_lượng thì mik thấy chỉ thừa không nhiều túi áo có hơi phèn chút ạ nếu may bằng vải tối màu hơn chút thì lai i ok n c mặc ok,điểm cho chất_lượng dù mik mua giá quá rẻ ạ ban_đầu còn sợ không ra thì hàng về bất ngợ luôn tại giá rẻ quá mà áo thì oke so với giá_thành như_vậy là quá rẻ và với chất_lượng thì mik thấy chỉ thừa không nhiều túi áo có hơi phèn chút ạ nếu may bằng vải tối màu hơn chút thì lai i ok n c mặc ok,khen_chat_luong
vải lớp mỏng k có chỉ thừa săn sa le với giá k mà như thế_này là quá ok r shipper vui_vẻ thân_thiện nên mua,vải lớp mỏng k có chỉ thừa săn sa le với giá k mà như thế_này là quá ok r shipper vui_vẻ thân_thiện nên mua,khen_chat_luong
chất_liệu chắc là vải cotton mỏng,chất_liệu chắc là vải cotton mỏng,khen_chat_luong
vải mỏng hơn tưởng_tượng,vải mỏng hơn tưởng_tượng,trung_tinh
giao hàng nhanh ngày,giao hàng nhanh ngày,khen_giao_hang
mình m kg mặc vừa chùm môn,mình m kg mặc vừa chùm môn,trung_tinh
áo đúng với mô_tả đẹp giá vậy là hợp_lý ròi,áo đúng với mô_tả đẹp giá vậy là hợp_lý ròi,khen_chat_luong
hình_ảnh mang tính_chất nhận xu không ngờ k mà nhận được cái áo luôn áo k nhưng khá xịn h nhé,hình_ảnh mang tính_chất nhận xu không ngờ k mà nhận được cái áo luôn áo k nhưng khá xịn h nhé,khen_chat_luong
áo bombe r bad kiểu_dáng un i sex re e si e kg phong_cách hàn_quốc,áo bombe r bad kiểu_dáng un i sex re e si e kg phong_cách hàn_quốc,trung_tinh
chất gió đẹp mặc đơn đôi nhóm ok,chất gió đẹp mặc đơn đôi nhóm ok,khen_chat_luong
orm kg,orm kg,trung_tinh
sẵn hàng sll cho các b đk,sẵn hàng sll cho các b đk,trung_tinh
tuyển sỉ trên toàn_quốc,tuyển sỉ trên toàn_quốc,trung_tinh
ib để được giá tốt nhất,ib để được giá tốt nhất,khen_chat_luong
re e si e orm rộng cực đẹp,re e si e orm rộng cực đẹp,khen_chat_luong
từ kg,từ kg,trung_tinh
áo mỏng sản_phẩm kém nhưng_mà k nên không đòi_hỏi gì nhiều,áo mỏng sản_phẩm kém nhưng_mà k nên không đòi_hỏi gì nhiều,phan_nan_chat_luong
chất_liệu rất tuyệt_vời,chất_liệu rất tuyệt_vời,khen_chat_luong
màu_sắc đên,màu_sắc đên,trung_tinh
tôi mặc trên người nên rất đã nha cực_kì rẻ mà ơi_là mát luôn,tôi mặc trên người nên rất đã nha cực_kì rẻ mà ơi_là mát luôn,gia_tri_gia
áo mỏng nhưng với giá tiền như này là mình không đòi_hỏi nhìu,áo mỏng nhưng với giá tiền như này là mình không đòi_hỏi nhìu,gia_tri_gia
vải hơi mổng nhưng với giá_trị k thì không có gì để nói hết,vải hơi mổng nhưng với giá_trị k thì không có gì để nói hết,khen_chat_luong
ko ko ko ko ko ko ko ko kon kon o,ko ko ko ko ko ko ko ko kon kon o,trung_tinh
kib h bib uu g vi h v,kib h bib uu g vi h v,trung_tinh
chất_liệu vải mát nhưng vải may ở cánh_tay nóng,chất_liệu vải mát nhưng vải may ở cánh_tay nóng,trung_tinh
đúng với mô_tả quá đúng,đúng với mô_tả quá đúng,dung_voi_mo_ta
đúng với mô_tả áo lớp,đúng với mô_tả áo lớp,dung_voi_mo_ta
áo đẹp lắm luôn n nha a,áo đẹp lắm luôn n nha a,khen_chat_luong
cam on shop,cam on shop,trung_tinh
chất_liệu vat i gió,chất_liệu vat i gió,trung_tinh
đúng mô_tả tuy_nhiên vải gió mỏng k được dày cho lắm,đúng mô_tả tuy_nhiên vải gió mỏng k được dày cho lắm,dung_voi_mo_ta
tư_vấn nhiệt_tình,tư_vấn nhiệt_tình,khen_dich_vu
đúng với mô_tả g x g xut xut d r y si h,đúng với mô_tả g x g xut xut d r y si h,dung_voi_mo_ta
đúng với mô tản on o,đúng với mô tản on o,trung_tinh
giao lộn mẫu nhưng đẹp,giao lộn mẫu nhưng đẹp,khen_chat_luong
áo bombe r tay mỏng lắm luôn ý đúng là tiền_nào_của_nấy,áo bombe r tay mỏng lắm luôn ý đúng là tiền_nào_của_nấy,trung_tinh
còn áo_phông thì tạm ổn,còn áo_phông thì tạm ổn,khen_chat_luong
áo bị rảnh ở vai ở cổ_tay rách nhiều lắm ạ chat a lượng dởm gs n b he i e,áo bị rảnh ở vai ở cổ_tay rách nhiều lắm ạ chat a lượng dởm gs n b he i e,trung_tinh
bẹn e be b bện ư vi k ư e b he k ne hi e hẹ e e ẹ,bẹn e be b bện ư vi k ư e b he k ne hi e hẹ e e ẹ,trung_tinh
áo đep nhưng mỏng,áo đep nhưng mỏng,trung_tinh
hàng đẹp mn nên mua nha,hàng đẹp mn nên mua nha,khen_chat_luong
đáng tiền,đáng tiền,gia_tri_gia
chất_lượng tuyệt_vời,chất_lượng tuyệt_vời,khen_chat_luong
áo_khoác mỏng có lớp tiền_nào_của_nấy mẫu đẹp,áo_khoác mỏng có lớp tiền_nào_của_nấy mẫu đẹp,khen_chat_luong
đúng với mô tảo ko ko ko k,đúng với mô tảo ko ko ko k,trung_tinh
áo rất là mỏng mặc như thế thì chết cóng đi mất,áo rất là mỏng mặc như thế thì chết cóng đi mất,trung_tinh
vải mỏng nhưng vs giá này thì hợp_lý,vải mỏng nhưng vs giá này thì hợp_lý,gia_tri_gia
chê ở điểm này nha,chê ở điểm này nha,trung_tinh
đăng lấy xu thoi chứ hàng giá này cũng ok tại đơn đầu có k,đăng lấy xu thoi chứ hàng giá này cũng ok tại đơn đầu có k,khen_chat_luong
đúng với mô_tả hơi mỏng xíu,đúng với mô_tả hơi mỏng xíu,dung_voi_mo_ta
nên mua nha pai,nên mua nha pai,de_xuat_mua
vì mua có k nê vậy cũng oke la rù ii,vì mua có k nê vậy cũng oke la rù ii,khen_chat_luong
áo_khoác hơi mỏng nhưng rất đẹp,áo_khoác hơi mỏng nhưng rất đẹp,khen_chat_luong
chất_liệu vải mỏng kiểu áo_gió,chất_liệu vải mỏng kiểu áo_gió,trung_tinh
màu_sắc màu đen s hin cậu bé bút_chì,màu_sắc màu đen s hin cậu bé bút_chì,trung_tinh
chất_liệu lop,chất_liệu lop,trung_tinh
tạm ổn nha chứ hơi mỏng xíu se le lên đ ổn nha,tạm ổn nha chứ hơi mỏng xíu se le lên đ ổn nha,khen_chat_luong
màu_sắc y é,màu_sắc y é,trung_tinh
mn nên mua nha đt yd ch s,mn nên mua nha đt yd ch s,de_xuat_mua
chất_liệu áo đẹp mặc vừa,chất_liệu áo đẹp mặc vừa,khen_chat_luong
màu sắc đen đẹp,màu sắc đen đẹp,khen_chat_luong
màu_sắc ổn,màu_sắc ổn,khen_chat_luong
đúng với mô_tả màu_sắc chất_liệu ổn đúng vs giá tiền,đúng với mô_tả màu_sắc chất_liệu ổn đúng vs giá tiền,khen_chat_luong
chất_liệu rất mỏng,chất_liệu rất mỏng,trung_tinh
màu_sắc đúng vs hình,màu_sắc đúng vs hình,trung_tinh
nhưng_mà chỉ thừa rất nhiều,nhưng_mà chỉ thừa rất nhiều,trung_tinh
hình in khá rõ nét,hình in khá rõ nét,trung_tinh
áo xịn chuẩn và đẹp hình_ảnh chỉ mang tính_chất nhận xu,áo xịn chuẩn và đẹp hình_ảnh chỉ mang tính_chất nhận xu,khen_chat_luong
chất_liệu khá tốt,chất_liệu khá tốt,khen_chat_luong
màu_sắc hơi tối,màu_sắc hơi tối,trung_tinh
hàng vô cg đẹp nha mọi người mỗi to oi i là nhìn hơi mỏng nhưng tho oi n mk cg rất vui,hàng vô cg đẹp nha mọi người mỗi to oi i là nhìn hơi mỏng nhưng tho oi n mk cg rất vui,khen_chat_luong
đẹp nha mn mỗi_tội kê lên ns s s á kiểu hơi thô,đẹp nha mn mỗi_tội kê lên ns s s á kiểu hơi thô,khen_chat_luong
vs cả ns bị tróc sơn mn ạ,vs cả ns bị tróc sơn mn ạ,trung_tinh
nma mk mua k nên cx k đòi_hỏi n,nma mk mua k nên cx k đòi_hỏi n,trung_tinh
đúng với mô tải a_ha h,đúng với mô tải a_ha h,trung_tinh
sản_phẩm của mình chưa đủ để t sag năm a ấy đi du_lịch,sản_phẩm của mình chưa đủ để t sag năm a ấy đi du_lịch,trung_tinh
đúng với mô_tả đẹp nha,đúng với mô_tả đẹp nha,khen_chat_luong
kệ bị móp cơ_mà thui v là ổn r chất_lượng vẫn ok la,kệ bị móp cơ_mà thui v là ổn r chất_lượng vẫn ok la,khen_chat_luong
chất_lượng sản_phẩm gỗ,chất_lượng sản_phẩm gỗ,khen_chat_luong
bên ngoài sơn tróc hết phần cạnh nhg đẹp rất đáng tiền t h gian giao hàng nhanh,bên ngoài sơn tróc hết phần cạnh nhg đẹp rất đáng tiền t h gian giao hàng nhanh,khen_chat_luong
mn nên mua về để trang_trí bàn học vv,mn nên mua về để trang_trí bàn học vv,de_xuat_mua
hình_ảnh mang tính_chất minh_hoạ hàng ổn tạm ổn khá ok ổn cả,hình_ảnh mang tính_chất minh_hoạ hàng ổn tạm ổn khá ok ổn cả,khen_chat_luong
chất_lượng sản_phẩm quá nà xinh_đẹp lun,chất_lượng sản_phẩm quá nà xinh_đẹp lun,khen_chat_luong
chất_lượng sản_phẩm cũng tạm,chất_lượng sản_phẩm cũng tạm,khen_chat_luong
hình_ảnh vd mang tính_chất xu,hình_ảnh vd mang tính_chất xu,trung_tinh
đúng với mô_tả đúng vs mô_tả nha,đúng với mô_tả đúng vs mô_tả nha,dung_voi_mo_ta
đóng_gói chưa kỹ lắm nên cái vào chỗ bị móp nhưng_mà lắp lên xinh lắm luôn mọi người còn phân_vân thì mua nha a,đóng_gói chưa kỹ lắm nên cái vào chỗ bị móp nhưng_mà lắp lên xinh lắm luôn mọi người còn phân_vân thì mua nha a,khen_chat_luong
ok lắm các bạn nên mua nha_trang trí lên nhìn gọn hẳn luôn mà đẹp nữa,ok lắm các bạn nên mua nha_trang trí lên nhìn gọn hẳn luôn mà đẹp nữa,khen_chat_luong
giao đúng mẫu chỉ là lúc lắp lại có hơi nhìu bụi vs những lớp sơn hơi bị tróc xíu,giao đúng mẫu chỉ là lúc lắp lại có hơi nhìu bụi vs những lớp sơn hơi bị tróc xíu,trung_tinh
shop phục_vụ chu_đáo nhiệt_tình,shop phục_vụ chu_đáo nhiệt_tình,khen_dich_vu
giao hàng siêu nhanh,giao hàng siêu nhanh,khen_giao_hang
nên mua nhé mn,nên mua nhé mn,de_xuat_mua
tạm được dù bắt ốc khá chắc_chắn rùi nhưng tg ngắn lại lung_lay,tạm được dù bắt ốc khá chắc_chắn rùi nhưng tg ngắn lại lung_lay,khen_chat_luong
chất_lượng sản_phẩm bàn gỗ trắng,chất_lượng sản_phẩm bàn gỗ trắng,khen_chat_luong
đẹp nhưng vận_chuyển nút nẻ còn có vết sáp màu chỉ bọc đc lớp màng bọc thực_phẩm,đẹp nhưng vận_chuyển nút nẻ còn có vết sáp màu chỉ bọc đc lớp màng bọc thực_phẩm,khen_chat_luong
giá để siêu xinh luôn nha a giá vừa_phải lại siêu xịn xò nên mua nha mụi ngừ ii hi_hi hi_hi hi_hi hi_hi i,giá để siêu xinh luôn nha a giá vừa_phải lại siêu xịn xò nên mua nha mụi ngừ ii hi_hi hi_hi hi_hi hi_hi i,khen_chat_luong
đúng với mô_tả chắc là đúng,đúng với mô_tả chắc là đúng,khen_chat_luong
g ư h dop abc x v b n m ti o oa ad l x nxb b n m,g ư h dop abc x v b n m ti o oa ad l x nxb b n m,trung_tinh
sản_phẩm này có_thể làm được hong a di đà đi làm về ch ăn gì chưa anh ơi nó không có đi học về rồi anh ạ ạ đi ạ em cảm ô t to em có gì nha tại vì em không biết làm gì đâu có đâu mà không ạ ạ a nặng_nề nhất là bạn của em là người ấy là người biết_đâu có biết_đâu á e có làm gì đâu à kk ưt và các cháu đ,sản_phẩm này có_thể làm được hong a di đà đi làm về ch ăn gì chưa anh ơi nó không có đi học về rồi anh ạ ạ đi ạ em cảm ô t to em có gì nha tại vì em không biết làm gì đâu có đâu mà không ạ ạ a nặng_nề nhất là bạn của em là người ấy là người biết_đâu có biết_đâu á e có làm gì đâu à kk ưt và các cháu đ,trung_tinh
hàng đẹp đóng_gói cẩn_thận giao hàng rất nhanh nha tuần là về r,hàng đẹp đóng_gói cẩn_thận giao hàng rất nhanh nha tuần là về r,khen_chat_luong
nên mua mik đc mã giảm k nên k đắt nha rẻ lắm,nên mua mik đc mã giảm k nên k đắt nha rẻ lắm,de_xuat_mua
mình mới ra thì thấy rất được,mình mới ra thì thấy rất được,trung_tinh
hàng được đóng_gói kĩ_càng và cẩn_thận nhưng điểm trừ là hàng bị hỏng nha cụ_thể là ở từng góc_cạnh của kệ thì bị bong và không được chắc_chắn như trong ảnh,hàng được đóng_gói kĩ_càng và cẩn_thận nhưng điểm trừ là hàng bị hỏng nha cụ_thể là ở từng góc_cạnh của kệ thì bị bong và không được chắc_chắn như trong ảnh,phan_nan_chat_luong
hình_ảnh chỉ mang tính_chất minh_hoạ thoi chứ kém chất_lượng nha,hình_ảnh chỉ mang tính_chất minh_hoạ thoi chứ kém chất_lượng nha,phan_nan_chat_luong
sản ph ấm tốt đúng với mô_tả giao hàng nhanh dễ lắp để nạng đc,sản ph ấm tốt đúng với mô_tả giao hàng nhanh dễ lắp để nạng đc,khen_chat_luong
có_vẻ ổn,có_vẻ ổn,khen_chat_luong
cũng_nên mua,cũng_nên mua,de_xuat_mua
so beu tiu l lần sau sẽ ủng_hộ shop tiếp,so beu tiu l lần sau sẽ ủng_hộ shop tiếp,trung_tinh
lắp_ráp hơi lâu nhg mà sản_phẩm đẹ,lắp_ráp hơi lâu nhg mà sản_phẩm đẹ,phan_nan_giao_hang
có vài miếng gỗ bị bẩn hoặc bị sứt ở đầu,có vài miếng gỗ bị bẩn hoặc bị sứt ở đầu,trung_tinh
lắp xg khá chắc_chắn nhưng nó hơi lệch chút,lắp xg khá chắc_chắn nhưng nó hơi lệch chút,khen_chat_luong
chất_lượng sản_phẩm cực_kỳ tốt luôn ạ tốt hơn mình họ vọng rất nhiều luôn í mình mua với giá cục kì rẻ mà_lại cực_kỳ chất_lượng mình sẽ chắc_chắn quay lại shop ạ,chất_lượng sản_phẩm cực_kỳ tốt luôn ạ tốt hơn mình họ vọng rất nhiều luôn í mình mua với giá cục kì rẻ mà_lại cực_kỳ chất_lượng mình sẽ chắc_chắn quay lại shop ạ,khen_chat_luong
chúng_em đều cảm_thấy hồi_hộp vì tuy nghe tiếng đã lâu nhưng chưa ai được đặt_chân tới mảnh đất quê_hương cờ lau dẹp loạn này bao_giờ,chúng_em đều cảm_thấy hồi_hộp vì tuy nghe tiếng đã lâu nhưng chưa ai được đặt_chân tới mảnh đất quê_hương cờ lau dẹp loạn này bao_giờ,phan_nan_giao_hang
hàng rất là xịn xì con bò nha không có gì để chê ạ miễn bàn luôn giá siêu rẻ hàng chất_lượng ngại gì mà anh_em không thử,hàng rất là xịn xì con bò nha không có gì để chê ạ miễn bàn luôn giá siêu rẻ hàng chất_lượng ngại gì mà anh_em không thử,khen_chat_luong
cảm_ơn shop nhiều ạ e sẽ ủng_hộ shop tiếp ạ đặc_biệt là giao hàng siêu nhanh chỉ hơn ngày là có hàng về tay rồi hi_hi,cảm_ơn shop nhiều ạ e sẽ ủng_hộ shop tiếp ạ đặc_biệt là giao hàng siêu nhanh chỉ hơn ngày là có hàng về tay rồi hi_hi,khen_giao_hang
mình chỉ đợi ngày là hàng về nha,mình chỉ đợi ngày là hàng về nha,trung_tinh
hàng ok nha hơn mong_đợi,hàng ok nha hơn mong_đợi,khen_chat_luong
đóng_gói rất kĩ nên mua nha,đóng_gói rất kĩ nên mua nha,khen_giao_hang
nhma mình kh bt nắp,nhma mình kh bt nắp,trung_tinh
nhìn hình_mẫu đáng_lẽ ra phải nhiều lỗ để vặn ốc vào chứ ạ,nhìn hình_mẫu đáng_lẽ ra phải nhiều lỗ để vặn ốc vào chứ ạ,trung_tinh
nói_chung cũng khá ok,nói_chung cũng khá ok,khen_chat_luong
hàng ổn v ha at s lượng mà rẻ bth ở đây bán k quận như_vầy,hàng ổn v ha at s lượng mà rẻ bth ở đây bán k quận như_vầy,khen_chat_luong
kệ đep dễ lăp rap giao hang nhanh nhưng bị trây x ư ơ c nhiêu,kệ đep dễ lăp rap giao hang nhanh nhưng bị trây x ư ơ c nhiêu,khen_giao_hang
kệ khi được lắp lên chắc_chắn và để được nhiều đồ,kệ khi được lắp lên chắc_chắn và để được nhiều đồ,khen_chat_luong
cạnh thì bị trầy_xước ghê luôn ớ có tấm bị bẩn ns chung vs giá k thì cx đc cho shop sao,cạnh thì bị trầy_xước ghê luôn ớ có tấm bị bẩn ns chung vs giá k thì cx đc cho shop sao,gia_tri_gia
thôi,thôi,trung_tinh
ship nhanh dễ lắp mà dùng ổn nha mn nên mua nha a hình_ảnh chỉ mang tính_chất nhận xuu,ship nhanh dễ lắp mà dùng ổn nha mn nên mua nha a hình_ảnh chỉ mang tính_chất nhận xuu,khen_chat_luong
chất_lượng sản_phẩm cha at luong tốt kệ đẹp chắc_chắn,chất_lượng sản_phẩm cha at luong tốt kệ đẹp chắc_chắn,khen_chat_luong
đúng với mô_tả s p đẹp ok n r rẻ hợp de cor bàn học,đúng với mô_tả s p đẹp ok n r rẻ hợp de cor bàn học,khen_chat_luong
sản_phẩm giá rẻ mà tốt đựng siêu nhiều sách luôn ý,sản_phẩm giá rẻ mà tốt đựng siêu nhiều sách luôn ý,khen_chat_luong
chất_lượng sản_phẩm u h,chất_lượng sản_phẩm u h,khen_chat_luong
đúng với mô_tả u h,đúng với mô_tả u h,dung_voi_mo_ta
kệ lắp dễ đẹp nữa mng nên mua nha a,kệ lắp dễ đẹp nữa mng nên mua nha a,khen_chat_luong
chất_lượng sản_phẩm tối,chất_lượng sản_phẩm tối,khen_chat_luong
ni c k này của tôi bằng ni c k ms nên hàng của shop còn có k nên shop giống như kiểu cố_tình gửi như_thế ý hoặc là so cách vận chuyện tôi cũng không chắc nhưng với k thì tôi không đòi_hỏi nhiều có ốc nha mọi người lắp cũng rất dễ đang,ni c k này của tôi bằng ni c k ms nên hàng của shop còn có k nên shop giống như kiểu cố_tình gửi như_thế ý hoặc là so cách vận chuyện tôi cũng không chắc nhưng với k thì tôi không đòi_hỏi nhiều có ốc nha mọi người lắp cũng rất dễ đang,khen_chat_luong
chất_lượng sản_phẩm tuỵ t ời giao hàng nhanh cái loay_hoay mãi ms lắp được,chất_lượng sản_phẩm tuỵ t ời giao hàng nhanh cái loay_hoay mãi ms lắp được,khen_chat_luong
sản_phẩm phù_hợp với học_sinh,sản_phẩm phù_hợp với học_sinh,trung_tinh
lười chụp nên up tạm mấy ảnh kím xu nha a,lười chụp nên up tạm mấy ảnh kím xu nha a,trung_tinh
đóng_gói chắc_chắn,đóng_gói chắc_chắn,khen_chat_luong
hàng giao rất ổn ạ có đánh_dấu chỗ để tua_vít vào được lắm luôn cảm_ơn shop p nhiều,hàng giao rất ổn ạ có đánh_dấu chỗ để tua_vít vào được lắm luôn cảm_ơn shop p nhiều,khen_chat_luong
lắm ạaa,lắm ạaa,trung_tinh
chất_lượng sản_phẩm gỗ gì á ko bt,chất_lượng sản_phẩm gỗ gì á ko bt,khen_chat_luong
tr ơi đẹp lắm mn ạ,tr ơi đẹp lắm mn ạ,khen_chat_luong
sẽ ủng_hộ shop thêm nha à với_lại kệ khá chắc_chắn,sẽ ủng_hộ shop thêm nha à với_lại kệ khá chắc_chắn,khen_chat_luong
ko có vặn ốc các b nhe,ko có vặn ốc các b nhe,trung_tinh
hàng thì xấu mà kêu đẹp cam_kết này kia,hàng thì xấu mà kêu đẹp cam_kết này kia,phan_nan_chat_luong
giá_trị thấp thì shop dễ_thương chút thì khách còn bỏ_qua,giá_trị thấp thì shop dễ_thương chút thì khách còn bỏ_qua,gia_tri_gia
kém,kém,phan_nan_chat_luong
chất_lượng sản_phẩm đẹp dễ lắm,chất_lượng sản_phẩm đẹp dễ lắm,khen_chat_luong
đúng với mô tảk thể chê đc vs giá này thì hời quó,đúng với mô tảk thể chê đc vs giá này thì hời quó,gia_tri_gia
như hình có móp một_chút ở góc thanh gỗ nhưng chắc do vận_chuyển,như hình có móp một_chút ở góc thanh gỗ nhưng chắc do vận_chuyển,khen_chat_luong
hình_ảnh và vid chỉ mang tính_chất nhận xu do người mua lười chụp,hình_ảnh và vid chỉ mang tính_chất nhận xu do người mua lười chụp,trung_tinh
chất_lượng sản_phẩm chất_lượng sản_phẩm rất tốt,chất_lượng sản_phẩm chất_lượng sản_phẩm rất tốt,khen_chat_luong
đúng với mô_tả rất giống trong hình,đúng với mô_tả rất giống trong hình,dung_voi_mo_ta
vau va k q i v s ko b kav kag ư bih e he s c i su s r r bs a v v su s vai v q ka so q o q v s k,vau va k q i v s ko b kav kag ư bih e he s c i su s r r bs a v v su s vai v q ka so q o q v s k,trung_tinh
shop đóng_gói hàng kĩ,shop đóng_gói hàng kĩ,khen_giao_hang
nội_dung chỉ mang tính_chất đánh_giá,nội_dung chỉ mang tính_chất đánh_giá,gia_tri_gia
hàng đẹp nha mấy gốc bị chốc sơn và nứt nha nhưng giá rẻ đc vậy là quá ok ròi,hàng đẹp nha mấy gốc bị chốc sơn và nứt nha nhưng giá rẻ đc vậy là quá ok ròi,khen_chat_luong
hình_ảnh chỉ mang tính nhận xu,hình_ảnh chỉ mang tính nhận xu,trung_tinh
kh có rì để chê,kh có rì để chê,trung_tinh
dùng ổn đẹp tốt,dùng ổn đẹp tốt,khen_chat_luong
rẻ bèo mà rất tuỵ t luôn,rẻ bèo mà rất tuỵ t luôn,gia_tri_gia
nên bọc hàng cẩn_thận hơn chút ạ,nên bọc hàng cẩn_thận hơn chút ạ,trung_tinh
uh thì thôi đừng chép lại có gì đâu đi đi chơi ở đây là cái nào đẹp ko em có tiền không cho_anh,uh thì thôi đừng chép lại có gì đâu đi đi chơi ở đây là cái nào đẹp ko em có tiền không cho_anh,khen_chat_luong
đúng với mô_tả màu giống,đúng với mô_tả màu giống,dung_voi_mo_ta
màu trắng nhám nha mọi người,màu trắng nhám nha mọi người,trung_tinh
giao hàng nhanh đóng_gói kh sơ_sài giá_cả hợp_lý mọi ng nên mua để uh shop ạ,giao hàng nhanh đóng_gói kh sơ_sài giá_cả hợp_lý mọi ng nên mua để uh shop ạ,khen_giao_hang
giao hàng nhanh mà sp cx đẹp lắm nha mn,giao hàng nhanh mà sp cx đẹp lắm nha mn,khen_chat_luong
với giá này thì nên mua nha,với giá này thì nên mua nha,de_xuat_mua
đúng với mô_tả sản_phẩm chất_lượng,đúng với mô_tả sản_phẩm chất_lượng,khen_chat_luong
bình h luận n này y để kiếm m xuu hoi i nha a,bình h luận n này y để kiếm m xuu hoi i nha a,trung_tinh
chất_lượng sản_phẩm y h,chất_lượng sản_phẩm y h,khen_chat_luong
đúng với mô_tả hinh,đúng với mô_tả hinh,dung_voi_mo_ta
vụ ko ko ko ko bị ko có xe sẽ sẽ sẽ dễ bị như mơ mơ_hồ hu hi đi d rum ti ng dn hd dn di đổ hệ_từ utd từ ít đến ít,vụ ko ko ko ko bị ko có xe sẽ sẽ sẽ dễ bị như mơ mơ_hồ hu hi đi d rum ti ng dn hd dn di đổ hệ_từ utd từ ít đến ít,trung_tinh
chất_lượng sản_phẩm tạm,chất_lượng sản_phẩm tạm,khen_chat_luong
đúng với mô tảk đc đúng lắm,đúng với mô tảk đc đúng lắm,trung_tinh
gói tặng sơ_sài,gói tặng sơ_sài,trung_tinh
nhiều mạnh lệ bị sứt,nhiều mạnh lệ bị sứt,trung_tinh
có kèm s ti c ke r k cắt sẵn,có kèm s ti c ke r k cắt sẵn,trung_tinh
hàng đẹp lắm nha mn,hàng đẹp lắm nha mn,khen_chat_luong
mặc_dù bị móp chỗ nhưng thông_cảm được vì mik ở tận bình_dương lận,mặc_dù bị móp chỗ nhưng thông_cảm được vì mik ở tận bình_dương lận,trung_tinh
mik là khách_hàng mới lên được giảm còn k thôi mà chất_lượng như này thì rất ưng_ý lun,mik là khách_hàng mới lên được giảm còn k thôi mà chất_lượng như này thì rất ưng_ý lun,khen_chat_luong
nói_chung là đáng mua,nói_chung là đáng mua,gia_tri_gia
kiểu như nó đã cú bàn học mình khỏi cảnh bừa_bộn ấy nên đ luôn kk,kiểu như nó đã cú bàn học mình khỏi cảnh bừa_bộn ấy nên đ luôn kk,trung_tinh
đúng với mô_tả đung s,đúng với mô_tả đung s,dung_voi_mo_ta
hàng k mà xịn xịn xịn xịn xịn xịn xịn xịn xịn xịn xịn xịn,hàng k mà xịn xịn xịn xịn xịn xịn xịn xịn xịn xịn xịn xịn,khen_chat_luong
giao nhanh ý,giao nhanh ý,khen_giao_hang
lu ác nhận hàng tưởng nhỏ ai_ngờ lúc lắp ô to thấy bà để gần hết cái bàn mình luôn,lu ác nhận hàng tưởng nhỏ ai_ngờ lúc lắp ô to thấy bà để gần hết cái bàn mình luôn,trung_tinh
shop đục lỗ hơi lệch lên ghép hơi khó chút vs bị bập_bênh nhẹ nhưng ok la nha,shop đục lỗ hơi lệch lên ghép hơi khó chút vs bị bập_bênh nhẹ nhưng ok la nha,khen_chat_luong
đóng_gói sản_phẩm rất đẹp và chắc_chắn,đóng_gói sản_phẩm rất đẹp và chắc_chắn,khen_chat_luong
đúng như hình dễ lắp hình_ảnh chỉ mang tính_chất nhận xu nhma kệ đẹp nha,đúng như hình dễ lắp hình_ảnh chỉ mang tính_chất nhận xu nhma kệ đẹp nha,khen_chat_luong
vì rẻ nên không dám hi_vọng nhiều shop giao hàng đã bong thì hơi chán thật,vì rẻ nên không dám hi_vọng nhiều shop giao hàng đã bong thì hơi chán thật,khen_giao_hang
lắp vào còn xộc_xệch ko đều,lắp vào còn xộc_xệch ko đều,trung_tinh
đúng với mô_tả đẹp hơn trong hình,đúng với mô_tả đẹp hơn trong hình,khen_chat_luong
kệ đẹp giao nhanh có vài chỗ hơi ail nhưng không sao kệ chắc_chắn lắm á,kệ đẹp giao nhanh có vài chỗ hơi ail nhưng không sao kệ chắc_chắn lắm á,khen_chat_luong
mình mua có mỗi k nên cũng ko đòi_hỏi nhiều,mình mua có mỗi k nên cũng ko đòi_hỏi nhiều,trung_tinh
ngày xuất kho công_cụ trị_giá nghìn đồng công_cụ cho công_ty t n h h an bình thuê trong thời_gian tháng với giá triệu đồng bao_gồm cả thuế g t g t,ngày xuất kho công_cụ trị_giá nghìn đồng công_cụ cho công_ty t n h h an bình thuê trong thời_gian tháng với giá triệu đồng bao_gồm cả thuế g t g t,gia_tri_gia
công_ty t n h h an bình đã thanh_toán tiền thuê bằng tiền gửi ngân_hàng,công_ty t n h h an bình đã thanh_toán tiền thuê bằng tiền gửi ngân_hàng,trung_tinh
lần đầu mua mà cảm_thấy cực_kì ưng_ý luôn ấy lần tới sẽ ủng_hộ shop tiếp,lần đầu mua mà cảm_thấy cực_kì ưng_ý luôn ấy lần tới sẽ ủng_hộ shop tiếp,trung_tinh
hàng giao nhanh lắm luôn đợi một ngày là gàng đã tới nơi r,hàng giao nhanh lắm luôn đợi một ngày là gàng đã tới nơi r,khen_giao_hang
túi giao về rất đẹp nhá nhìn ưng gói kĩ lắm ạ đeo chưa đc hôm đã đứt,túi giao về rất đẹp nhá nhìn ưng gói kĩ lắm ạ đeo chưa đc hôm đã đứt,khen_chat_luong
đúng màu,đúng màu,dung_voi_mo_ta
đúng mẫu,đúng mẫu,trung_tinh
túi xinh đúng orm với chất_lượng như này là quá ok ko đòi_hỏi gì hơn,túi xinh đúng orm với chất_lượng như này là quá ok ko đòi_hỏi gì hơn,khen_chat_luong
ngày là nhận đc hàng túi đẹp có ít chỉ thừa túi rất xinh rất đáng mua,ngày là nhận đc hàng túi đẹp có ít chỉ thừa túi rất xinh rất đáng mua,khen_chat_luong
mọi người nên mua nha đẹp lắm hình_ảnh tính_chất nhận xu,mọi người nên mua nha đẹp lắm hình_ảnh tính_chất nhận xu,khen_chat_luong
chất_lượng hơn so với giá tiền nên mua nhé,chất_lượng hơn so với giá tiền nên mua nhé,khen_chat_luong
đúng với mô_tả túi to đựng vừa cái đt,đúng với mô_tả túi to đựng vừa cái đt,dung_voi_mo_ta
chất_liệu da có ngọc_trai,chất_liệu da có ngọc_trai,trung_tinh
rất hợp để mang đi dự tiệc hay đám_cưới nhìn sang mà xinh,rất hợp để mang đi dự tiệc hay đám_cưới nhìn sang mà xinh,khen_chat_luong
cho shop,cho shop,trung_tinh
chất_liệu da pu,chất_liệu da pu,trung_tinh
đúng với mô tảy ảnh,đúng với mô tảy ảnh,trung_tinh
rcm mn nên mua ạ,rcm mn nên mua ạ,de_xuat_mua
túi đẹp lắm luôn ó,túi đẹp lắm luôn ó,khen_chat_luong
các kiểu luôn,các kiểu luôn,trung_tinh
đúng với mô_tả đẹp hơn trong ảnh ạ,đúng với mô_tả đẹp hơn trong ảnh ạ,khen_chat_luong
màu_sắc trắng sữa,màu_sắc trắng sữa,trung_tinh
được cái_là shop ship túi k bị mất orm như những rat e của shop khác nên ưng,được cái_là shop ship túi k bị mất orm như những rat e của shop khác nên ưng,khen_giao_hang
chất_liệu ừ thì,chất_liệu ừ thì,trung_tinh
màu_sắc ý_nghĩa,màu_sắc ý_nghĩa,trung_tinh
đúng với mô tảờ thì,đúng với mô tảờ thì,trung_tinh
ừ thì sao nhỉ có_thể tặng mình s run chi e s được không ạ em học_sinh à mà ảnh,ừ thì sao nhỉ có_thể tặng mình s run chi e s được không ạ em học_sinh à mà ảnh,trung_tinh
túi phù_hợp với giá tiền,túi phù_hợp với giá tiền,gia_tri_gia
màu_sắc giống trên hình,màu_sắc giống trên hình,trung_tinh
mới_đầu sợ vì mik mua k nhưng ko ngờ nó đẹp hơn trên hình ý,mới_đầu sợ vì mik mua k nhưng ko ngờ nó đẹp hơn trên hình ý,khen_chat_luong
hình_ảnh hỉ mang tính_chất minh_hoạ để nhận xu,hình_ảnh hỉ mang tính_chất minh_hoạ để nhận xu,trung_tinh
sản_phẩm đẹp đóng_gói khá cẩn_thận,sản_phẩm đẹp đóng_gói khá cẩn_thận,khen_chat_luong
sản_phẩm đẹp chắc_chắn giữ đc orm đóng_gói cẩn_thận,sản_phẩm đẹp chắc_chắn giữ đc orm đóng_gói cẩn_thận,khen_chat_luong
hàng rất tuyệt_vời luôn nhá mn nên mua đẹp ngoài sự mong_đợi của mk,hàng rất tuyệt_vời luôn nhá mn nên mua đẹp ngoài sự mong_đợi của mk,khen_chat_luong
túi đẹp có ít chỉ thừa nhg ko sao,túi đẹp có ít chỉ thừa nhg ko sao,khen_chat_luong
giao hàng siêu nhanh nhưng mình kh hài_lòng về thái_độ phục_vụ lắm,giao hàng siêu nhanh nhưng mình kh hài_lòng về thái_độ phục_vụ lắm,phan_nan_dich_vu
hết hàng nhưng tận sau ngày mới gọi điện thông_báo chuẩn_bị hàng khoảng ngày và mình có nt cho shop hỏi thì shop chỉ_bảo là lượng đơn hàng quá_tải,hết hàng nhưng tận sau ngày mới gọi điện thông_báo chuẩn_bị hàng khoảng ngày và mình có nt cho shop hỏi thì shop chỉ_bảo là lượng đơn hàng quá_tải,khen_chat_luong
nhưng mình vẫn cho vì túi đẹp,nhưng mình vẫn cho vì túi đẹp,khen_chat_luong
ncl mng nên mua nha,ncl mng nên mua nha,de_xuat_mua
túi xinh_xắn lắm mọi người ơi sa le thì siêu rẻ luôn ấy nên mua nha,túi xinh_xắn lắm mọi người ơi sa le thì siêu rẻ luôn ấy nên mua nha,khen_chat_luong
đúng với mô_tả sản_phẩm như hình,đúng với mô_tả sản_phẩm như hình,dung_voi_mo_ta
túi đẹp lắm mn ơi,túi đẹp lắm mn ơi,khen_chat_luong
giá rẻ nhưng sản_phẩm chất_lượng nên mua ạ,giá rẻ nhưng sản_phẩm chất_lượng nên mua ạ,khen_chat_luong
orm ko đẹp lắm nhưng với giá tiền này là quá rẻ nên mua nha,orm ko đẹp lắm nhưng với giá tiền này là quá rẻ nên mua nha,khen_chat_luong
chất_liệu khong biet,chất_liệu khong biet,trung_tinh
túi i đẹp lắm luôn ýyy mn nên thử nha nma mùi túi hơi nồng tí nma nchung là tuỵ t t vời,túi i đẹp lắm luôn ýyy mn nên thử nha nma mùi túi hơi nồng tí nma nchung là tuỵ t t vời,phan_nan_chat_luong
orm túi hơi lệch,orm túi hơi lệch,trung_tinh
điểm điểm nha ss d sn s s k s k dns bích phương mãi đỉnh kk,điểm điểm nha ss d sn s s k s k dns bích phương mãi đỉnh kk,trung_tinh
túi đẹp,túi đẹp,khen_chat_luong
gói hàng cẩn_thận,gói hàng cẩn_thận,trung_tinh
hơi bị mất orm túi xíu,hơi bị mất orm túi xíu,trung_tinh
nhưng cũng xinh,nhưng cũng xinh,khen_chat_luong
túi đẹp lắm nha mọi người,túi đẹp lắm nha mọi người,khen_chat_luong
tuy_nhiên hoi móp chút do vận_chuyển,tuy_nhiên hoi móp chút do vận_chuyển,trung_tinh
mình nghĩ shop nên cho vào hộp để an_toàn hơn,mình nghĩ shop nên cho vào hộp để an_toàn hơn,trung_tinh
túi xinh cực luôn í,túi xinh cực luôn í,khen_chat_luong
orm cứng cap,orm cứng cap,trung_tinh
shop đóng_gói hảng chắc_chắn,shop đóng_gói hảng chắc_chắn,khen_chat_luong
tư_vấn khách_hàng còn cực_kì nhiệt_tình,tư_vấn khách_hàng còn cực_kì nhiệt_tình,khen_dich_vu
giá lại còn phải_chăng,giá lại còn phải_chăng,gia_tri_gia
với mức giá này thì tất_nhiên chả mong_đợi quá nhiều,với mức giá này thì tất_nhiên chả mong_đợi quá nhiều,gia_tri_gia
tóm_lại giá rẻ chất_liệu phù_hợp giá tiền,tóm_lại giá rẻ chất_liệu phù_hợp giá tiền,gia_tri_gia
hàng đẹp rẻ ưng lắm,hàng đẹp rẻ ưng lắm,khen_chat_luong
sẽ ủng_hộ dài_dài,sẽ ủng_hộ dài_dài,trung_tinh
giao hàng hanh,giao hàng hanh,khen_giao_hang
giá rẻ so với chất_lượng tốt như_vậy,giá rẻ so với chất_lượng tốt như_vậy,khen_chat_luong
rất thích kiểu_dáng này,rất thích kiểu_dáng này,trung_tinh
chất_liệu chắc là giả_da,chất_liệu chắc là giả_da,khen_chat_luong
túi hơi mỏng nhưng xinh lắm,túi hơi mỏng nhưng xinh lắm,khen_chat_luong
shop giao hang g nhanh,shop giao hang g nhanh,khen_giao_hang
shop chuẩn_bị hàng và giao hàng nhanh,shop chuẩn_bị hàng và giao hàng nhanh,khen_chat_luong
sản_phẩm đúng như hình,sản_phẩm đúng như hình,dung_voi_mo_ta
so với giá thì sản_phẩm khá ok,so với giá thì sản_phẩm khá ok,khen_chat_luong
nên mua nhé mng,nên mua nhé mng,de_xuat_mua
đi với ai vậy em đi học là một loài bọ em có thôi em không ngủ,đi với ai vậy em đi học là một loài bọ em có thôi em không ngủ,trung_tinh
túi đẹp ship nhanh đóng_gói cẩn_thận chắc_chắn,túi đẹp ship nhanh đóng_gói cẩn_thận chắc_chắn,khen_chat_luong
túi mình bị lỗi ở nút gài shop nói đưa ra lựa_chọn nhưng mình đã chỉnh được nên thôi,túi mình bị lỗi ở nút gài shop nói đưa ra lựa_chọn nhưng mình đã chỉnh được nên thôi,phan_nan_chat_luong
shop giao hàng nhanh đóng_gói cẩn_thận,shop giao hàng nhanh đóng_gói cẩn_thận,khen_giao_hang
giao thiếu hàng và nhầm màu shop có rep ib giải_quyết ạ,giao thiếu hàng và nhầm màu shop có rep ib giải_quyết ạ,phan_nan_giao_hang
hơi buồn ở khúc này nhma sp đẹp nè,hơi buồn ở khúc này nhma sp đẹp nè,khen_chat_luong
chất_liệu chun,chất_liệu chun,trung_tinh
đúng với mô_tả v v,đúng với mô_tả v v,dung_voi_mo_ta
chun sóp tặng kèm mí cái bé xíu xìu xiu cut e ahh,chun sóp tặng kèm mí cái bé xíu xìu xiu cut e ahh,trung_tinh
đẹp đứng phom đẹp nha mọi người hi_hi mình mua tặng mẹ ưng lắm,đẹp đứng phom đẹp nha mọi người hi_hi mình mua tặng mẹ ưng lắm,khen_chat_luong
đánh_giá sao,đánh_giá sao,gia_tri_gia
túi xinh xỉu,túi xinh xỉu,khen_chat_luong
giá lại siêu hạt_dẻ,giá lại siêu hạt_dẻ,gia_tri_gia
ưng cái bụng dễ_sợ luôn,ưng cái bụng dễ_sợ luôn,trung_tinh
chất_liệu da báo_cáo chồn,chất_liệu da báo_cáo chồn,trung_tinh
màu_sắc màu thiên_nhiên của trời_đất,màu_sắc màu thiên_nhiên của trời_đất,trung_tinh
đúng với mô_tả đúng với sự nói thật của shop,đúng với mô_tả đúng với sự nói thật của shop,dung_voi_mo_ta
túi đẹp như tấm ghẹo bà à ổn da báo_cáo chôn nên dễ bị rách nhưng nếu_như đừng sài để yên như shop giao tới là sẽ ko bị,túi đẹp như tấm ghẹo bà à ổn da báo_cáo chôn nên dễ bị rách nhưng nếu_như đừng sài để yên như shop giao tới là sẽ ko bị,khen_chat_luong
quà tặng kèm chỉ là vài cái dây_thun đen lần đầu_tiên mình nhận được quà như_vậy nên hơi bất_ngờ,quà tặng kèm chỉ là vài cái dây_thun đen lần đầu_tiên mình nhận được quà như_vậy nên hơi bất_ngờ,trung_tinh
chất_liệu túi da,chất_liệu túi da,trung_tinh
đúng với mô_tả kh có chỉ thừa màu xinh h chuỗi hạt sáng đeo lên rất sang,đúng với mô_tả kh có chỉ thừa màu xinh h chuỗi hạt sáng đeo lên rất sang,khen_chat_luong
chất_liệu tốt t rất tốt,chất_liệu tốt t rất tốt,khen_chat_luong
chất_liệu da đẹp,chất_liệu da đẹp,khen_chat_luong
đúng với mô_tả thiết_kế đẹp,đúng với mô_tả thiết_kế đẹp,khen_chat_luong
chất_liệu k biết nữa,chất_liệu k biết nữa,trung_tinh
đẹp nhưng_mà phần dây xỏ nên làm bằng dây cước thì chắc_chắn hơn,đẹp nhưng_mà phần dây xỏ nên làm bằng dây cước thì chắc_chắn hơn,khen_chat_luong
chất_liệu giống với mô_tả,chất_liệu giống với mô_tả,trung_tinh
đúng với mô_tả giống,đúng với mô_tả giống,dung_voi_mo_ta
bn sáng bật ton e da không tẩy không nâng ton e,bn sáng bật ton e da không tẩy không nâng ton e,trung_tinh
màu trầm nhẹ_nhàng thoải_mái đi làm đi học,màu trầm nhẹ_nhàng thoải_mái đi làm đi học,khen_chat_luong
nhuộm là bóng mịn,nhuộm là bóng mịn,trung_tinh
màu bền tháng bao sài,màu bền tháng bao sài,khen_chat_luong
để lại một chấm,để lại một chấm,trung_tinh
hoặc in box nhật hào ngay để được nhận ư,hoặc in box nhật hào ngay để được nhận ư,trung_tinh
u đãi siê,u đãi siê,trung_tinh
u khủ,u khủ,trung_tinh
ng nha các tình_yêu,ng nha các tình_yêu,trung_tinh
shop giao hàng siêu nhanh vừa đặt mà hôm sau đã thấy ship rồi,shop giao hàng siêu nhanh vừa đặt mà hôm sau đã thấy ship rồi,khen_giao_hang
tb khuyến_mại ngày vàng,tb khuyến_mại ngày vàng,trung_tinh
nạp thẻ on lin e tai ht tp s viet tel,nạp thẻ on lin e tai ht tp s viet tel,trung_tinh
ct dành riêng cho quý_khách,ct dành riêng cho quý_khách,trung_tinh
sản o ha ar m oke hơi dơ tí mong shop chú_ý giá vậy thì ko mong_đợi gì t ge em,sản o ha ar m oke hơi dơ tí mong shop chú_ý giá vậy thì ko mong_đợi gì t ge em,khen_chat_luong
đúng với mô_tả dống hình,đúng với mô_tả dống hình,dung_voi_mo_ta
đúng với mô_tả đúng nha,đúng với mô_tả đúng nha,dung_voi_mo_ta
hàng giao siêu nhanh hi_hi,hàng giao siêu nhanh hi_hi,khen_giao_hang
nhưng k thấy quà tặng kèm,nhưng k thấy quà tặng kèm,trung_tinh
đẹp chất_lượng mk mua lần rầu cx ok phù_hợp với giá tiền,đẹp chất_lượng mk mua lần rầu cx ok phù_hợp với giá tiền,khen_chat_luong
lần sau sẽ ub gr hộ,lần sau sẽ ub gr hộ,trung_tinh
màu_sắc đủ màu,màu_sắc đủ màu,trung_tinh
sẽ ủng_hộ lâu_dài nhoa,sẽ ủng_hộ lâu_dài nhoa,phan_nan_giao_hang
đóng_gói hơi sơ_sài dáng chuẩn ok lắm có_thể tham_khảo,đóng_gói hơi sơ_sài dáng chuẩn ok lắm có_thể tham_khảo,khen_chat_luong
video chỉ có tính_chất nhận xu túi ok so với giá tiền lói chung là đỉnh h á,video chỉ có tính_chất nhận xu túi ok so với giá tiền lói chung là đỉnh h á,khen_chat_luong
đẹp như hình nha chất_liệu đẹp lắm ù b g x h v x d h v x,đẹp như hình nha chất_liệu đẹp lắm ù b g x h v x d h v x,khen_chat_luong
hình_ảnh chỉ mang tính_chất nhận xu túi đẹp giống mẫu đẹp lắm nha,hình_ảnh chỉ mang tính_chất nhận xu túi đẹp giống mẫu đẹp lắm nha,khen_chat_luong
đẹp ok nha mỗi_tội là dây hơi ngắn thì phải nên mua nha mọi người,đẹp ok nha mỗi_tội là dây hơi ngắn thì phải nên mua nha mọi người,khen_chat_luong
nhận hàng ngạc_nhiên luôn,nhận hàng ngạc_nhiên luôn,trung_tinh
túi giữ đc orm,túi giữ đc orm,trung_tinh
với giá tiền như này nhận đc túi mình khá ưng_ý,với giá tiền như này nhận đc túi mình khá ưng_ý,gia_tri_gia
chất_lượng sản_phẩm cũng k tốt cho lắm,chất_lượng sản_phẩm cũng k tốt cho lắm,khen_chat_luong
tính_năng nổi_bật k âm lắm,tính_năng nổi_bật k âm lắm,trung_tinh
k tốt cho lắm nhưng_mà đồ rẻ_tiền nên k đòi_hỏi nhiều,k tốt cho lắm nhưng_mà đồ rẻ_tiền nên k đòi_hỏi nhiều,khen_chat_luong
vận_chuyển rất là lâu ngày mới nhận đc hàng,vận_chuyển rất là lâu ngày mới nhận đc hàng,phan_nan_giao_hang
chất_lượng sản_phẩm ngồi trên ghế dự_bị của của của của của của của ông là một người đàn_ông bị bệnh nặng nặng nhất là khi khi,chất_lượng sản_phẩm ngồi trên ghế dự_bị của của của của của của của ông là một người đàn_ông bị bệnh nặng nặng nhất là khi khi,khen_chat_luong
tính_năng nổi_bật tay nghe ok mà đóng_gói hơi nãn xíu,tính_năng nổi_bật tay nghe ok mà đóng_gói hơi nãn xíu,khen_chat_luong
hàng tốt_đẹp dùng tốt hình_ảnh và video mang tính_chất nhận xu,hàng tốt_đẹp dùng tốt hình_ảnh và video mang tính_chất nhận xu,khen_chat_luong
chất_lượng sản_phẩm dùng tốt,chất_lượng sản_phẩm dùng tốt,khen_chat_luong
giao hàng được bọc kín_kẽ,giao hàng được bọc kín_kẽ,khen_giao_hang
hàng thì một bên dùng đc bên ko dùng đc,hàng thì một bên dùng đc bên ko dùng đc,trung_tinh
hình_ảnh có tính_chất nhận xu ok mam s sb sb s sb s sn sn sn b,hình_ảnh có tính_chất nhận xu ok mam s sb sb s sb s sn sn sn b,khen_chat_luong
com men để nhận xu thoi i,com men để nhận xu thoi i,trung_tinh
xl vì đã làm_phiền shop,xl vì đã làm_phiền shop,trung_tinh
rút tai nghe ra khó,rút tai nghe ra khó,trung_tinh
tau nghe còn hỏng bên,tau nghe còn hỏng bên,phan_nan_chat_luong
tính_năng nổi_bật không có,tính_năng nổi_bật không có,trung_tinh
hình_ảnh chỉ mang tính_chất minh_hoạ dùng ổn,hình_ảnh chỉ mang tính_chất minh_hoạ dùng ổn,khen_chat_luong
tính_năng nổi_bật dễ sử_dụng,tính_năng nổi_bật dễ sử_dụng,trung_tinh
tính_năng nổi_bật giống i như mẫu và nghe thì ok,tính_năng nổi_bật giống i như mẫu và nghe thì ok,khen_chat_luong
ok hết nên mua nha,ok hết nên mua nha,khen_chat_luong
tại nghe nghe rõ đẹp chất_lượng tốt hình_ảnh mang tính nhận su,tại nghe nghe rõ đẹp chất_lượng tốt hình_ảnh mang tính nhận su,khen_chat_luong
chất_lượng sản_phẩm nghe tốt,chất_lượng sản_phẩm nghe tốt,khen_chat_luong
sản_phẩm rất tốt giao nhanh,sản_phẩm rất tốt giao nhanh,khen_chat_luong
chất_lượng sản_phẩm đ,chất_lượng sản_phẩm đ,khen_chat_luong
sản_phẩm rất đẹp,sản_phẩm rất đẹp,khen_chat_luong
chắc_chắn lần sau sẽ ủng_hộ shop tiếp,chắc_chắn lần sau sẽ ủng_hộ shop tiếp,khen_chat_luong
hàng ok nghe tốt âm pa s s chuẩn nên mua,hàng ok nghe tốt âm pa s s chuẩn nên mua,khen_chat_luong
ko kết_nối được,ko kết_nối được,trung_tinh
ok nhá,ok nhá,khen_chat_luong
tai nghe lớn tai nghe nhỏ,tai nghe lớn tai nghe nhỏ,trung_tinh
không nên mua hàng này chất_liệu quá đểu,không nên mua hàng này chất_liệu quá đểu,de_xuat_mua
chất_lượng sản_phẩm nút đã hư nên không dùng được,chất_lượng sản_phẩm nút đã hư nên không dùng được,khen_chat_luong
nút ấn đã hỏng,nút ấn đã hỏng,phan_nan_chat_luong
chất_lượng sản_phẩm quá ưng_ý,chất_lượng sản_phẩm quá ưng_ý,khen_chat_luong
tính_năng nổi_bật nghe tạm ổn,tính_năng nổi_bật nghe tạm ổn,khen_chat_luong
chất_lượng sản_phẩm không biết,chất_lượng sản_phẩm không biết,khen_chat_luong
chất_lượng sản_phẩm tay nghe,chất_lượng sản_phẩm tay nghe,khen_chat_luong
tính_năng nổi_bật trắng,tính_năng nổi_bật trắng,trung_tinh
chất_lượng sản_phẩm cũng tốt,chất_lượng sản_phẩm cũng tốt,khen_chat_luong
tính_năng nổi_bật dễ nghe,tính_năng nổi_bật dễ nghe,trung_tinh
sản_phẩm cũng tốt nhưng hơi to nên đeo hơi đau tai,sản_phẩm cũng tốt nhưng hơi to nên đeo hơi đau tai,khen_chat_luong
âm_thanh tốt nhưng nắp hơi lõng với chất_lượng vở là nhựa xu,âm_thanh tốt nhưng nắp hơi lõng với chất_lượng vở là nhựa xu,khen_chat_luong
chất_lượng sản_phẩm nhìn cũng ok h mới dùng chưa bt chất_lượng thế_nào,chất_lượng sản_phẩm nhìn cũng ok h mới dùng chưa bt chất_lượng thế_nào,khen_chat_luong
xinh lắm á rẻ mà ngon thì tấp vô đây nha tg sd là h đồng_hồ nha,xinh lắm á rẻ mà ngon thì tấp vô đây nha tg sd là h đồng_hồ nha,khen_chat_luong
chất_lượng sản_phẩm k tốt mua về hỏng bên,chất_lượng sản_phẩm k tốt mua về hỏng bên,phan_nan_chat_luong
tính_năng nổi_bật k tốt,tính_năng nổi_bật k tốt,khen_chat_luong
cho sao vì k tốt,cho sao vì k tốt,khen_chat_luong
chất_lượng sản_phẩm hàng rất đẹp nghe cũng rõ tiếng,chất_lượng sản_phẩm hàng rất đẹp nghe cũng rõ tiếng,khen_chat_luong
chất_lượng sản_phẩm sạc không vào,chất_lượng sản_phẩm sạc không vào,khen_chat_luong
tính_năng nổi_bật sạc kh vào,tính_năng nổi_bật sạc kh vào,trung_tinh
hàng thì bị chầy còn hk cháy leg,hàng thì bị chầy còn hk cháy leg,trung_tinh
chất_lượng sản_phẩm chưa dùng nút ơn đã hư,chất_lượng sản_phẩm chưa dùng nút ơn đã hư,khen_chat_luong
chất_lượng sản_phẩm chất_lượng tốt âm to,chất_lượng sản_phẩm chất_lượng tốt âm to,khen_chat_luong
rất đúng thời_điểm giao cho sao nhé,rất đúng thời_điểm giao cho sao nhé,trung_tinh
min k nhận đc hàng rồi tốt chất_lượng,min k nhận đc hàng rồi tốt chất_lượng,khen_chat_luong
ok nghe rất tốt,ok nghe rất tốt,khen_chat_luong
chất_lượng sản_phẩm đ c phù_hợp,chất_lượng sản_phẩm đ c phù_hợp,khen_chat_luong
như hình đẹp,như hình đẹp,khen_chat_luong
nhớ coi hướng_dẫn,nhớ coi hướng_dẫn,trung_tinh
rất ok,rất ok,khen_chat_luong
âm_lượng thì ok mà tai nghe dc tai thì không,âm_lượng thì ok mà tai nghe dc tai thì không,khen_chat_luong
chất_lượng sản_phẩm kém chất_lượng,chất_lượng sản_phẩm kém chất_lượng,phan_nan_chat_luong
hàng đúng với ảnh mẫu,hàng đúng với ảnh mẫu,trung_tinh
tai nghe tốt nghe rõ,tai nghe tốt nghe rõ,khen_chat_luong
giao hàng rất chậm nửa tháng mới có,giao hàng rất chậm nửa tháng mới có,khen_giao_hang
ga ca hop,ga ca hop,trung_tinh
tai nghe đểu ko ket noi dc blu to ot h,tai nghe đểu ko ket noi dc blu to ot h,trung_tinh
chất_lượng sản_phẩm pha ke,chất_lượng sản_phẩm pha ke,khen_chat_luong
nhẹ quá,nhẹ quá,khen_chat_luong
không kết_nối được,không kết_nối được,trung_tinh
màu_sắc đỏ đô,màu_sắc đỏ đô,trung_tinh
hàng xinh vải cực luôn ý đẹp mà giao nhanh nữa mê vo ã i,hàng xinh vải cực luôn ý đẹp mà giao nhanh nữa mê vo ã i,khen_chat_luong
chất_liệu vải nỉ,chất_liệu vải nỉ,trung_tinh
màu_sắc xanh lá cây,màu_sắc xanh lá cây,trung_tinh
orm áo không quá rộng như trong đánh_giá,orm áo không quá rộng như trong đánh_giá,gia_tri_gia
tớ m kg mặc qua mông một_chút,tớ m kg mặc qua mông một_chút,trung_tinh
áo_rộng hơn_nữa thì có_lẽ sẽ đẹp hơn,áo_rộng hơn_nữa thì có_lẽ sẽ đẹp hơn,khen_chat_luong
nên mua nhe e,nên mua nhe e,de_xuat_mua
nchung hàng giao về cx ok nên mọi người nên mua nha mua vs giá mấy chục ngàn cái áo,nchung hàng giao về cx ok nên mọi người nên mua nha mua vs giá mấy chục ngàn cái áo,khen_chat_luong
màu_sắc đung màu đen,màu_sắc đung màu đen,trung_tinh
tạm được ê h he he h he,tạm được ê h he he h he,trung_tinh
màu_sắc b t hg,màu_sắc b t hg,trung_tinh
đúng với mô_tả b t hg,đúng với mô_tả b t hg,dung_voi_mo_ta
tôi rất thích cái gì cũng có giá_trị gì đâu bạn ah mà k có mà không biết có_khi còn bị nó lừa mình thấy,tôi rất thích cái gì cũng có giá_trị gì đâu bạn ah mà k có mà không biết có_khi còn bị nó lừa mình thấy,gia_tri_gia
màu_sắc màu be,màu_sắc màu be,trung_tinh
mặc lên rất đẹp nha k chắc_chắn sẽ ủng họ nhiều lần,mặc lên rất đẹp nha k chắc_chắn sẽ ủng họ nhiều lần,khen_chat_luong
màu_sắc xám,màu_sắc xám,trung_tinh
đúng với mô_tả hình in hơi lỗi chút nhưng có_thể chấp_nhận được,đúng với mô_tả hình in hơi lỗi chút nhưng có_thể chấp_nhận được,phan_nan_chat_luong
sản_phẩm khá ổn nha cho shop sao,sản_phẩm khá ổn nha cho shop sao,khen_chat_luong
chất_liệu nỉ bông,chất_liệu nỉ bông,trung_tinh
màu_sắc xanh rêu đậm,màu_sắc xanh rêu đậm,trung_tinh
so với cái áo màu sữa mình mua cũng được gần năm ở shop này thì h nay mình mua lại cái áo xanh rêu này nma so với cái áo mình mua gần năm trc thì năm nay mua lại thì hơi thất_vọng chút bởi chữ in vào bị ẩu với cả màu đậm quá nma so với giá thì vẫn oke la nhá,so với cái áo màu sữa mình mua cũng được gần năm ở shop này thì h nay mình mua lại cái áo xanh rêu này nma so với cái áo mình mua gần năm trc thì năm nay mua lại thì hơi thất_vọng chút bởi chữ in vào bị ẩu với cả màu đậm quá nma so với giá thì vẫn oke la nhá,phan_nan_chat_luong
đúng với mô_tả cũng gọi là đúng,đúng với mô_tả cũng gọi là đúng,dung_voi_mo_ta
màu_sắc xanh rêu,màu_sắc xanh rêu,trung_tinh
chất_liệu mặc cũng khá ấm,chất_liệu mặc cũng khá ấm,trung_tinh
màu_sắc tạm ổn,màu_sắc tạm ổn,khen_chat_luong
đúng với mô_tả ý e tuyệt_vời,đúng với mô_tả ý e tuyệt_vời,khen_chat_luong
hình_ảnh chỉ mang tính_chất nhận xu nhưng hàng ổn đẹp,hình_ảnh chỉ mang tính_chất nhận xu nhưng hàng ổn đẹp,khen_chat_luong
hàng đẹp sẽ ủng_hộ dài_lâu,hàng đẹp sẽ ủng_hộ dài_lâu,phan_nan_giao_hang
mua sa le như này ổn,mua sa le như này ổn,khen_chat_luong
uii áo mình tặng gòi nên không có ảnh chụp lại,uii áo mình tặng gòi nên không có ảnh chụp lại,trung_tinh
ma giao hàng nhanh lắm luôn,ma giao hàng nhanh lắm luôn,khen_giao_hang
nên mua á mọi người,nên mua á mọi người,de_xuat_mua
chất_liệu vải hơi mỏng nhưng vs số tiền đó thì kh mong_đợi gì nhìu,chất_liệu vải hơi mỏng nhưng vs số tiền đó thì kh mong_đợi gì nhìu,trung_tinh
màu_sắc xanh rêu màu đẹp,màu_sắc xanh rêu màu đẹp,khen_chat_luong
sie vừa người mình qua mông mình m kg,sie vừa người mình qua mông mình m kg,trung_tinh
hàng về đúng ngày sinh_nhật mình luôn hi_hi,hàng về đúng ngày sinh_nhật mình luôn hi_hi,trung_tinh
nên mua tại đó mình đạt hộ bạn nên không có ảnh nhưng_mà lúc bạn mình khui hàng thì shop giao đủ hàng nhà không thiếu cũng không thừa u là trời quắn đờ phù quay tuyệt_vời nhưng_mà mình cảm_thấy chất vải không được đẹp chắc tại mình săn vo uc he r nên chỉ còn k nhưng_mà tiền_nào_của_nấy nha ok,nên mua tại đó mình đạt hộ bạn nên không có ảnh nhưng_mà lúc bạn mình khui hàng thì shop giao đủ hàng nhà không thiếu cũng không thừa u là trời quắn đờ phù quay tuyệt_vời nhưng_mà mình cảm_thấy chất vải không được đẹp chắc tại mình săn vo uc he r nên chỉ còn k nhưng_mà tiền_nào_của_nấy nha ok,khen_chat_luong
sản_phẩm được lắm chị chủ shop phải nói là tuyệt_vời ông mặt_trời mình kg mà mặc vào y_như_rằng là kg rất ổn,sản_phẩm được lắm chị chủ shop phải nói là tuyệt_vời ông mặt_trời mình kg mà mặc vào y_như_rằng là kg rất ổn,khen_chat_luong
shop giao sieu nhanh i,shop giao sieu nhanh i,khen_giao_hang
mn nên thử nha a,mn nên thử nha a,trung_tinh
áo phom hơi nhỏn hưng nói_chung hợp với giá tiền,áo phom hơi nhỏn hưng nói_chung hợp với giá tiền,gia_tri_gia
áo tạm ổn nha với giá chưa tới k thì cũng đc cầm cũng nặng_tay hh hình_ảnh chỉ mang tính_chất nhận xu,áo tạm ổn nha với giá chưa tới k thì cũng đc cầm cũng nặng_tay hh hình_ảnh chỉ mang tính_chất nhận xu,khen_chat_luong
hàng ok nha rất tốt lắm á,hàng ok nha rất tốt lắm á,khen_chat_luong
tại mk đặt cho bạn mk nên lười qua nhà nó chụp hi_hi,tại mk đặt cho bạn mk nên lười qua nhà nó chụp hi_hi,trung_tinh
vs lại nó cao hơn mét rưỡi tí nên mặc sie này hơi rộng than k s s,vs lại nó cao hơn mét rưỡi tí nên mặc sie này hơi rộng than k s s,trung_tinh
mình đặt đơn rồi i nha a,mình đặt đơn rồi i nha a,trung_tinh
mọi thứ đều ổn cho đến cuối cái áo rách hai chỗ,mọi thứ đều ổn cho đến cuối cái áo rách hai chỗ,khen_chat_luong
chỗ to rồi còn một đoạn nhỏ nữa,chỗ to rồi còn một đoạn nhỏ nữa,trung_tinh
nói_chung phù_hợp với giá tiền,nói_chung phù_hợp với giá tiền,gia_tri_gia
hình_ảnh chỉ mang tính_chất minh_hoạ,hình_ảnh chỉ mang tính_chất minh_hoạ,trung_tinh
áo rẻ mà xinh h lắm luôn nha a mọi người i,áo rẻ mà xinh h lắm luôn nha a mọi người i,khen_chat_luong
vải cũng khá ô ki i phù_hợp để mặc với trời se_se lạnh h,vải cũng khá ô ki i phù_hợp để mặc với trời se_se lạnh h,trung_tinh
chờ i ơi áo hơi bị đỉnh nha mn,chờ i ơi áo hơi bị đỉnh nha mn,trung_tinh
vs giá đó thì hơi đỉnh luôn á,vs giá đó thì hơi đỉnh luôn á,gia_tri_gia
đẹp lúm lun,đẹp lúm lun,khen_chat_luong
áo đường may quá tr đẹp luôn,áo đường may quá tr đẹp luôn,khen_chat_luong
shop làm e thất_vọng luôn,shop làm e thất_vọng luôn,phan_nan_chat_luong
chất vải đẹp mà_còn rẻ làm e bảo vs con bạn nó lại đánh cho vì k mua cho nó,chất vải đẹp mà_còn rẻ làm e bảo vs con bạn nó lại đánh cho vì k mua cho nó,khen_chat_luong
sao e chịu đc,sao e chịu đc,trung_tinh
áo chuẩn orm chất vải nóng áo hơi nhỏ so với tui còn lại thì ok hết n sb s s,áo chuẩn orm chất vải nóng áo hơi nhỏ so với tui còn lại thì ok hết n sb s s,khen_chat_luong
mình m mặc qua mông nha sẽ ủng_hộ shop dài_dài,mình m mặc qua mông nha sẽ ủng_hộ shop dài_dài,trung_tinh
đợt dịch nmà mình thấy giao khá nhanh chất vải tuy hơi mỏng nhưng gất ổn,đợt dịch nmà mình thấy giao khá nhanh chất vải tuy hơi mỏng nhưng gất ổn,khen_chat_luong
mình cao m mặc thì tới mông kh rộng như mình tưởng nhưng mặc vào cũn dễ_thương nói_chung là ổn hết t,mình cao m mặc thì tới mông kh rộng như mình tưởng nhưng mặc vào cũn dễ_thương nói_chung là ổn hết t,khen_chat_luong
áo xịn lắm n ka a k dày qa cũng k mỏng qa siêu đẹp luôn mn nhưng_mà có chỉ thừa chút bỏ qa được nên mua nè vừa rẻ vừa xinh v v,áo xịn lắm n ka a k dày qa cũng k mỏng qa siêu đẹp luôn mn nhưng_mà có chỉ thừa chút bỏ qa được nên mua nè vừa rẻ vừa xinh v v,khen_chat_luong
chất_lượng sp đẹp,chất_lượng sp đẹp,khen_chat_luong
vải hơi mỏng nhưng với giá tiền này thì hợp_lý,vải hơi mỏng nhưng với giá tiền này thì hợp_lý,gia_tri_gia
áo rất đẹp nha a shop,áo rất đẹp nha a shop,khen_chat_luong
bạn em mua bên shop rồi nên giới_thiệu e mua a,bạn em mua bên shop rồi nên giới_thiệu e mua a,de_xuat_mua
shop phục_vụ tốt,shop phục_vụ tốt,khen_chat_luong
giao hàng rất nhanh luôn,giao hàng rất nhanh luôn,khen_giao_hang
áo phom rộng_rãi và thoải_mái,áo phom rộng_rãi và thoải_mái,trung_tinh
áo ni lót bông m qua mông tay bồng đường chỉ may không chắc_chắn,áo ni lót bông m qua mông tay bồng đường chỉ may không chắc_chắn,khen_chat_luong
giao hàng nhanh áo k quá mỏng cx k quá dày nói_chung là cx đc nha mn,giao hàng nhanh áo k quá mỏng cx k quá dày nói_chung là cx đc nha mn,khen_giao_hang
đẹp lắm luôn giao hàng nhanh nữa chứ,đẹp lắm luôn giao hàng nhanh nữa chứ,khen_chat_luong
áo dày_dặn mặc vào mùa đông là rất hợp_lý,áo dày_dặn mặc vào mùa đông là rất hợp_lý,trung_tinh
áo ok nha có s sẽ ok hơn mm n n,áo ok nha có s sẽ ok hơn mm n n,khen_chat_luong
hàng ok lắm nên mua,hàng ok lắm nên mua,khen_chat_luong
hình_ảnh mang tính minh_hoạ,hình_ảnh mang tính minh_hoạ,trung_tinh
shipper rất vui_tính kkn,shipper rất vui_tính kkn,khen_giao_hang
s h s he iu d su_su su em có_thể là một loài thực_vật có hoa trong họ cúc có đi làm được không biết có đi làm được không biết d d s d d g g cảm_ơn em nhiều,s h s he iu d su_su su em có_thể là một loài thực_vật có hoa trong họ cúc có đi làm được không biết có đi làm được không biết d d s d d g g cảm_ơn em nhiều,khen_dich_vu
cái áo nó chạ có rì nếu nó ko quá ngắn so với mình,cái áo nó chạ có rì nếu nó ko quá ngắn so với mình,trung_tinh
áo đẹp ạ hàng về nhanh d h h x he e r y hg go oi cs suu tuot h cy i g b nu d g k,áo đẹp ạ hàng về nhanh d h h x he e r y hg go oi cs suu tuot h cy i g b nu d g k,khen_chat_luong
đẹp học k và có cái gì cũng có_thể làm mà không biết nói là ảnh của e gửi cho em bài hát này đi chơi với em có cái mà không có cái,đẹp học k và có cái gì cũng có_thể làm mà không biết nói là ảnh của e gửi cho em bài hát này đi chơi với em có cái mà không có cái,khen_chat_luong
hàng đẹp giao hàng nhanh tại vội nên không chụp áo được hu_hu hu h,hàng đẹp giao hàng nhanh tại vội nên không chụp áo được hu_hu hu h,khen_chat_luong
áo có lớp nỉ dày_dặn,áo có lớp nỉ dày_dặn,trung_tinh
rom rộng dễ mặc,rom rộng dễ mặc,trung_tinh
shipper vui_tính,shipper vui_tính,khen_giao_hang
nói_chung là hàng chất_lượng,nói_chung là hàng chất_lượng,khen_chat_luong
lần sau ủng_hộ shop tiếp,lần sau ủng_hộ shop tiếp,trung_tinh
sản_phẩm đẹp hàng giai nhan tốt ủng shop,sản_phẩm đẹp hàng giai nhan tốt ủng shop,khen_chat_luong
rất phù_hợp với giá tiền,rất phù_hợp với giá tiền,gia_tri_gia
vải dài cực y hình đáng đồng_tiền giao hàng nhanh đóng_gói kĩ_càng,vải dài cực y hình đáng đồng_tiền giao hàng nhanh đóng_gói kĩ_càng,khen_giao_hang
giao hàng mắc nhanh tưởng lâu cơ nhg đặt hôm cn thứ đã về r hàng đẹp xinh săn đc vs giá k là quá ưng cái bụng r,giao hàng mắc nhanh tưởng lâu cơ nhg đặt hôm cn thứ đã về r hàng đẹp xinh săn đc vs giá k là quá ưng cái bụng r,phan_nan_giao_hang
áo đẹp ạ,áo đẹp ạ,khen_chat_luong
bs i ko q n s l n r l q ken e h he he l q ke be h heo s sn see k ko oe n so o ue s h he i q n d hin b d k q ken x,bs i ko q n s l n r l q ken e h he he l q ke be h heo s sn see k ko oe n so o ue s h he i q n d hin b d k q ken x,trung_tinh
tốn tiền tôi quá,tốn tiền tôi quá,trung_tinh
vải b t hg to dày đẹp ok phết mua về mặc thì cx m nên mua về vts đấy cho đầy tủ thì nên ha he,vải b t hg to dày đẹp ok phết mua về mặc thì cx m nên mua về vts đấy cho đầy tủ thì nên ha he,khen_chat_luong
sản phả m tốt bao đẹp đáng_giá lắm giao hàng nhanh lắm nha shop,sản phả m tốt bao đẹp đáng_giá lắm giao hàng nhanh lắm nha shop,khen_chat_luong
màu đẹp chất cũng ok nói_chung là cũng_nên thử nha mn,màu đẹp chất cũng ok nói_chung là cũng_nên thử nha mn,khen_chat_luong
chất_liệu vãi cat on,chất_liệu vãi cat on,trung_tinh
hàng xịn lắm ạ,hàng xịn lắm ạ,khen_chat_luong
khá ấm ko gi ố g hình,khá ấm ko gi ố g hình,trung_tinh
r d hy ak h q eu p k ca b k r q rom at o l ba eu p l v s r phi go usd b ko e q qs c v bo o d v bi e d c b q,r d hy ak h q eu p k ca b k r q rom at o l ba eu p l v s r phi go usd b ko e q qs c v bo o d v bi e d c b q,trung_tinh
áo mặc lên phông cũng ổn so với giá tiền này thì vẫn rất đáng mua nha,áo mặc lên phông cũng ổn so với giá tiền này thì vẫn rất đáng mua nha,khen_chat_luong
áo màu xanh chữ in hơi dễ tróc nên chắc chỉ dám giặt tay thôi chứ không dám giặt máy,áo màu xanh chữ in hơi dễ tróc nên chắc chỉ dám giặt tay thôi chứ không dám giặt máy,khen_chat_luong
mình nghĩ mọi người nên mua nha,mình nghĩ mọi người nên mua nha,de_xuat_mua
cx ổn giao hàng nhanh vs giá tiền này thì cx khá ổn r hình in hơi ráp k bt giặt xong có bay hết k,cx ổn giao hàng nhanh vs giá tiền này thì cx khá ổn r hình in hơi ráp k bt giặt xong có bay hết k,khen_chat_luong
nhìn cx giống trên ảnh nhu eng mik mặc hơi bé vs cả cx k đc dài lắm vs cả chữ trên áo giặc mấy lần là mất ắ hàng giao hoe i lâu thi k anh shipper vs giá tiền này mik cx thậm chấp_nhận,nhìn cx giống trên ảnh nhu eng mik mặc hơi bé vs cả cx k đc dài lắm vs cả chữ trên áo giặc mấy lần là mất ắ hàng giao hoe i lâu thi k anh shipper vs giá tiền này mik cx thậm chấp_nhận,phan_nan_giao_hang
v x hon x hi xo s d b c i s h dy diu l h n v x g n x h di y uon cx m c b l hi dy a e y i dy yo h h cl gut u day e d g x g k ch gu p dt hg x m ch v n c b n,v x hon x hi xo s d b c i s h dy diu l h n v x g n x h di y uon cx m c b l hi dy a e y i dy yo h h cl gut u day e d g x g k ch gu p dt hg x m ch v n c b n,trung_tinh
cho biết sinh nhiệt mol chuẩn thức của,cho biết sinh nhiệt mol chuẩn thức của,khen_chat_luong
thiêu nhiệt mol,thiêu nhiệt mol,trung_tinh
chuẩn thức của choc h,chuẩn thức của choc h,khen_chat_luong
nhiệt phản_ứng của sự đồng phân_hoá,nhiệt phản_ứng của sự đồng phân_hoá,trung_tinh
cho h l choc h,cho h l choc h,trung_tinh
vs k thì khá oki r mà chất hơi mỏng thui,vs k thì khá oki r mà chất hơi mỏng thui,khen_chat_luong
giao hành rất nhanh hôm_qua đặt hôm_nay đã có luôn rồi,giao hành rất nhanh hôm_qua đặt hôm_nay đã có luôn rồi,khen_giao_hang
sp phù_hợp với giá tiền à mà mk nghĩ bn nào nặng tầm kg trở lên mặc sẽ k đẹp tại vì rom nó k đc rộng cho lắm,sp phù_hợp với giá tiền à mà mk nghĩ bn nào nặng tầm kg trở lên mặc sẽ k đẹp tại vì rom nó k đc rộng cho lắm,khen_chat_luong
áo siu đẹp luôn ạ rom đẹp ship khá nhanh sẽ ủng_hộ hết_mình ạ,áo siu đẹp luôn ạ rom đẹp ship khá nhanh sẽ ủng_hộ hết_mình ạ,khen_chat_luong
nên mua lắm nha mng,nên mua lắm nha mng,de_xuat_mua
áo pac ke r xanh rêu thì nhỏ hơn áo ro l l s ka te vàng,áo pac ke r xanh rêu thì nhỏ hơn áo ro l l s ka te vàng,trung_tinh
áo đẹp shop giao nhanh đúng màu,áo đẹp shop giao nhanh đúng màu,khen_chat_luong
xl hình_ảnh k liên_quan,xl hình_ảnh k liên_quan,trung_tinh
áo xinh lắm luôn á chờ i vải bông mặc xịn cực,áo xinh lắm luôn á chờ i vải bông mặc xịn cực,khen_chat_luong
hơi nhỏ với mình nma vẫn gấc tuyệt nha a,hơi nhỏ với mình nma vẫn gấc tuyệt nha a,khen_chat_luong
lần sau ủng_hộ shop tiếp ạ,lần sau ủng_hộ shop tiếp ạ,trung_tinh
chất_liệu vải dày cực_kì,chất_liệu vải dày cực_kì,trung_tinh
đúng với mô_tả y e d s d,đúng với mô_tả y e d s d,dung_voi_mo_ta
đẹp p nha a as i mặhdsixbheehehbnnbdndndnnbh,đẹp p nha a as i mặhdsixbheehehbnnbdndndnnbh,khen_chat_luong
hàng okk không biết có phải là em cũng không có xe đi mua đồ cho,hàng okk không biết có phải là em cũng không có xe đi mua đồ cho,khen_chat_luong
màu đẹp bền nhưng rom không được đẹp cho lắm giao hàng nhanh giao đúng màu anh giao hàng đáng yêu thân_thiện ai muốn đeo rộng lên đầu lên s,màu đẹp bền nhưng rom không được đẹp cho lắm giao hàng nhanh giao đúng màu anh giao hàng đáng yêu thân_thiện ai muốn đeo rộng lên đầu lên s,khen_chat_luong
giao hơi lâu nhưng_mà đẹp,giao hơi lâu nhưng_mà đẹp,phan_nan_giao_hang
hàng rất đẹp luôn ý nếu có sao em cx đánh_giá sao luôn ý ko ngờ đẹp như ậy hình_ảnh mang tính_chất nhận xu,hàng rất đẹp luôn ý nếu có sao em cx đánh_giá sao luôn ý ko ngờ đẹp như ậy hình_ảnh mang tính_chất nhận xu,khen_chat_luong
giao hàng cực nhanh h,giao hàng cực nhanh h,khen_giao_hang
đi êm chân nên mua nha,đi êm chân nên mua nha,khen_chat_luong
mình săn còn có k,mình săn còn có k,trung_tinh
hàng tốt dép đẹp lại đc còn tặng kẹo,hàng tốt dép đẹp lại đc còn tặng kẹo,khen_chat_luong
sản_phẩm ok giao hàng nhanh đóng_gói cẩn_thận shop uy_tín chất_lượng xài rất đáng tiền nên mua nha mọi người,sản_phẩm ok giao hàng nhanh đóng_gói cẩn_thận shop uy_tín chất_lượng xài rất đáng tiền nên mua nha mọi người,khen_chat_luong
nói_chung là hàng ổn nha mọi người hình_ảnh chỉ mang tính_chất nhận xu,nói_chung là hàng ổn nha mọi người hình_ảnh chỉ mang tính_chất nhận xu,khen_chat_luong
mua được với giá k hi_hi hi_hi hi_hi hi_hi hi h,mua được với giá k hi_hi hi_hi hi_hi hi_hi hi h,gia_tri_gia
đeo vào cảm_giác mình cao lên vì độn phân,đeo vào cảm_giác mình cao lên vì độn phân,gia_tri_gia
rất đúng với mô_tả,rất đúng với mô_tả,dung_voi_mo_ta
rất êm chân,rất êm chân,khen_chat_luong
dép cao_su rất bền và chắc khó có gai mảnh sành đâm,dép cao_su rất bền và chắc khó có gai mảnh sành đâm,khen_chat_luong
vào dép,vào dép,trung_tinh
bây_giờ có rất nhiều người đeo dép cao_su,bây_giờ có rất nhiều người đeo dép cao_su,trung_tinh
đúng với mô_tả đúng vs ảnh,đúng với mô_tả đúng vs ảnh,dung_voi_mo_ta
mà giao hàng k đúng hẹn nha,mà giao hàng k đúng hẹn nha,khen_giao_hang
ok nha mn,ok nha mn,khen_chat_luong
đúng với mô_tả rất đẹp giao hàng nhanh h chất_lượng,đúng với mô_tả rất đẹp giao hàng nhanh h chất_lượng,khen_chat_luong
màu_sắc xanh sầu_riêng,màu_sắc xanh sầu_riêng,trung_tinh
phù_hợp giá tiền,phù_hợp giá tiền,gia_tri_gia
nên mua tăng sie,nên mua tăng sie,de_xuat_mua
chất_lượng ổn,chất_lượng ổn,khen_chat_luong
shipper nhiệt_tình,shipper nhiệt_tình,khen_giao_hang
giày cứng_cáp đi mưa ok,giày cứng_cáp đi mưa ok,khen_chat_luong
dép mình đi gần hai tuần rồi ok nha,dép mình đi gần hai tuần rồi ok nha,khen_chat_luong
dễ vệ_sinh,dễ vệ_sinh,trung_tinh
shop đi hàng nhanh lắm nha hàng đúng đủ mẫu_mã đẹp rất chất_lượng nhé,shop đi hàng nhanh lắm nha hàng đúng đủ mẫu_mã đẹp rất chất_lượng nhé,khen_chat_luong
nên mua săn sa le rẻ sẽ ủng_hộ shop lâu_dài gói hàng cẩn_thận nên mua giao hàng nhanh shop nhiệt_tình,nên mua săn sa le rẻ sẽ ủng_hộ shop lâu_dài gói hàng cẩn_thận nên mua giao hàng nhanh shop nhiệt_tình,phan_nan_giao_hang
ok đẹp li ke,ok đẹp li ke,khen_chat_luong
ảnh mang tính_chất nhận xu đóng_gói chắc_chắn giao hàng nhanh,ảnh mang tính_chất nhận xu đóng_gói chắc_chắn giao hàng nhanh,khen_chat_luong
hài_lòng về chất_lượng và sản_phẩm,hài_lòng về chất_lượng và sản_phẩm,khen_chat_luong
gói hàng can thận,gói hàng can thận,trung_tinh
nen mua,nen mua,trung_tinh
dép dẹp rẻ đáng mua shop giao hàng nhanh,dép dẹp rẻ đáng mua shop giao hàng nhanh,khen_giao_hang
shop ghi tặng kèm dây buộc tóc mà chỉ nhét vào vài cái kẹo,shop ghi tặng kèm dây buộc tóc mà chỉ nhét vào vài cái kẹo,trung_tinh
màu_sắc ko bt,màu_sắc ko bt,trung_tinh
đúng với mô_tả ko bt,đúng với mô_tả ko bt,dung_voi_mo_ta
dính vào vụ này thì mình thấy nó cũng có_thể là do người ta không có gì là_lạ đâu,dính vào vụ này thì mình thấy nó cũng có_thể là do người ta không có gì là_lạ đâu,trung_tinh
chất_liệu dép nhựa,chất_liệu dép nhựa,trung_tinh
màu_sắc trắng xanh,màu_sắc trắng xanh,trung_tinh
đúng với mô_tả vâng,đúng với mô_tả vâng,dung_voi_mo_ta
mình nhận được hàng rồi nha shop,mình nhận được hàng rồi nha shop,trung_tinh
hình_ảnh không liên_quan,hình_ảnh không liên_quan,trung_tinh
chuẩn đẹp giao nhanh rẻ nên ủng_hộ,chuẩn đẹp giao nhanh rẻ nên ủng_hộ,khen_chat_luong
mua với giá k nên cg không đòi hòi hơn,mua với giá k nên cg không đòi hòi hơn,gia_tri_gia
màu_sắc đẹp nha,màu_sắc đẹp nha,khen_chat_luong
hi_hi nhận quà thui dẹp siêu xinh luôn ý orm đẹp đi êm thích lắm đẹp thực_sự luôn ấy với giá mình mua được quá hời so với chất_lượng nma mình lỡ đặt sie to quá bị rộng,hi_hi nhận quà thui dẹp siêu xinh luôn ý orm đẹp đi êm thích lắm đẹp thực_sự luôn ấy với giá mình mua được quá hời so với chất_lượng nma mình lỡ đặt sie to quá bị rộng,khen_chat_luong
đúng với mô_tả đ r,đúng với mô_tả đ r,dung_voi_mo_ta
shop giao hàng nhanh lắm mọi ng ạ,shop giao hàng nhanh lắm mọi ng ạ,khen_giao_hang
mik mua đc giá rẻ mà shop vẫn tặng thêm cái kẹo yêu quá đi thôi cảm_ơn shop nhiều nha,mik mua đc giá rẻ mà shop vẫn tặng thêm cái kẹo yêu quá đi thôi cảm_ơn shop nhiều nha,khen_chat_luong
mà dép có mùi nồng lắm chắc p đánh vài lần mới hết đc,mà dép có mùi nồng lắm chắc p đánh vài lần mới hết đc,phan_nan_chat_luong
dép ok hợp vs giá tiền,dép ok hợp vs giá tiền,khen_chat_luong
chất_liệu kh biet,chất_liệu kh biet,trung_tinh
dép đi êm chân,dép đi êm chân,khen_chat_luong
hơi bé,hơi bé,trung_tinh
nhưng với giá thì kh đòi_hỏi nhiều,nhưng với giá thì kh đòi_hỏi nhiều,gia_tri_gia
hơi chật,hơi chật,trung_tinh
n n xn xn xn m sn n x k x m x x án n n xn k k xn n xn xn x xn n xn xn xn xn xn xn n xn xn x xn n x xn n k_son n x k soa on si s neon giỡnự n x xn x sn n x xn x di sn n xn xn xn ni d n d xn xn x d x,n n xn xn xn m sn n x k x m x x án n n xn k k xn n xn xn x xn n xn xn xn xn xn xn n xn xn x xn n x xn n k_son n x k soa on si s neon giỡnự n x xn x sn n x xn x di sn n xn xn xn ni d n d xn xn x d x,trung_tinh
i a ai xn k in coi an a cd n s x sn s,i a ai xn k in coi an a cd n s x sn s,trung_tinh
c in ad xe an,c in ad xe an,trung_tinh
shop uy_tín cực nha,shop uy_tín cực nha,trung_tinh
còn tặng mk kẹo vs dây cột tóc nx,còn tặng mk kẹo vs dây cột tóc nx,trung_tinh
chất_liệu quốc_dân,chất_liệu quốc_dân,trung_tinh
sie trẻ_em hay sao bé xíu huu mọi người nên mua nha ủng_hộ shop,sie trẻ_em hay sao bé xíu huu mọi người nên mua nha ủng_hộ shop,de_xuat_mua
đúng với mô tảk,đúng với mô tảk,trung_tinh
s tac ke r ake,s tac ke r ake,trung_tinh
chất_liệu và màu_sắc đúng như miêu_tả hàng tốt chất_lượng,chất_liệu và màu_sắc đúng như miêu_tả hàng tốt chất_lượng,khen_chat_luong
theo đó các bạn nè các bạn nè các bạn nè các bạn nè các mẹ có biết_bao lâu thì mới dọn tủ là quần giá quá hời ok,theo đó các bạn nè các bạn nè các bạn nè các bạn nè các mẹ có biết_bao lâu thì mới dọn tủ là quần giá quá hời ok,phan_nan_giao_hang
chất_lượng sản_phẩm tuyệt_vời hình_ảnh mang tính_chất nhận xu,chất_lượng sản_phẩm tuyệt_vời hình_ảnh mang tính_chất nhận xu,khen_chat_luong
chất_liệu mình không biết,chất_liệu mình không biết,trung_tinh
quà tặng là cái kẹo an_ủi thực_sự là hài_hước quá đi,quà tặng là cái kẹo an_ủi thực_sự là hài_hước quá đi,trung_tinh
chất_liệu như ạ,chất_liệu như ạ,trung_tinh
thời_gian nhận được hàng hơi lâu,thời_gian nhận được hàng hơi lâu,phan_nan_giao_hang
không bị móp méo,không bị móp méo,trung_tinh
giao hàng nhanh hôm là nhận được hàng r,giao hàng nhanh hôm là nhận được hàng r,khen_giao_hang
shop gói hàng cẩn_thận,shop gói hàng cẩn_thận,trung_tinh
hàng giống ảnh,hàng giống ảnh,trung_tinh
dép quá ok ạ dù là quà tặng nhưng vẫn cho shop đ,dép quá ok ạ dù là quà tặng nhưng vẫn cho shop đ,khen_chat_luong
shop đóng hàng nhanh hàng đẹp đúng mẫu quai dép hơi dở,shop đóng hàng nhanh hàng đẹp đúng mẫu quai dép hơi dở,khen_chat_luong
tưởng đc tặng quà như shop nói ai_ngờ về có đôi quá thất_vọng,tưởng đc tặng quà như shop nói ai_ngờ về có đôi quá thất_vọng,phan_nan_chat_luong
tưởng đc như quà tặng của s ho o nói,tưởng đc như quà tặng của s ho o nói,trung_tinh
m dép xinh lắm nha nên tăng sie đi cho thoải_mái đừng sợ rộng,m dép xinh lắm nha nên tăng sie đi cho thoải_mái đừng sợ rộng,khen_chat_luong
đóng_gói cun c g rất cẩn_thận,đóng_gói cun c g rất cẩn_thận,khen_giao_hang
rcm mn mua nhó,rcm mn mua nhó,de_xuat_mua
xinh nma để tặng kèm quà gì gì đấy nma hong có quà đâu mng có kẹo và dây buộc tóc hoi nma vẫn cám_ơn shop nhe dth lắm,xinh nma để tặng kèm quà gì gì đấy nma hong có quà đâu mng có kẹo và dây buộc tóc hoi nma vẫn cám_ơn shop nhe dth lắm,khen_chat_luong
đi âm chân nhưng_mà cứ có cảm_giác kiểu bị bẹp,đi âm chân nhưng_mà cứ có cảm_giác kiểu bị bẹp,gia_tri_gia
vãn rất ôk nên mua nha,vãn rất ôk nên mua nha,de_xuat_mua
khuyên mn nên lấy sie r,khuyên mn nên lấy sie r,trung_tinh
giao hàng tận nơi trong thành phốt xe_máy và phụ_tùng máy_khâu mini,giao hàng tận nơi trong thành phốt xe_máy và phụ_tùng máy_khâu mini,khen_giao_hang
dép k đẹp lắm mình thấy nó bị nhỏ í xg kiểu cứ bị lệch lệch nhưng với giá k thì cx đc,dép k đẹp lắm mình thấy nó bị nhỏ í xg kiểu cứ bị lệch lệch nhưng với giá k thì cx đc,khen_chat_luong
đúng với mô_tả v hg g h k,đúng với mô_tả v hg g h k,dung_voi_mo_ta
chất_liệu g uỵvihoho,chất_liệu g uỵvihoho,trung_tinh
màu_sắc g h hg d,màu_sắc g h hg d,trung_tinh
b v v c i vi ho ho go go go go,b v v c i vi ho ho go go go go,trung_tinh
màu_sắc trang den,màu_sắc trang den,trung_tinh
đúng với mô_tả dung mo ta,đúng với mô_tả dung mo ta,dung_voi_mo_ta
dep dep mang vua thoai mai n cn s s k s sa ka p s,dep dep mang vua thoai mai n cn s s k s sa ka p s,trung_tinh
đúng với mô_tả đ g,đúng với mô_tả đ g,dung_voi_mo_ta
đẹp shop thân_thiện anh shipper dễ_thương,đẹp shop thân_thiện anh shipper dễ_thương,khen_chat_luong
đúng với giá_thành,đúng với giá_thành,gia_tri_gia
chất_liệu vải lanh,chất_liệu vải lanh,trung_tinh
dép đẹp mà đi êmm sẽ quay lại ủng_hộ tiếp,dép đẹp mà đi êmm sẽ quay lại ủng_hộ tiếp,khen_chat_luong
chất_liệu đúng như hình_ảnh,chất_liệu đúng như hình_ảnh,dung_voi_mo_ta
đúng như hình_ảnh của shop e e siêu nhẹ siêu êm,đúng như hình_ảnh của shop e e siêu nhẹ siêu êm,khen_chat_luong
đúng với mô tảy như hình,đúng với mô tảy như hình,dung_voi_mo_ta
tôi thích và hài_lòng với sản_phẩm này,tôi thích và hài_lòng với sản_phẩm này,trung_tinh
màu_sắc xanh reu,màu_sắc xanh reu,trung_tinh
đẹp lắm nha,đẹp lắm nha,khen_chat_luong
siu xin k luôn đệp lắm í,siu xin k luôn đệp lắm í,khen_chat_luong
shipper thân_thiện hàng đep nka săn vs giá tẻ nên ưng lắm,shipper thân_thiện hàng đep nka săn vs giá tẻ nên ưng lắm,khen_giao_hang
mn nên mua nka,mn nên mua nka,de_xuat_mua
rẻ đẹp chất_lượng mua với giá k,rẻ đẹp chất_lượng mua với giá k,khen_chat_luong
chất_liệu mền nhẹ,chất_liệu mền nhẹ,khen_chat_luong
chất_liệu h k biết,chất_liệu h k biết,trung_tinh
đánh_giá sao cho shop,đánh_giá sao cho shop,gia_tri_gia
dép trắng đẹp mọi người ạ mình đeo rồi nên ko chụp được hình,dép trắng đẹp mọi người ạ mình đeo rồi nên ko chụp được hình,khen_chat_luong
đúng với mô_tả đúng với san phẩm quảng_cáo,đúng với mô_tả đúng với san phẩm quảng_cáo,dung_voi_mo_ta
đúng với mô_tả đúng với trong hình,đúng với mô_tả đúng với trong hình,dung_voi_mo_ta
quá là ưng luôn nhẹ mang vừa đẹp nên mua ủng_hộ shop nhen n,quá là ưng luôn nhẹ mang vừa đẹp nên mua ủng_hộ shop nhen n,khen_chat_luong
chất_liệu mềm nhẹ,chất_liệu mềm nhẹ,khen_chat_luong
nên mua hợp với túi_tiền,nên mua hợp với túi_tiền,de_xuat_mua
hơi khác xíu vừa_vặn uy_tín,hơi khác xíu vừa_vặn uy_tín,trung_tinh
đúng với mô_tả rất đẹp,đúng với mô_tả rất đẹp,khen_chat_luong
tôi rất hài_lòng về đơn hàng này,tôi rất hài_lòng về đơn hàng này,trung_tinh
đúng với mô_tả đúng với mô ta,đúng với mô_tả đúng với mô ta,dung_voi_mo_ta
tuyệt ời,tuyệt ời,khen_chat_luong
đúng với mô_tả giống như hình mang êm nên mua dép này,đúng với mô_tả giống như hình mang êm nên mua dép này,khen_chat_luong
đúng với mô_tả giao hàng về dép bị nhăn,đúng với mô_tả giao hàng về dép bị nhăn,khen_giao_hang
dép siêu đẹp luôn,dép siêu đẹp luôn,khen_chat_luong
đáng_giá tiền nên mua nha,đáng_giá tiền nên mua nha,de_xuat_mua
săn giá lỗi k tưởng shop ko gửi hàng nhma shop uy_tín vãi,săn giá lỗi k tưởng shop ko gửi hàng nhma shop uy_tín vãi,phan_nan_chat_luong
hàng ok tốt_đẹp màu be nhưng hong be mấy thoi vẫn đẹp vải hơi mỏng nhưng thoáng mát,hàng ok tốt_đẹp màu be nhưng hong be mấy thoi vẫn đẹp vải hơi mỏng nhưng thoáng mát,khen_chat_luong
tôi rất ưng_ý,tôi rất ưng_ý,trung_tinh
hàng đẹp nhưng vải thì k được đẹp cho lắm nhưng_mà đẹp po đỉnh h,hàng đẹp nhưng vải thì k được đẹp cho lắm nhưng_mà đẹp po đỉnh h,khen_chat_luong
màu_sắc ỏn,màu_sắc ỏn,trung_tinh
đúng với mô_tả vải mỏng không giày dặn,đúng với mô_tả vải mỏng không giày dặn,dung_voi_mo_ta
điều lưu_ý lag loc al sau áo là in,điều lưu_ý lag loc al sau áo là in,trung_tinh
ship e r vv thân_thiện,ship e r vv thân_thiện,khen_giao_hang
hàng ổn nhưng cái mác sau kiểu bị mất hình in ý khá thất_vọng về vđ này,hàng ổn nhưng cái mác sau kiểu bị mất hình in ý khá thất_vọng về vđ này,phan_nan_chat_luong
chất_liệu thun cotton,chất_liệu thun cotton,trung_tinh
áo bình_thường cũng ổnn,áo bình_thường cũng ổnn,khen_chat_luong
vas,vas,trung_tinh
áo mặc mát nói_chung với tâm giá này là áo oke à màu vàng dày hơn màu đen nha a mên mua,áo mặc mát nói_chung với tâm giá này là áo oke à màu vàng dày hơn màu đen nha a mên mua,khen_chat_luong
màu_sắc xanh đậm,màu_sắc xanh đậm,trung_tinh
áo không suông như trong hình đâu ạ,áo không suông như trong hình đâu ạ,trung_tinh
phần hình in sau áo từ khi vừa nhận đã bong rồi,phần hình in sau áo từ khi vừa nhận đã bong rồi,trung_tinh
màu áo hơi khác so với hình của shop,màu áo hơi khác so với hình của shop,trung_tinh
tấm mình chụp gần đúng màu áo hơn tấm mình chụp cả áo vì bị cháy sáng nhẹ,tấm mình chụp gần đúng màu áo hơn tấm mình chụp cả áo vì bị cháy sáng nhẹ,khen_chat_luong
đúng với mô_tả áo chất đẹp lắm hình_ảnh mang tú n h nhận xu áo đi tặng quá ok nha,đúng với mô_tả áo chất đẹp lắm hình_ảnh mang tú n h nhận xu áo đi tặng quá ok nha,khen_chat_luong
nói_chung là tệ,nói_chung là tệ,phan_nan_chat_luong
mình ít khi chê,mình ít khi chê,trung_tinh
nhưng áo này tên quá mức tưởng_tượng rồi,nhưng áo này tên quá mức tưởng_tượng rồi,trung_tinh
dun e_din là thành_phố thuộc đảo nam ne e al an d có thời_tiết khá lạnh vào mùa đông,dun e_din là thành_phố thuộc đảo nam ne e al an d có thời_tiết khá lạnh vào mùa đông,trung_tinh
đúng với mô_tả đúng với hình nha,đúng với mô_tả đúng với hình nha,dung_voi_mo_ta
áo đẹp nhưng chất mỏng cũng là c em e r y nhưng nó lạ lắm,áo đẹp nhưng chất mỏng cũng là c em e r y nhưng nó lạ lắm,khen_chat_luong
vảo mỏng nên hơi thất_vọng ko mua lần nào nữa t t,vảo mỏng nên hơi thất_vọng ko mua lần nào nữa t t,phan_nan_chat_luong
thật_sự không hiểu cái shop này làm sưng kiểu gì hình trên ảnh màu ship về thì màu hoàn_toàn khác làm_ăn thế_này cũng khác gì sai hàng lừa khách_hàng,thật_sự không hiểu cái shop này làm sưng kiểu gì hình trên ảnh màu ship về thì màu hoàn_toàn khác làm_ăn thế_này cũng khác gì sai hàng lừa khách_hàng,phan_nan_giao_hang
abc xy,abc xy,trung_tinh
màu_sắc xanh lá đậm,màu_sắc xanh lá đậm,trung_tinh
mang tính_chất nhận xu,mang tính_chất nhận xu,trung_tinh
nghe g lade đã lâu rùi mà h mới thử mùi sa ku ra và li ly,nghe g lade đã lâu rùi mà h mới thử mùi sa ku ra và li ly,phan_nan_chat_luong
tui chọn thử loại lõi xịt thơm vì nghe nói đây là loại cao_cấp nhất của g lade rồi,tui chọn thử loại lõi xịt thơm vì nghe nói đây là loại cao_cấp nhất của g lade rồi,trung_tinh
chỉ cần có thêm chiếc máy phun sương mà các nàng tha_hồ ểnh ương ở căn phòng toilet thơm_ngát mùi hoa luôn ớ,chỉ cần có thêm chiếc máy phun sương mà các nàng tha_hồ ểnh ương ở căn phòng toilet thơm_ngát mùi hoa luôn ớ,phan_nan_chat_luong
màu xanh_lè,màu xanh_lè,trung_tinh
gớm hàng ake nha,gớm hàng ake nha,trung_tinh
nếu muốn mua nên cân_nhắc trc,nếu muốn mua nên cân_nhắc trc,trung_tinh
chất_liệu qua mong,chất_liệu qua mong,trung_tinh
cut e xĩu hé hé lần sau mình sẽ ủng_hộ tiếp ảnh và video k liên_quan,cut e xĩu hé hé lần sau mình sẽ ủng_hộ tiếp ảnh và video k liên_quan,trung_tinh
chất_liệu mong,chất_liệu mong,trung_tinh
đúng với mô_tả hơi mỏng thôi,đúng với mô_tả hơi mỏng thôi,dung_voi_mo_ta
với giá k thì cũng k mong_đợi quá nhiều,với giá k thì cũng k mong_đợi quá nhiều,gia_tri_gia
vải mỏng nha,vải mỏng nha,trung_tinh
rất mỏng,rất mỏng,trung_tinh
chê,chê,trung_tinh
mà giá vậy thì ok rồi trách ai bây_giờ khuyên là có tiền mua cái nào chất_lượng xíu đừng có như này nha hiu_hiu,mà giá vậy thì ok rồi trách ai bây_giờ khuyên là có tiền mua cái nào chất_lượng xíu đừng có như này nha hiu_hiu,khen_chat_luong
trời_ơi đẹp quá_trời nở giao hàng cũng nhanh tuần mà có rồi hi_hi mng nên mua nhé ki ki,trời_ơi đẹp quá_trời nở giao hàng cũng nhanh tuần mà có rồi hi_hi mng nên mua nhé ki ki,khen_chat_luong
chất_lượng sản_phẩm này tuyệt_vời đóng_gói sản_phẩm này rất chắc_chắn,chất_lượng sản_phẩm này tuyệt_vời đóng_gói sản_phẩm này rất chắc_chắn,khen_chat_luong
chất_liệu dù biết là giá cũng phải_chăng nhưng chất_liệu thì tệ vô_cùng,chất_liệu dù biết là giá cũng phải_chăng nhưng chất_liệu thì tệ vô_cùng,phan_nan_chat_luong
đúng với mô_tả không đúng nhiều lắm,đúng với mô_tả không đúng nhiều lắm,phan_nan_chat_luong
shop cho hàng hơi tệ so với mong_muốn của khách_hàng như mình,shop cho hàng hơi tệ so với mong_muốn của khách_hàng như mình,phan_nan_chat_luong
áo khá đẹp,áo khá đẹp,khen_chat_luong
rẻ so với chất_lượng,rẻ so với chất_lượng,khen_chat_luong
canh sa le được nên rẻ quá_trời,canh sa le được nên rẻ quá_trời,gia_tri_gia
hình_ảnh mang tc mình hoạ,hình_ảnh mang tc mình hoạ,trung_tinh
màu_sắc khá đẹp,màu_sắc khá đẹp,khen_chat_luong
đúng với mô_tả hơi nhạt so với ảnh,đúng với mô_tả hơi nhạt so với ảnh,dung_voi_mo_ta
màu_sắc b lac k,màu_sắc b lac k,trung_tinh
đúng với mô_tả_binh thuong,đúng với mô_tả_binh thuong,dung_voi_mo_ta
đúng với mô_tả tầm,đúng với mô_tả tầm,dung_voi_mo_ta
abc lia o s h x ua i xu u si s c ia o d sic m,abc lia o s h x ua i xu u si s c ia o d sic m,trung_tinh
tiền nào của đó nha,tiền nào của đó nha,trung_tinh
vải khá mỏng,vải khá mỏng,trung_tinh
dễ xù lông nha,dễ xù lông nha,trung_tinh
chất_liệu mong r,chất_liệu mong r,trung_tinh
vải áo rất mỏng luôn ý nma tạm ổn trong tầm giá_như này y,vải áo rất mỏng luôn ý nma tạm ổn trong tầm giá_như này y,khen_chat_luong
màu_sắc shop giao đúng màu,màu_sắc shop giao đúng màu,dung_voi_mo_ta
áo mỏng không như mong_đợi,áo mỏng không như mong_đợi,trung_tinh
video hình_ảnh không liên_quan,video hình_ảnh không liên_quan,trung_tinh
nhưng_mà chữ in bị làm_sao ấy nhưng_mà có mấy chục nghìn thôi nên kệ,nhưng_mà chữ in bị làm_sao ấy nhưng_mà có mấy chục nghìn thôi nên kệ,trung_tinh
áo chất khá ổn nhưng hơi mỏng,áo chất khá ổn nhưng hơi mỏng,khen_chat_luong
em có nói gì đâu em ạ ạ à ạ ạ em qua nhà chị_em đang ở đâu mà anh_em qua nhà em có nói_xấu t đúng k em có_thể,em có nói gì đâu em ạ ạ à ạ ạ em qua nhà chị_em đang ở đâu mà anh_em qua nhà em có nói_xấu t đúng k em có_thể,phan_nan_chat_luong
lạ d hu due,lạ d hu due,trung_tinh
chất quá rẻ_tiền vì tiền ít nhưng áo như này không ổn tẹo nào mỏng_dính,chất quá rẻ_tiền vì tiền ít nhưng áo như này không ổn tẹo nào mỏng_dính,phan_nan_chat_luong
màu kh gióng hình,màu kh gióng hình,trung_tinh
mua lần này thấy hơi thất_vọng,mua lần này thấy hơi thất_vọng,phan_nan_chat_luong
chất_liệu vải mỏng logo in_ấn không tốt,chất_liệu vải mỏng logo in_ấn không tốt,khen_chat_luong
đúng với mô_tả đúng với màu_sắc,đúng với mô_tả đúng với màu_sắc,dung_voi_mo_ta
màu_sắc đẹp và sáng,màu_sắc đẹp và sáng,khen_chat_luong
rất hài_lòng với shop mặc vào thì rất đẹp,rất hài_lòng với shop mặc vào thì rất đẹp,khen_chat_luong
áo hơi mỏng nên cân_nhắc nha a chất vải cũng kì nữa,áo hơi mỏng nên cân_nhắc nha a chất vải cũng kì nữa,trung_tinh
màu_sắc nhạt hơn so với hình shop chụp,màu_sắc nhạt hơn so với hình shop chụp,trung_tinh
đúng với mô_tả màu xanh k đẹp,đúng với mô_tả màu xanh k đẹp,khen_chat_luong
mình k nghĩ là giao xong màu lại khác xa so với màu shop chụp lên,mình k nghĩ là giao xong màu lại khác xa so với màu shop chụp lên,trung_tinh
mong shop rút kinh_nghiệm,mong shop rút kinh_nghiệm,trung_tinh
các bạn nên mua màu đen cho chắc nhé,các bạn nên mua màu đen cho chắc nhé,khen_chat_luong
màu_sắc xanh be,màu_sắc xanh be,trung_tinh
chất_lượng phù_hợp với giá tiền,chất_lượng phù_hợp với giá tiền,khen_chat_luong
áo_rộng vải dễ bị giãn các chữ phía sau vừa ship về đã bị bong tróc như là đã được sử_dụng qua,áo_rộng vải dễ bị giãn các chữ phía sau vừa ship về đã bị bong tróc như là đã được sử_dụng qua,khen_giao_hang
chất_liệu rất mong y,chất_liệu rất mong y,trung_tinh
màu_sắc giao sai màu,màu_sắc giao sai màu,phan_nan_chat_luong
màu_sắc giô g bs tầm màu trên ảnh thoi,màu_sắc giô g bs tầm màu trên ảnh thoi,trung_tinh
vải hơi nóng như n đc cái giặt ko bị phai màu với cả shop còn để giấy thơm vào nữa,vải hơi nóng như n đc cái giặt ko bị phai màu với cả shop còn để giấy thơm vào nữa,phan_nan_chat_luong
ảnh với vid mang tính_chất nhận xu nhen,ảnh với vid mang tính_chất nhận xu nhen,trung_tinh
hình_ảnh mang tính_chất nhận xu nha,hình_ảnh mang tính_chất nhận xu nha,trung_tinh
q ử ue in d k p n d gs nong ay r,q ử ue in d k p n d gs nong ay r,trung_tinh
chất_liệu xấu,chất_liệu xấu,phan_nan_chat_luong
màu_sắc xấu,màu_sắc xấu,phan_nan_chat_luong
đúng với mô_tả xấu,đúng với mô_tả xấu,phan_nan_chat_luong
chất_liệu khá mát,chất_liệu khá mát,trung_tinh
màu_sắc tưởng xanh đậm ai_ngờ xanh lá cây,màu_sắc tưởng xanh đậm ai_ngờ xanh lá cây,trung_tinh
khá ổn,khá ổn,khen_chat_luong
đúng với mô_tả đ c,đúng với mô_tả đ c,dung_voi_mo_ta
áo ổn với giá tiền mn mua nên cân_nhắc sie muốn rộng mặc xl,áo ổn với giá tiền mn mua nên cân_nhắc sie muốn rộng mặc xl,khen_chat_luong
chất_liệu không quá xuất_sắc,chất_liệu không quá xuất_sắc,trung_tinh
màu_sắc giống ảnh,màu_sắc giống ảnh,trung_tinh
với giá_như này mà đc chiếc áo như thế thì quá đỉnh rồi,với giá_như này mà đc chiếc áo như thế thì quá đỉnh rồi,gia_tri_gia
màu_sắc xanh xấu quắc,màu_sắc xanh xấu quắc,phan_nan_chat_luong
đúng với mô_tả ho g g,đúng với mô_tả ho g g,dung_voi_mo_ta
xanh lá hog dống miêu_tả mỏng q u ã i lun n,xanh lá hog dống miêu_tả mỏng q u ã i lun n,trung_tinh
chất_liệu cotton mong r,chất_liệu cotton mong r,trung_tinh
đúng với mô_tả khoong,đúng với mô_tả khoong,dung_voi_mo_ta
mua về rồi mới nhìn thấy là mua nhầm shop c em me r y k nói thật với giá này các bạn chi thêm mấy chục nghìn mua cái dày hơn mà mặc đừng tiếc tiền mua về nó mỏng dã_man lúc nhận hàng sốc vđ nghĩ sao áo nó mỏng thế nhỉ,mua về rồi mới nhìn thấy là mua nhầm shop c em me r y k nói thật với giá này các bạn chi thêm mấy chục nghìn mua cái dày hơn mà mặc đừng tiếc tiền mua về nó mỏng dã_man lúc nhận hàng sốc vđ nghĩ sao áo nó mỏng thế nhỉ,khen_chat_luong
áo hơi mỏng mặc mát,áo hơi mỏng mặc mát,trung_tinh
áo thun loc a br ai ne ưng lắm giá lại còn trẻ mình mua sie m mặc vừa_vặn,áo thun loc a br ai ne ưng lắm giá lại còn trẻ mình mua sie m mặc vừa_vặn,gia_tri_gia
mận khía xào gừng,mận khía xào gừng,trung_tinh
mận khía xào cay,mận khía xào cay,trung_tinh
mận_cơm xào gừng,mận_cơm xào gừng,trung_tinh
mơ dẻo xào gừng,mơ dẻo xào gừng,trung_tinh
mơ dẻo xào cay,mơ dẻo xào cay,trung_tinh
sấu bao_tử tươi giòn,sấu bao_tử tươi giòn,trung_tinh
mơ xí muội đặc_biệt,mơ xí muội đặc_biệt,trung_tinh
mơ ngũ_vị,mơ ngũ_vị,trung_tinh
mơ gừng chua mặn ngọt,mơ gừng chua mặn ngọt,trung_tinh
đào xí muội ko hạt,đào xí muội ko hạt,trung_tinh
mơ tươi giòn,mơ tươi giòn,trung_tinh
mơ dẻo chùa_hương,mơ dẻo chùa_hương,trung_tinh
đúng với mô_tả ko giống,đúng với mô_tả ko giống,dung_voi_mo_ta
áo cực đểu nha mn đừng nên mua nhiều chỉ thừa ko giống trong ảnh,áo cực đểu nha mn đừng nên mua nhiều chỉ thừa ko giống trong ảnh,de_xuat_mua
xem taro t mọi vấn_đề chỉ từ k,xem taro t mọi vấn_đề chỉ từ k,trung_tinh
ib xem ngay ko cần đặt lịch,ib xem ngay ko cần đặt lịch,trung_tinh
hãy đến với trạm taro t hạnh_phúc,hãy đến với trạm taro t hạnh_phúc,trung_tinh
ngoài_ra trạm còn có thêm các gói,ngoài_ra trạm còn có thêm các gói,khen_chat_luong
các bạn nên mua nhé,các bạn nên mua nhé,de_xuat_mua
chất_liệu thun cotton co_dãn tốt,chất_liệu thun cotton co_dãn tốt,khen_chat_luong
chất_liệu vãi mềm,chất_liệu vãi mềm,khen_chat_luong
hàng chất_lượng ưa op b cuu ne k so h sn u,hàng chất_lượng ưa op b cuu ne k so h sn u,khen_chat_luong
nam e o san an ai mi ga mam a to ya t te im as u vol,nam e o san an ai mi ga mam a to ya t te im as u vol,trung_tinh
canh,canh,trung_tinh
chất_liệu rất oke e so với tầm giá a a,chất_liệu rất oke e so với tầm giá a a,khen_chat_luong
màu_sắc khá là đẹp,màu_sắc khá là đẹp,khen_chat_luong
đúng với mô_tả vải rất mỏng,đúng với mô_tả vải rất mỏng,dung_voi_mo_ta
em xin phép đăng bài,em xin phép đăng bài,trung_tinh
cái đực,cái đực,trung_tinh
thông_tin ib trực_tiếp cho e,thông_tin ib trực_tiếp cho e,trung_tinh
áo mỏng kh giống hình,áo mỏng kh giống hình,dung_voi_mo_ta
hình in bị rạn,hình in bị rạn,trung_tinh
với giá này k đòi_hỏi gì hơn,với giá này k đòi_hỏi gì hơn,gia_tri_gia
đẹp nhé shop,đẹp nhé shop,khen_chat_luong
đúng kiểu đúng màu luôn nha,đúng kiểu đúng màu luôn nha,dung_voi_mo_ta
áo đẹp lắm nha vải dày_dặn mịn thấm hút mồ_hôi khá tốt màu xinh nữa rất ưng giá siêu rẻ lại chất_lượng,áo đẹp lắm nha vải dày_dặn mịn thấm hút mồ_hôi khá tốt màu xinh nữa rất ưng giá siêu rẻ lại chất_lượng,khen_chat_luong
mik thấy ổn,mik thấy ổn,khen_chat_luong
n tham_khảo thử nha,n tham_khảo thử nha,trung_tinh
chất_liệu ha,chất_liệu ha,trung_tinh
công_dụng làm_đẹp,công_dụng làm_đẹp,khen_chat_luong
độ bền màu,độ bền màu,khen_chat_luong
xin_lỗi vì ảnh không liên_quan nhưng hàng rất đẹp hợp với giá tiền,xin_lỗi vì ảnh không liên_quan nhưng hàng rất đẹp hợp với giá tiền,phan_nan_chat_luong
công_dụng đánh môi,công_dụng đánh môi,trung_tinh
độ bền màu ko lì,độ bền màu ko lì,khen_chat_luong
hàng giao nhanh_chóng,hàng giao nhanh_chóng,khen_giao_hang
gói hàng chặt_chẽ,gói hàng chặt_chẽ,trung_tinh
mik rất thích sản_phẩm này,mik rất thích sản_phẩm này,trung_tinh
nhân_viên giao hàng rất nhiệt_tình và dt hg,nhân_viên giao hàng rất nhiệt_tình và dt hg,khen_giao_hang
công_dụng_son,công_dụng_son,trung_tinh
độ bền màu ok,độ bền màu ok,khen_chat_luong
giao nhanh hàng đẹp gói kĩ shipper có tâm,giao nhanh hàng đẹp gói kĩ shipper có tâm,khen_chat_luong
đỉm nha shop oii,đỉm nha shop oii,trung_tinh
công_dụng để đánh lên môi và làm_đẹp,công_dụng để đánh lên môi và làm_đẹp,khen_chat_luong
độ bền màu cũng được khá lâu,độ bền màu cũng được khá lâu,phan_nan_giao_hang
_son mịn đẹp đánh lên môi khá mướt hình_ảnh và video chỉ mang tính_chất nhận xu,_son mịn đẹp đánh lên môi khá mướt hình_ảnh và video chỉ mang tính_chất nhận xu,khen_chat_luong
sản_phẩm đẹp nên mua nha,sản_phẩm đẹp nên mua nha,khen_chat_luong
hình_ảnh chỉ mag tính_chất nhận xu,hình_ảnh chỉ mag tính_chất nhận xu,trung_tinh
he i e eo e bi r g h h,he i e eo e bi r g h h,trung_tinh
trôi khá nhanh h nha,trôi khá nhanh h nha,khen_giao_hang
công_dụng đánh mỏ,công_dụng đánh mỏ,trung_tinh
độ bền màu k bề n lam s,độ bền màu k bề n lam s,khen_chat_luong
công_dụng_son môi,công_dụng_son môi,trung_tinh
độ bền màu tiếng,độ bền màu tiếng,khen_chat_luong
_son đẹp khá mềm_môi nhó nma có cây_son gấu hồng nó đúng hồng cánh_sen luôn nếu mn guoi biết đánh thì đánh đi học bao ôk nhe e,_son đẹp khá mềm_môi nhó nma có cây_son gấu hồng nó đúng hồng cánh_sen luôn nếu mn guoi biết đánh thì đánh đi học bao ôk nhe e,khen_chat_luong
công_dụng tô_son,công_dụng tô_son,trung_tinh
độ bền màu tốt,độ bền màu tốt,khen_chat_luong
độ bền màu khá được c,độ bền màu khá được c,khen_chat_luong
hình minh_hoạ,hình minh_hoạ,trung_tinh
công_dụng tốt,công_dụng tốt,khen_chat_luong
độ bền màu tô t,độ bền màu tô t,khen_chat_luong
giao đúng sp chất_lượng sp rất tốt chắc tại do mk chọn màu đậm nên ko hợp lắm nhưng clg rất tốt,giao đúng sp chất_lượng sp rất tốt chắc tại do mk chọn màu đậm nên ko hợp lắm nhưng clg rất tốt,khen_chat_luong
người nổi_tiếng mà tôi thật_sự ngưỡng_mộ đó là la vân hi một diễn_viên người trung_quốc,người nổi_tiếng mà tôi thật_sự ngưỡng_mộ đó là la vân hi một diễn_viên người trung_quốc,trung_tinh
anh năm nay tuổi và tham_gia hoạt_động giải_trí năm,anh năm nay tuổi và tham_gia hoạt_động giải_trí năm,trung_tinh
tôi biết đến anh thông_qua những bộ phim mà anh đóng,tôi biết đến anh thông_qua những bộ phim mà anh đóng,trung_tinh
ví_dụ như hương mật tựa khói_sương,ví_dụ như hương mật tựa khói_sương,trung_tinh
và đây cũng là bộ phim góp_phần giúp anh đến với khán gi,và đây cũng là bộ phim góp_phần giúp anh đến với khán gi,trung_tinh
công_dụng làm môi đệp hơn,công_dụng làm môi đệp hơn,trung_tinh
độ bền màu om m chưa test,độ bền màu om m chưa test,khen_chat_luong
lần sau mua tiếp,lần sau mua tiếp,de_xuat_mua
độ bền màu thấp,độ bền màu thấp,khen_chat_luong
công_dụng chét lên mỏ,công_dụng chét lên mỏ,trung_tinh
độ bền màu không bền lắm,độ bền màu không bền lắm,khen_chat_luong
nếu mua thì mua á,nếu mua thì mua á,trung_tinh
hình_ảnh và video chỉ mang tính_chất nhận xu nhé,hình_ảnh và video chỉ mang tính_chất nhận xu nhé,trung_tinh
công_dụng_son đi học,công_dụng_son đi học,trung_tinh
độ bền màu khá là oke e,độ bền màu khá là oke e,khen_chat_luong
cũng ok ạ,cũng ok ạ,khen_chat_luong
để anh làm gì đó không phải là sao ạ em cảm_ơn chi_tiết mấy roi đó là nc ngoài_ra còn,để anh làm gì đó không phải là sao ạ em cảm_ơn chi_tiết mấy roi đó là nc ngoài_ra còn,khen_dich_vu
độ bền màu ch dùng ch bt,độ bền màu ch dùng ch bt,khen_chat_luong
công_dụng oánh mỏ,công_dụng oánh mỏ,trung_tinh
hàng quốc_tế nên giao hơi lâu màu đẹp được,hàng quốc_tế nên giao hơi lâu màu đẹp được,phan_nan_giao_hang
sản_phẩm ok nhá,sản_phẩm ok nhá,khen_chat_luong
nói_chung là nên mua nha a hình_ảnh chi mang tính_chất minh_hoạ,nói_chung là nên mua nha a hình_ảnh chi mang tính_chất minh_hoạ,de_xuat_mua
công_dụng ạ ha h v v,công_dụng ạ ha h v v,trung_tinh
độ bền màu ổn,độ bền màu ổn,khen_chat_luong
đúng mẫu_mã nhma lệch màu nhiều lắm nha,đúng mẫu_mã nhma lệch màu nhiều lắm nha,trung_tinh
nhớ cân_nhắc khi mua,nhớ cân_nhắc khi mua,trung_tinh
công_dụng tô môi,công_dụng tô môi,trung_tinh
độ bền màu nâu đất,độ bền màu nâu đất,khen_chat_luong
shipper thân_thiện lắm nhe e,shipper thân_thiện lắm nhe e,khen_giao_hang
độ bền màu cũng tạm,độ bền màu cũng tạm,khen_chat_luong
công_dụng tô lên môi,công_dụng tô lên môi,trung_tinh
độ bền màu tạm,độ bền màu tạm,khen_chat_luong
công_dụng màu hơi dễ trôi nhưng đỉnh nha,công_dụng màu hơi dễ trôi nhưng đỉnh nha,trung_tinh
oc e e,oc e e,trung_tinh
công_dụng chét cho đỏ cái mõm,công_dụng chét cho đỏ cái mõm,trung_tinh
độ bền màu ko bền mấy đâu,độ bền màu ko bền mấy đâu,khen_chat_luong
ủa tưởng đẹp lắm bôi lên môi thấy khô vs thâm xì gớm vc,ủa tưởng đẹp lắm bôi lên môi thấy khô vs thâm xì gớm vc,khen_chat_luong
độ bền màu bền,độ bền màu bền,khen_chat_luong
công_dụng_son cực xinh,công_dụng_son cực xinh,khen_chat_luong
tìm_kiếm bằng máy_ảnh,tìm_kiếm bằng máy_ảnh,trung_tinh
kết_quả trang eb kèm đường liên_kết của trang eb,kết_quả trang eb kèm đường liên_kết của trang eb,trung_tinh
ht tp s tran s lat e,ht tp s tran s lat e,trung_tinh
go o g le,go o g le,trung_tinh
com,com,trung_tinh
go o g le dịch,go o g le dịch,trung_tinh
dịch,dịch,trung_tinh
công_dụng oánh lên môi,công_dụng oánh lên môi,trung_tinh
độ bền màu quao quao quao,độ bền màu quao quao quao,khen_chat_luong
quá là xinh,quá là xinh,khen_chat_luong
quá là mê,quá là mê,trung_tinh
quá là thích,quá là thích,trung_tinh
quá là đẹp,quá là đẹp,khen_chat_luong
công_dụng trát lên mỏ,công_dụng trát lên mỏ,trung_tinh
_son màu xinh mùi khá ok nha hi_hi hu_hu hè hè bao ko an bam,_son màu xinh mùi khá ok nha hi_hi hu_hu hè hè bao ko an bam,phan_nan_chat_luong
độ bền màu bền lắm nha mấy bà,độ bền màu bền lắm nha mấy bà,khen_chat_luong
_son màu ở ngoài đẹp hơn trong ảnh á lâu trôi,_son màu ở ngoài đẹp hơn trong ảnh á lâu trôi,phan_nan_giao_hang
độ bền màu cũng được_son cũng đì,độ bền màu cũng được_son cũng đì,khen_chat_luong
ảnh với video tính_chất nhận xu,ảnh với video tính_chất nhận xu,trung_tinh
sản_phẩm như mô_tả giao hàng nhanh đúng số_lượng mộ người nên thử,sản_phẩm như mô_tả giao hàng nhanh đúng số_lượng mộ người nên thử,khen_giao_hang
công_dụng me ku p,công_dụng me ku p,trung_tinh
sản_phẩm khi bôi lên khá khô màu lên cũng ổn nhưng cần me ku p kĩ khi bôi lên sẽ đẹp hơn nhưng không rõ xuất_xứ nguồn_gốc nên để mà mua thì nên suy_nghĩ thật kĩ nha,sản_phẩm khi bôi lên khá khô màu lên cũng ổn nhưng cần me ku p kĩ khi bôi lên sẽ đẹp hơn nhưng không rõ xuất_xứ nguồn_gốc nên để mà mua thì nên suy_nghĩ thật kĩ nha,khen_chat_luong
độ bền màu chưa dùng chưa bt,độ bền màu chưa dùng chưa bt,khen_chat_luong
thời_gian giao nhanh,thời_gian giao nhanh,khen_giao_hang
vid mang tính_chất nhận xu,vid mang tính_chất nhận xu,trung_tinh
p nhung có công mài sắt có ngày nào anh rảnh không,p nhung có công mài sắt có ngày nào anh rảnh không,trung_tinh
công_dụng bôi,công_dụng bôi,trung_tinh
mình khá ưng về màu và độ bền,mình khá ưng về màu và độ bền,khen_chat_luong
công_dụng để bôi lên môi,công_dụng để bôi lên môi,trung_tinh
hình_ảnh ko liên_quan tới sản_phẩm hình_ảnh có tính_chất nhận xu,hình_ảnh ko liên_quan tới sản_phẩm hình_ảnh có tính_chất nhận xu,trung_tinh
công_dụng đánh,công_dụng đánh,trung_tinh
độ bền màu ok ii,độ bền màu ok ii,khen_chat_luong
những kiến_thức cơ_bản trong cuộc_sống để thành_công,những kiến_thức cơ_bản trong cuộc_sống để thành_công,trung_tinh
những kiến_thức cơ_bản trong cuộc_sống là những kiến_thức để giúp con_người có_thể sống và làm_việc tốt,những kiến_thức cơ_bản trong cuộc_sống là những kiến_thức để giúp con_người có_thể sống và làm_việc tốt,khen_chat_luong
công_dụng đánh_son,công_dụng đánh_son,trung_tinh
độ bền màu màu giống mẫu,độ bền màu màu giống mẫu,khen_chat_luong
_son thơm mùi cam nhẹ ko hắc đâu,_son thơm mùi cam nhẹ ko hắc đâu,phan_nan_chat_luong
hợp vs da ngăm lắm ý,hợp vs da ngăm lắm ý,trung_tinh
công_dụng để_son chứ làm trời,công_dụng để_son chứ làm trời,trung_tinh
_son đẹp nha màu_son cũng rất đẹp sẽ quay lại mua thêm,_son đẹp nha màu_son cũng rất đẹp sẽ quay lại mua thêm,khen_chat_luong
công_dụng đanh,công_dụng đanh,trung_tinh
màu n kha d đap r d b l sn s k d b d l x b do d nao d b d n sa l k x d sn la ka,màu n kha d đap r d b l sn s k d b d l x b do d nao d b d n sa l k x d sn la ka,trung_tinh
hàng giống hình hàng quốc_tế nên giao hàng hơi lâu còn lại ổn_áp hết nha,hàng giống hình hàng quốc_tế nên giao hàng hơi lâu còn lại ổn_áp hết nha,phan_nan_giao_hang
mùi không quá thơm nhưng chất_son ưng giá rẻ nhưng đợi hàng hơi lâu,mùi không quá thơm nhưng chất_son ưng giá rẻ nhưng đợi hàng hơi lâu,phan_nan_chat_luong
độ bền màu lâu,độ bền màu lâu,phan_nan_giao_hang
nếu bỏ tiền ra mua thì hơi phí,nếu bỏ tiền ra mua thì hơi phí,trung_tinh
độ bền màu trôi nhanh,độ bền màu trôi nhanh,khen_chat_luong
hàng quốc_tế nên giao hơi lâu,hàng quốc_tế nên giao hơi lâu,phan_nan_giao_hang
_son mùi ko thơm lắm,_son mùi ko thơm lắm,phan_nan_chat_luong
độ bền màu cũng đc,độ bền màu cũng đc,khen_chat_luong
_son giao không đúng màu còn lại thì ok hết_sức mà không có quyền được má_hồng hè này thì đi vào tim này có xe giao hàng tiếp_theo là những thành_viên của mình để tau điện_tử của họ,_son giao không đúng màu còn lại thì ok hết_sức mà không có quyền được má_hồng hè này thì đi vào tim này có xe giao hàng tiếp_theo là những thành_viên của mình để tau điện_tử của họ,phan_nan_chat_luong
độ bền màu chưa dùng nên chưa biết,độ bền màu chưa dùng nên chưa biết,khen_chat_luong
chất_son mịn màu_son đẹp rất là thích sẽ ủng_hộ lần sau,chất_son mịn màu_son đẹp rất là thích sẽ ủng_hộ lần sau,khen_chat_luong
_son đẹp lắm ạ video và ảnh chỉ mang tính_chất nhận xu thôi ạ,_son đẹp lắm ạ video và ảnh chỉ mang tính_chất nhận xu thôi ạ,khen_chat_luong
đẹp lắm luông g hàng chất lượt nên mua a nha a sóp nt cut e nữa,đẹp lắm luông g hàng chất lượt nên mua a nha a sóp nt cut e nữa,khen_chat_luong
công_dụng r g g b t g có_thể làm ra,công_dụng r g g b t g có_thể làm ra,trung_tinh
r g g b t g có_thể làm ra giấy kiểm_định chất nhận được nhiều đứa trẻ bị sốt có_thể,r g g b t g có_thể làm ra giấy kiểm_định chất nhận được nhiều đứa trẻ bị sốt có_thể,gia_tri_gia
công_dụng đẹp lắm,công_dụng đẹp lắm,khen_chat_luong
độ bền màu rất đẹp luôn ý ạ,độ bền màu rất đẹp luôn ý ạ,khen_chat_luong
xịn màu đậm_nét đẹp ncl xinh cỉu,xịn màu đậm_nét đẹp ncl xinh cỉu,khen_chat_luong
công_dụng da ngâm ngâm sài đẹp hơn tổng_thống,công_dụng da ngâm ngâm sài đẹp hơn tổng_thống,khen_chat_luong
độ bền màu đáng_giá tiền hi_hi hi hu hi i,độ bền màu đáng_giá tiền hi_hi hi hu hi i,khen_chat_luong
công_dụng_son đặt hộ,công_dụng_son đặt hộ,trung_tinh
độ bền màu cũng ok,độ bền màu cũng ok,khen_chat_luong
sp tốt giao tầm tuần tại hàng qte,sp tốt giao tầm tuần tại hàng qte,khen_chat_luong
công_dụng_son lên màu khá đẹp,công_dụng_son lên màu khá đẹp,khen_chat_luong
m ng ghé qua ủng_hộ shop nha,m ng ghé qua ủng_hộ shop nha,trung_tinh
h ảnh mang tính_chất nhận xu,h ảnh mang tính_chất nhận xu,trung_tinh
_son đẹp thom mịn,_son đẹp thom mịn,khen_chat_luong
công_dụng lam dep,công_dụng lam dep,trung_tinh
độ bền màu li,độ bền màu li,khen_chat_luong
hàng đẹp lắm nha ship nhiệt_tình nữa,hàng đẹp lắm nha ship nhiệt_tình nữa,khen_chat_luong
rat a đáng tiền mua,rat a đáng tiền mua,gia_tri_gia
tốt được như_vậy thì mình nghĩ là do người ta không có thời_gian để làm gì khi mà các bác chém gió thì ai cũng biết_điều đó nên,tốt được như_vậy thì mình nghĩ là do người ta không có thời_gian để làm gì khi mà các bác chém gió thì ai cũng biết_điều đó nên,khen_chat_luong
công_dụng_son lì,công_dụng_son lì,trung_tinh
màu đẹp giao hàng nhanh đóng_gói kĩ_càng tốt mn nên mua nha hình_ảnh mang tính_chất nhận xu,màu đẹp giao hàng nhanh đóng_gói kĩ_càng tốt mn nên mua nha hình_ảnh mang tính_chất nhận xu,khen_chat_luong
một_hai ba bốn năm sáu bảy tám chín mười mười một mười_hai ba bốn năm sau,một_hai ba bốn năm sáu bảy tám chín mười mười một mười_hai ba bốn năm sau,trung_tinh
độ bền màu b t hg,độ bền màu b t hg,khen_chat_luong
công_dụng đánh môi cho xinh h,công_dụng đánh môi cho xinh h,khen_chat_luong
độ bền màu k b,độ bền màu k b,khen_chat_luong
siêu đẹp trời ơii,siêu đẹp trời ơii,khen_chat_luong
eo_son siu đẹp luôn đây mn ạ,eo_son siu đẹp luôn đây mn ạ,khen_chat_luong
chất_son mềm và có mùi thơm nhẹ,chất_son mềm và có mùi thơm nhẹ,phan_nan_chat_luong
rất đáng đồng_tiền để mua,rất đáng đồng_tiền để mua,trung_tinh
độ bền màu ko biết,độ bền màu ko biết,khen_chat_luong
độ bền màu bình_thường,độ bền màu bình_thường,khen_chat_luong
màu_son thích đóng_gói rất tốt dùng rất thích,màu_son thích đóng_gói rất tốt dùng rất thích,khen_chat_luong
_son khá ok i e lên màu ổn khô m khô môi á d g l lo o y c b m ky e x,_son khá ok i e lên màu ổn khô m khô môi á d g l lo o y c b m ky e x,khen_chat_luong
sp tốt với giá tìn thì rất ổn nhe sẽ ủng_hộ shop dài_dài,sp tốt với giá tìn thì rất ổn nhe sẽ ủng_hộ shop dài_dài,khen_chat_luong
ship rất nhiệt_tình nha_son chất_lượng lì tốt lên mua nha,ship rất nhiệt_tình nha_son chất_lượng lì tốt lên mua nha,khen_chat_luong
công_dụng màu k đẹp như hình nó hơi nghiêng hồng hồng sao ý,công_dụng màu k đẹp như hình nó hơi nghiêng hồng hồng sao ý,khen_chat_luong
chất mịn ok màng hơn t k có xe đi làm về là phải ý_kiến của mình là người lớn_tuổi hơn mình thì mình cũng_nên có cái gì cũng_nên có cái gì cũng_nên có cái gì cũng_nên có cái gì cũng chẳng phải an cuồng gì mà không biết có_khi còn bị nó lừa mình làm ra tiền mà không,chất mịn ok màng hơn t k có xe đi làm về là phải ý_kiến của mình là người lớn_tuổi hơn mình thì mình cũng_nên có cái gì cũng_nên có cái gì cũng_nên có cái gì cũng_nên có cái gì cũng chẳng phải an cuồng gì mà không biết có_khi còn bị nó lừa mình làm ra tiền mà không,khen_chat_luong
mùi thơm vỏ_son cầm sướng tay màu cũng đẹp giao hàng lâu,mùi thơm vỏ_son cầm sướng tay màu cũng đẹp giao hàng lâu,phan_nan_chat_luong
_son lì ok lắm ạ mình test trên tay mà rửa rồi nhưng vẫn còn_son nè,_son lì ok lắm ạ mình test trên tay mà rửa rồi nhưng vẫn còn_son nè,khen_chat_luong
công_dụng_son lên môi nha,công_dụng_son lên môi nha,trung_tinh
độ bền màu không lì đâu nhưng_mà đẹp,độ bền màu không lì đâu nhưng_mà đẹp,khen_chat_luong
độ bền màu ỏn,độ bền màu ỏn,khen_chat_luong
hình_ảnh mang tính nhạn xu,hình_ảnh mang tính nhạn xu,trung_tinh
độ bền màu ko lì như quảng_cáo,độ bền màu ko lì như quảng_cáo,khen_chat_luong
cho sao thôi nhé màu đẹp thì đẹp thật nhưng ko lì nha,cho sao thôi nhé màu đẹp thì đẹp thật nhưng ko lì nha,khen_chat_luong
đáng để mua nha mn,đáng để mua nha mn,trung_tinh
độ bền màu chưa dùng nên chưa bic,độ bền màu chưa dùng nên chưa bic,khen_chat_luong
công_dụng để bôi nha,công_dụng để bôi nha,trung_tinh
màu rất ưng luôn siu đẹp bao_bì cũng xinh lắm nha với giá k thì là quá rẻ so với chất_lượng rui i rcm cho mn nha a hi,màu rất ưng luôn siu đẹp bao_bì cũng xinh lắm nha với giá k thì là quá rẻ so với chất_lượng rui i rcm cho mn nha a hi,khen_chat_luong
công_dụng trang_điểm,công_dụng trang_điểm,trung_tinh
độ bền màu khá,độ bền màu khá,khen_chat_luong
hình_ảnh mang tính_chất nhận xu nhưng sản_phẩm khác tốt đáng để mua,hình_ảnh mang tính_chất nhận xu nhưng sản_phẩm khác tốt đáng để mua,khen_chat_luong
kết_cấu hơi bột,kết_cấu hơi bột,trung_tinh
độ bền màu b t,độ bền màu b t,khen_chat_luong
tui lười chụp lém,tui lười chụp lém,trung_tinh
nhưng mè màu xinh lắm nhá si d b d,nhưng mè màu xinh lắm nhá si d b d,khen_chat_luong
độ bền màu tạm ổn,độ bền màu tạm ổn,khen_chat_luong
đã mua nhiều lần của shop,đã mua nhiều lần của shop,trung_tinh
công_dụng đẹp môi,công_dụng đẹp môi,khen_chat_luong
giao hơi lâu_lâu nhưng_mà nó lại rất là sịn nha cực sịn nas,giao hơi lâu_lâu nhưng_mà nó lại rất là sịn nha cực sịn nas,phan_nan_giao_hang
độ bền màu ăn xong vẫn còn lớp base nhẹ nha nhưng màu này để lại base nâu trên môi mình,độ bền màu ăn xong vẫn còn lớp base nhẹ nha nhưng màu này để lại base nâu trên môi mình,khen_chat_luong
công_dụng đánh_son cho đời thêm tươi hi_hi hi,công_dụng đánh_son cho đời thêm tươi hi_hi hi,khen_chat_luong
đánh lên môi mướt mềm nhưng lát sau_son sẽ set lại,đánh lên môi mướt mềm nhưng lát sau_son sẽ set lại,khen_chat_luong
vỏ xinh cầm đã cái tay sẽ ủng_hộ bạn shop tiếp ạaa,vỏ xinh cầm đã cái tay sẽ ủng_hộ bạn shop tiếp ạaa,khen_chat_luong
công_dụng đẹp,công_dụng đẹp,khen_chat_luong
hơn cả mong_đợi ạ vừa rẻ vừa đẹp,hơn cả mong_đợi ạ vừa rẻ vừa đẹp,khen_chat_luong
công_dụng làm_đẹp môi,công_dụng làm_đẹp môi,khen_chat_luong
độ bền màu lì,độ bền màu lì,khen_chat_luong
hợp giá tiền,hợp giá tiền,gia_tri_gia
shipper tận_tình,shipper tận_tình,khen_giao_hang
xinh lắm luôn á tuy mình chưa thử màu nhưng shop gói hàng chắc_chắn lắm luôn giao thì hơi lâu,xinh lắm luôn á tuy mình chưa thử màu nhưng shop gói hàng chắc_chắn lắm luôn giao thì hơi lâu,phan_nan_giao_hang
kết_cấu_son,kết_cấu_son,trung_tinh
độ bền màu lâu trôi,độ bền màu lâu trôi,phan_nan_giao_hang
kết_cấu nhỏ gọn,kết_cấu nhỏ gọn,trung_tinh
công_dụng màu đẹp,công_dụng màu đẹp,khen_chat_luong
kết_cấu đẹp,kết_cấu đẹp,khen_chat_luong
giao hơi lâu_son đẹp vỏ_son cũng đẹp h d s d ve k b x,giao hơi lâu_son đẹp vỏ_son cũng đẹp h d s d ve k b x,phan_nan_giao_hang
công_dụng ok,công_dụng ok,khen_chat_luong
em bé_son thỏi này sẽ không làm nàng thất_vọng đâu nè,em bé_son thỏi này sẽ không làm nàng thất_vọng đâu nè,phan_nan_chat_luong
chất_son em bé này này mềm mịn như bơ vậy á lướt lên môi chỉ có u_mê mà thôi,chất_son em bé này này mềm mịn như bơ vậy á lướt lên môi chỉ có u_mê mà thôi,khen_chat_luong
nhà ki s s me toàn những màu siêu đẹp lại có sẵn test tại shop,nhà ki s s me toàn những màu siêu đẹp lại có sẵn test tại shop,khen_chat_luong
Chất lượng ban đầu ok,Chất lượng ban đầu ok,khen_chat_luong
"đẹp quá, mua ở ik shop, siêu dễ thương, chất lượng vượt trội, dễ thương quá","đẹp quá, mua ở ik shop, siêu dễ thương, chất lượng vượt trội, dễ thương quá",khen_chat_luong
Hàng hóa rất tốt,Hàng hóa rất tốt,khen_chat_luong
Mình đang sale nên cảm thấy hàng nhận được như thế này rất tuyệt,Mình đang sale nên cảm thấy hàng nhận được như thế này rất tuyệt,khen_chat_luong
bao bì đẹp,bao bì đẹp,khen_chat_luong
"Thật tuyệt vời, đôi dép giống hệt như hình. Hãy ủng hộ shop nhé","Thật tuyệt vời, đôi dép giống hệt như hình. Hãy ủng hộ shop nhé",khen_chat_luong
tai nghe yên tĩnh,tai nghe yên tĩnh,khen_chat_luong
bền bỉ,bền bỉ,khen_chat_luong
Chất liệu ổn,Chất liệu ổn,khen_chat_luong
vải chuẩn,vải chuẩn,khen_chat_luong
vải tốt xịn,vải tốt xịn,khen_chat_luong
nên mua vải tốt,nên mua vải tốt,khen_chat_luong
y hình vải tốt,y hình vải tốt,khen_chat_luong
chất_lượng thân_thiện ban_đầu thì ok,chất_lượng thân_thiện ban_đầu thì ok,khen_chat_luong
chất_lượng chuẩn mô tả ban_đầu thì ok,chất_lượng chuẩn mô tả ban_đầu thì ok,khen_chat_luong
ban_đầu chất_lượng thì ok,ban_đầu chất_lượng thì ok,khen_chat_luong
mua đi chất_lượng ban_đầu thì ok,mua đi chất_lượng ban_đầu thì ok,khen_chat_luong
xinh lắm mua ik siêu cut e lun em khỏi bàn cut e lắm lun,xinh lắm mua ik siêu cut e lun em khỏi bàn cut e lắm lun,khen_chat_luong
Tôi thực sự thích sản phẩm này,Tôi thực sự thích sản phẩm này,trung_tinh
Các đoạn văn chưa được ghim sẽ bị xóa sau giờ,Các đoạn văn chưa được ghim sẽ bị xóa sau giờ,trung_tinh
Chất liệu xốp hơi cứng,Chất liệu xốp hơi cứng,trung_tinh
nguyên liệu thô,nguyên liệu thô,trung_tinh
Shop gửi sai màu nhưng vẫn gửi cho shop 1 bản,Shop gửi sai màu nhưng vẫn gửi cho shop 1 bản,trung_tinh
vật liệu có sẵn,vật liệu có sẵn,trung_tinh
Chất liệu quá tốt,Chất liệu quá tốt,trung_tinh
chất liệu mát mẻ,chất liệu mát mẻ,trung_tinh
nghe rõ,nghe rõ,trung_tinh
Hàng hóa cần được kiểm tra kỹ càng trước khi đến tay người tiêu dùng,Hàng hóa cần được kiểm tra kỹ càng trước khi đến tay người tiêu dùng,trung_tinh
tôi rất là thích này sản_phẩm,tôi rất là thích này sản_phẩm,trung_tinh
rất tôi là thích sản_phẩm này,rất tôi là thích sản_phẩm này,trung_tinh
tôi rất này thích sản_phẩm là,tôi rất này thích sản_phẩm là,trung_tinh
tôi là thích sản_phẩm này,tôi là thích sản_phẩm này,trung_tinh
các đoạn đã tuyệt_vời bỏ ghim sẽ bị xoá sau giờ,các đoạn đã tuyệt_vời bỏ ghim sẽ bị xoá sau giờ,trung_tinh
các đoạn đã xoá ghim sẽ bị bỏ sau giờ,các đoạn đã xoá ghim sẽ bị bỏ sau giờ,trung_tinh
các đoạn đã chưa tới bỏ ghim sẽ bị xoá sau giờ,các đoạn đã chưa tới bỏ ghim sẽ bị xoá sau giờ,trung_tinh
các đoạn đã bỏ ghim sẽ bị chu đáo xoá sau giờ,các đoạn đã bỏ ghim sẽ bị chu đáo xoá sau giờ,trung_tinh
chất_liệu cứng hơi xốp,chất_liệu cứng hơi xốp,trung_tinh
chất_liệu gói hàng xốp hơi cứng,chất_liệu gói hàng xốp hơi cứng,trung_tinh
"Đúng mô tả, thiếu hình ảnh chuột","Đúng mô tả, thiếu hình ảnh chuột",dung_voi_mo_ta
Đúng như mô tả và hình ảnh,Đúng như mô tả và hình ảnh,dung_voi_mo_ta
"Đúng mô tả, đúng hình ảnh","Đúng mô tả, đúng hình ảnh",dung_voi_mo_ta
"Đúng mô tả, dễ bóc","Đúng mô tả, dễ bóc",dung_voi_mo_ta
Đúng với mô tả chưa,Đúng với mô tả chưa,dung_voi_mo_ta
đúng với mô tả đúng với mô tả,đúng với mô tả đúng với mô tả,dung_voi_mo_ta
"Đúng mô tả, không vấn đề gì","Đúng mô tả, không vấn đề gì",dung_voi_mo_ta
Đúng mô tả cm n l,Đúng mô tả cm n l,dung_voi_mo_ta
Đúng với mô tả,Đúng với mô tả,dung_voi_mo_ta
"Đúng mô tả, dép đúng mẫu","Đúng mô tả, dép đúng mẫu",dung_voi_mo_ta
"Đúng mô tả, không biết","Đúng mô tả, không biết",dung_voi_mo_ta
sản phẩm đúng mô tả,sản phẩm đúng mô tả,dung_voi_mo_ta
Váy rất giống trong hình,Váy rất giống trong hình,dung_voi_mo_ta
Đúng như mô tả,Đúng như mô tả,dung_voi_mo_ta
Sản phẩm giống hình nhưng tai gần như rơi ra ngoài,Sản phẩm giống hình nhưng tai gần như rơi ra ngoài,dung_voi_mo_ta
"Đúng như mô tả, chưa sale nên mình rất vui vì dép siêu đẹp","Đúng như mô tả, chưa sale nên mình rất vui vì dép siêu đẹp",dung_voi_mo_ta
"Đúng mô tả, vải rất mỏng","Đúng mô tả, vải rất mỏng",dung_voi_mo_ta
Đúng mô tả y ep p,Đúng mô tả y ep p,dung_voi_mo_ta
Đúng với mô tả chính xác,Đúng với mô tả chính xác,dung_voi_mo_ta
color_màu sắc chính xác như trong hình,color_màu sắc chính xác như trong hình,dung_voi_mo_ta
Đúng với mô tả và sản phẩm quảng cáo,Đúng với mô tả và sản phẩm quảng cáo,dung_voi_mo_ta
"Đúng như mô tả, đôi dép đã được giao","Đúng như mô tả, đôi dép đã được giao",dung_voi_mo_ta
"Đúng mô tả, eo hơi to","Đúng mô tả, eo hơi to",dung_voi_mo_ta
"Đúng mô tả, rất đúng mô tả","Đúng mô tả, rất đúng mô tả",dung_voi_mo_ta
Đúng mô tả sn,Đúng mô tả sn,dung_voi_mo_ta
đúng với mô tả r,đúng với mô tả r,dung_voi_mo_ta
"Đúng như mô tả, màu trắng gây lãng phí cho người tu nhưng lời dạy không đúng","Đúng như mô tả, màu trắng gây lãng phí cho người tu nhưng lời dạy không đúng",dung_voi_mo_ta
"Đúng mô tả, không giống ảnh chút nào","Đúng mô tả, không giống ảnh chút nào",dung_voi_mo_ta
màu sắc như hình,màu sắc như hình,dung_voi_mo_ta
"Đúng như mô tả, không như hình vì phải in hình con gấu","Đúng như mô tả, không như hình vì phải in hình con gấu",dung_voi_mo_ta
"Áo mỏng, không giống hình","Áo mỏng, không giống hình",dung_voi_mo_ta
Đúng mô tả b t hg,Đúng mô tả b t hg,dung_voi_mo_ta
Đúng mô tả d n sn s,Đúng mô tả d n sn s,dung_voi_mo_ta
"Đúng mô tả, rất giống hình ảnh","Đúng mô tả, rất giống hình ảnh",dung_voi_mo_ta
"Đúng mô tả, hơi mỏng","Đúng mô tả, hơi mỏng",dung_voi_mo_ta
"Đúng mô tả, chất lượng tốt, đáng mua","Đúng mô tả, chất lượng tốt, đáng mua",dung_voi_mo_ta
giống như hình ảnh,giống như hình ảnh,dung_voi_mo_ta
"Đúng như mô tả, không có gì khác biệt cả","Đúng như mô tả, không có gì khác biệt cả",dung_voi_mo_ta
"Đúng mô tả, không có hình gấu","Đúng mô tả, không có hình gấu",dung_voi_mo_ta
Đúng mô tả xuất sắc xuất sắc,Đúng mô tả xuất sắc xuất sắc,dung_voi_mo_ta
"Đúng như mô tả, tuyến tụy chuyển từ mờ sang mờ","Đúng như mô tả, tuyến tụy chuyển từ mờ sang mờ",dung_voi_mo_ta
Đúng như mô tả và đúng như hình ảnh,Đúng như mô tả và đúng như hình ảnh,dung_voi_mo_ta
đúng với mô tả y e s s,đúng với mô tả y e s s,dung_voi_mo_ta
"Đúng mô tả, đúng mẫu mã","Đúng mô tả, đúng mẫu mã",dung_voi_mo_ta
"Dép đúng như hình, mọi người nên mua nhé","Dép đúng như hình, mọi người nên mua nhé",dung_voi_mo_ta
Đúng mô tả vâng,Đúng mô tả vâng,dung_voi_mo_ta
color_đúng màu nhưng bị ố vàng,color_đúng màu nhưng bị ố vàng,dung_voi_mo_ta
đúng với mô tả đúng với mô tả mha,đúng với mô tả đúng với mô tả mha,dung_voi_mo_ta
"Đúng với mô tả, không hề","Đúng với mô tả, không hề",dung_voi_mo_ta
đúng với mô tả sai,đúng với mô tả sai,dung_voi_mo_ta
Màu sắc phù hợp với mô tả,Màu sắc phù hợp với mô tả,dung_voi_mo_ta
"Đúng như mô tả, không giống lắm","Đúng như mô tả, không giống lắm",dung_voi_mo_ta
"Đúng như mô tả, đôi dép trông giống hệt như hình","Đúng như mô tả, đôi dép trông giống hệt như hình",dung_voi_mo_ta
"Đúng mô tả, dép đúng màu","Đúng mô tả, dép đúng màu",dung_voi_mo_ta
"đúng như mô tả, kém 10 điểm","đúng như mô tả, kém 10 điểm",dung_voi_mo_ta
"Chính xác như mô tả, quên nó đi","Chính xác như mô tả, quên nó đi",dung_voi_mo_ta
"Tôi có tài khoản mới, có nên mua không? hh shop gửi đúng size nhưng lại gửi không đúng màu. Tôi rất buồn.","Tôi có tài khoản mới, có nên mua không? hh shop gửi đúng size nhưng lại gửi không đúng màu. Tôi rất buồn.",dung_voi_mo_ta
"Đúng mô tả, đúng màu, đúng sản phẩm","Đúng mô tả, đúng màu, đúng sản phẩm",dung_voi_mo_ta
Chính xác như mô tả và chính xác như trong hình,Chính xác như mô tả và chính xác như trong hình,dung_voi_mo_ta
Đúng mô tả very_chính xác,Đúng mô tả very_chính xác,dung_voi_mo_ta
Đúng với mô tả ui,Đúng với mô tả ui,dung_voi_mo_ta
"Chữ được khâu giống như hình, đáng tiền mua","Chữ được khâu giống như hình, đáng tiền mua",dung_voi_mo_ta
Tạm thời phù hợp với mô tả,Tạm thời phù hợp với mô tả,dung_voi_mo_ta
đúng với mô_tả thiếu hình con chuột cute,đúng với mô_tả thiếu hình con chuột cute,dung_voi_mo_ta
đúng với hỗ trợ tốt mô_tả thiếu hình con chuột,đúng với hỗ trợ tốt mô_tả thiếu hình con chuột,dung_voi_mo_ta
đúng với hình con chuột,đúng với hình con chuột,dung_voi_mo_ta
hợp_lý đúng với mô_tả thiếu hình con chuột,hợp_lý đúng với mô_tả thiếu hình con chuột,dung_voi_mo_ta
đúng với mô_tả giống rcm hình,đúng với mô_tả giống rcm hình,dung_voi_mo_ta
giống với mô_tả đúng hình,giống với mô_tả đúng hình,dung_voi_mo_ta
đúng với mô_tả mùi nồng giống hình,đúng với mô_tả mùi nồng giống hình,dung_voi_mo_ta
đúng với êm mô_tả đúng với hình,đúng với êm mô_tả đúng với hình,dung_voi_mo_ta
đúng với với hình,đúng với với hình,dung_voi_mo_ta
đúng với mô_tả giá tốt đúng với hình,đúng với mô_tả giá tốt đúng với hình,dung_voi_mo_ta
đúng với mô_tả tỉ mỉ đúng với hình,đúng với mô_tả tỉ mỉ đúng với hình,dung_voi_mo_ta
đúng đáng tiền với mô_tả dễ bị bong,đúng đáng tiền với mô_tả dễ bị bong,dung_voi_mo_ta
mô_tả với đúng dễ bị bong,mô_tả với đúng dễ bị bong,dung_voi_mo_ta
đúng với kịp thời mô_tả dễ bị bong,đúng với kịp thời mô_tả dễ bị bong,dung_voi_mo_ta
đúng với mô_tả dễ bị,đúng với mô_tả dễ bị,dung_voi_mo_ta
đúng với hỗ trợ tốt mô_tả yet,đúng với hỗ trợ tốt mô_tả yet,dung_voi_mo_ta
đúng với yet mô_tả,đúng với yet mô_tả,dung_voi_mo_ta
đúng với yet,đúng với yet,dung_voi_mo_ta
đúng dễ chịu với mô_tả yet,đúng dễ chịu với mô_tả yet,dung_voi_mo_ta
đúng với vs miêu_tả,đúng với vs miêu_tả,dung_voi_mo_ta
đúng với mô_tả đúng vs thank you miêu_tả,đúng với mô_tả đúng vs thank you miêu_tả,dung_voi_mo_ta
đúng với mô_tả hỗ trợ tốt đúng vs miêu_tả,đúng với mô_tả hỗ trợ tốt đúng vs miêu_tả,dung_voi_mo_ta
đúng với đúng mô_tả vs miêu_tả,đúng với đúng mô_tả vs miêu_tả,dung_voi_mo_ta
đúng với mô_tả ko bt nx nên mua,đúng với mô_tả ko bt nx nên mua,dung_voi_mo_ta
đúng với ko mô_tả bt nx,đúng với ko mô_tả bt nx,dung_voi_mo_ta
đúng với mô_tả bt,đúng với mô_tả bt,dung_voi_mo_ta
đúng mô_tả với ko bt nx,đúng mô_tả với ko bt nx,dung_voi_mo_ta
đúng với mô_tả đúng cm n l chán,đúng với mô_tả đúng cm n l chán,dung_voi_mo_ta
đúng với mô_tả đúng cm đáng mua n l,đúng với mô_tả đúng cm đáng mua n l,dung_voi_mo_ta
đúng với n đúng cm mô_tả l,đúng với n đúng cm mô_tả l,dung_voi_mo_ta
đúng với mô_tả đúng n,đúng với mô_tả đúng n,dung_voi_mo_ta
đúng với mô_tả gần tuyệt giống,đúng với mô_tả gần tuyệt giống,dung_voi_mo_ta
đúng mô_tả với gần giống,đúng mô_tả với gần giống,dung_voi_mo_ta
đúng với gần mô_tả giống,đúng với gần mô_tả giống,dung_voi_mo_ta
đúng với gần giống,đúng với gần giống,dung_voi_mo_ta
đúng với mô_tả dép đúng oke với mẫu,đúng với mô_tả dép đúng oke với mẫu,dung_voi_mo_ta
đúng với mô_tả đúng với mẫu,đúng với mô_tả đúng với mẫu,dung_voi_mo_ta
dép với mô_tả đúng đúng với mẫu,dép với mô_tả đúng đúng với mẫu,dung_voi_mo_ta
dép đúng với mẫu,dép đúng với mẫu,dung_voi_mo_ta
đúng mô_tả với đung s,đúng mô_tả với đung s,dung_voi_mo_ta
đúng với mô_tả đung nhẹ s,đúng với mô_tả đung nhẹ s,dung_voi_mo_ta
đung với mô_tả đúng s,đung với mô_tả đúng s,dung_voi_mo_ta
hỗ_trợ đúng với mô_tả đung s,hỗ_trợ đúng với mô_tả đung s,dung_voi_mo_ta
đúng với không mô_tả biết,đúng với không mô_tả biết,dung_voi_mo_ta
đúng không mô_tả với biết,đúng không mô_tả với biết,dung_voi_mo_ta
đúng biết mô_tả không với,đúng biết mô_tả không với,dung_voi_mo_ta
đúng với mô_tả không mịn biết,đúng với mô_tả không mịn biết,dung_voi_mo_ta
sp đúng mô_tả chắc bền,sp đúng mô_tả chắc bền,dung_voi_mo_ta
sp đúng hỗ trợ tốt mô_tả,sp đúng hỗ trợ tốt mô_tả,dung_voi_mo_ta
sp đúng mô_tả mùi nồng,sp đúng mô_tả mùi nồng,dung_voi_mo_ta
sp mô_tả đúng,sp mô_tả đúng,dung_voi_mo_ta
đúng với mô_tả đúng với hình đóng hàng nha,đúng với mô_tả đúng với hình đóng hàng nha,dung_voi_mo_ta
đúng với mô_tả đúng với hình siêu nhanh nha,đúng với mô_tả đúng với hình siêu nhanh nha,dung_voi_mo_ta
đúng với mô_tả đúng nhanh_chóng với hình nha,đúng với mô_tả đúng nhanh_chóng với hình nha,dung_voi_mo_ta
đúng với mô_tả đúng nha hình với,đúng với mô_tả đúng nha hình với,dung_voi_mo_ta
đầm giá ổn rất giống hình,đầm giá ổn rất giống hình,dung_voi_mo_ta
đóng hàng đầm rất giống hình,đóng hàng đầm rất giống hình,dung_voi_mo_ta
đầm rất giống,đầm rất giống,dung_voi_mo_ta
giúp đỡ đầm rất giống hình,giúp đỡ đầm rất giống hình,dung_voi_mo_ta
mô_tả với đúng đúng nha a,mô_tả với đúng đúng nha a,dung_voi_mo_ta
đúng với mô_tả hôi đúng nha a,đúng với mô_tả hôi đúng nha a,dung_voi_mo_ta
đúng đúng mô_tả với nha a,đúng đúng mô_tả với nha a,dung_voi_mo_ta
Mùi hương là gì? Hãy để tôi đến sau và chỉ cho bạn cách linh hoạt và sản xuất tốt hơn.,Mùi hương là gì? Hãy để tôi đến sau và chỉ cho bạn cách linh hoạt và sản xuất tốt hơn.,phan_nan_chat_luong
Vải hơi nóng nhưng giặt không ra màu và shop còn cho cả giấy thơm vào nữa,Vải hơi nóng nhưng giặt không ra màu và shop còn cho cả giấy thơm vào nữa,phan_nan_chat_luong
sản phẩm rất kém,sản phẩm rất kém,phan_nan_chat_luong
Hơi có mùi nhưng không sao,Hơi có mùi nhưng không sao,phan_nan_chat_luong
"Nhưng dép có mùi rất nặng, chắc bạn phải chải vài lần mới khử được","Nhưng dép có mùi rất nặng, chắc bạn phải chải vài lần mới khử được",phan_nan_chat_luong
"Sau khi sử dụng vài lần, tai nghe có dấu hiệu hư hỏng","Sau khi sử dụng vài lần, tai nghe có dấu hiệu hư hỏng",phan_nan_chat_luong
Túi phía dưới bị lỗi nhưng vẫn cứu được,Túi phía dưới bị lỗi nhưng vẫn cứu được,phan_nan_chat_luong
"Sản phẩm bị hư nhưng vẫn dùng tốt, cám ơn cửa hàng","Sản phẩm bị hư nhưng vẫn dùng tốt, cám ơn cửa hàng",phan_nan_chat_luong
Thực sự thì mình hơi thất vọng nhưng bù lại với mức giá thì không thể đòi hỏi nhiều,Thực sự thì mình hơi thất vọng nhưng bù lại với mức giá thì không thể đòi hỏi nhiều,phan_nan_chat_luong
Hình ảnh chỉ mang tính chất minh họa và có chất lượng kém,Hình ảnh chỉ mang tính chất minh họa và có chất lượng kém,phan_nan_chat_luong
"Đóng gói cẩn thận, sản phẩm dùng ok, không lỗi lầm, giao hàng nhanh, shipper nhiệt tình","Đóng gói cẩn thận, sản phẩm dùng ok, không lỗi lầm, giao hàng nhanh, shipper nhiệt tình",phan_nan_chat_luong
hương thơm ngọt ngào,hương thơm ngọt ngào,phan_nan_chat_luong
mùi hoang dã,mùi hoang dã,phan_nan_chat_luong
Hình như mới mua 1 tuần mà bị lỗi,Hình như mới mua 1 tuần mà bị lỗi,phan_nan_chat_luong
Hàng hóa không bị hư hỏng khi đến nơi,Hàng hóa không bị hư hỏng khi đến nơi,phan_nan_chat_luong
"Hàng đẹp, giao hàng nhanh nhưng có chút lỗi","Hàng đẹp, giao hàng nhanh nhưng có chút lỗi",phan_nan_chat_luong
Mùi nhựa không giống mẫu. Có ổn không?,Mùi nhựa không giống mẫu. Có ổn không?,phan_nan_chat_luong
Chất son mềm mịn và có mùi thơm nhẹ,Chất son mềm mịn và có mùi thơm nhẹ,phan_nan_chat_luong
mùi hương c,mùi hương c,phan_nan_chat_luong
hương thơm nhẹ nhàng,hương thơm nhẹ nhàng,phan_nan_chat_luong
Không biết khi gửi hàng cho khách shop có kiểm tra không nhưng loa kém chất lượng,Không biết khi gửi hàng cho khách shop có kiểm tra không nhưng loa kém chất lượng,phan_nan_chat_luong
kinh doanh rất tệ,kinh doanh rất tệ,phan_nan_chat_luong
Món này làm tôi thất vọng quá,Món này làm tôi thất vọng quá,phan_nan_chat_luong
Đúng với mô tả không chính xác,Đúng với mô tả không chính xác,phan_nan_chat_luong
thất vọng,thất vọng,phan_nan_chat_luong
mùi thơm,mùi thơm,phan_nan_chat_luong
Chất liệu vải hơi thất vọng nhưng với mức giá này thì ổn,Chất liệu vải hơi thất vọng nhưng với mức giá này thì ổn,phan_nan_chat_luong
Nó rất đẹp. Mỗi lần mua về là có mùi cao su nồng nặc,Nó rất đẹp. Mỗi lần mua về là có mùi cao su nồng nặc,phan_nan_chat_luong
Mùi này nhẹ nhàng,Mùi này nhẹ nhàng,phan_nan_chat_luong
"Đúng với mô tả, không đúng với mô tả","Đúng với mô tả, không đúng với mô tả",phan_nan_chat_luong
Lâu rồi mới nghe đến glade nhưng mới thử mùi sa ku ra và ly ly,Lâu rồi mới nghe đến glade nhưng mới thử mùi sa ku ra và ly ly,phan_nan_chat_luong
"_Son có mùi cam nhẹ, không nồng chút nào","_Son có mùi cam nhẹ, không nồng chút nào",phan_nan_chat_luong
Chất lượng sản phẩm không tốt. Mua bị hư hỏng,Chất lượng sản phẩm không tốt. Mua bị hư hỏng,phan_nan_chat_luong
Mong shop khắc phục được lỗi này,Mong shop khắc phục được lỗi này,phan_nan_chat_luong
Máy hút mùi tích hợp ha e le h h sa,Máy hút mùi tích hợp ha e le h h sa,phan_nan_chat_luong
"Đúng mô tả, shop giao sai màu","Đúng mô tả, shop giao sai màu",phan_nan_chat_luong
màu xấu,màu xấu,phan_nan_chat_luong
Đúng với mô tả xấu,Đúng với mô tả xấu,phan_nan_chat_luong
"Thích gì nhắn thẳng cho chị em chị, sao lại nói xấu sau lưng chị em?","Thích gì nhắn thẳng cho chị em chị, sao lại nói xấu sau lưng chị em?",phan_nan_chat_luong
"Mùi thật kinh khủng. Dép khá cứng và dễ bị đau chân khi đi trên đó nhưng giá lại rẻ nên không thể không. Nói chung là mua thì mua, không mua cũng không sao. Không có gì đặc biệt về nó. Nó không đẹp lắm.","Mùi thật kinh khủng. Dép khá cứng và dễ bị đau chân khi đi trên đó nhưng giá lại rẻ nên không thể không. Nói chung là mua thì mua, không mua cũng không sao. Không có gì đặc biệt về nó. Nó không đẹp lắm.",phan_nan_chat_luong
"Đúng mô tả, hơi mùi nhựa","Đúng mô tả, hơi mùi nhựa",phan_nan_chat_luong
Túi của tôi có vấn đề với nút bấm. Cửa hàng bảo cho mình lựa chọn nhưng mình đã sửa rồi thế thôi,Túi của tôi có vấn đề với nút bấm. Cửa hàng bảo cho mình lựa chọn nhưng mình đã sửa rồi thế thôi,phan_nan_chat_luong
Mùi hương rất nhẹ và thơm,Mùi hương rất nhẹ và thơm,phan_nan_chat_luong
Mùi cao su hơi nồng nhưng với giá tiền thì ổn,Mùi cao su hơi nồng nhưng với giá tiền thì ổn,phan_nan_chat_luong
Mùi dép mới hơi khó chịu,Mùi dép mới hơi khó chịu,phan_nan_chat_luong
mùi hương thơm quá,mùi hương thơm quá,phan_nan_chat_luong
mùi hương vừa,mùi hương vừa,phan_nan_chat_luong
mùi hương ổn đấy n,mùi hương ổn đấy n,phan_nan_chat_luong
chất lượng kém,chất lượng kém,phan_nan_chat_luong
color_giao sai màu,color_giao sai màu,phan_nan_chat_luong
Mùi hương không quá thơm nhưng chất lượng tốt. Giá thì rẻ nhưng thời gian chờ đợi hơi lâu,Mùi hương không quá thơm nhưng chất lượng tốt. Giá thì rẻ nhưng thời gian chờ đợi hơi lâu,phan_nan_chat_luong
mùi hương dễ chịu,mùi hương dễ chịu,phan_nan_chat_luong
Son_son baby này sẽ không làm các nàng thất vọng,Son_son baby này sẽ không làm các nàng thất vọng,phan_nan_chat_luong
mùi hương được rồi,mùi hương được rồi,phan_nan_chat_luong
"mùi nhẹ nhàng, giá rẻ","mùi nhẹ nhàng, giá rẻ",phan_nan_chat_luong
Hàng ban đầu bị lỗi nhưng shop rất nhiệt tình hỗ trợ mình đổi hàng mới,Hàng ban đầu bị lỗi nhưng shop rất nhiệt tình hỗ trợ mình đổi hàng mới,phan_nan_chat_luong
Tôi rất thất vọng mọi người. Tôi cố nhặt một đôi dép và họ quay lại với hai đôi đối diện,Tôi rất thất vọng mọi người. Tôi cố nhặt một đôi dép và họ quay lại với hai đôi đối diện,phan_nan_chat_luong
Mình tưởng áo dày như hình nhưng áo gửi lại mỏng hơn. Tôi nghĩ có một số bộ phận đã bị hư hỏng. Mong lần sau shop có thể tặng cho mình chiếc áo như hình nhé. Tôi rất thất vọng.,Mình tưởng áo dày như hình nhưng áo gửi lại mỏng hơn. Tôi nghĩ có một số bộ phận đã bị hư hỏng. Mong lần sau shop có thể tặng cho mình chiếc áo như hình nhé. Tôi rất thất vọng.,phan_nan_chat_luong
"Son có mùi thơm dễ chịu, màu sắc đẹp và giao hàng hơi lâu.","Son có mùi thơm dễ chịu, màu sắc đẹp và giao hàng hơi lâu.",phan_nan_chat_luong
Giao sai màu và không có cáp chuyển đổi nhưng đang giảm giá nên không sao,Giao sai màu và không có cáp chuyển đổi nhưng đang giảm giá nên không sao,phan_nan_chat_luong
_Son có mùi không thơm lắm,_Son có mùi không thơm lắm,phan_nan_chat_luong
Tuổi thọ của mùi hương được biết là phai nhạt,Tuổi thọ của mùi hương được biết là phai nhạt,phan_nan_chat_luong
Chất lượng sản phẩm có thể bị hư ở tai,Chất lượng sản phẩm có thể bị hư ở tai,phan_nan_chat_luong
Chất liệu cao su Nma có mùi nhẹ,Chất liệu cao su Nma có mùi nhẹ,phan_nan_chat_luong
Mùi hơi nhạt,Mùi hơi nhạt,phan_nan_chat_luong
"Dép rẻ, đi êm nhưng ban đầu có mùi nồng nhưng về sau sẽ bị mòn và dép hơi to nhưng với giá đó thì cũng không thể đòi hỏi nhiều.","Dép rẻ, đi êm nhưng ban đầu có mùi nồng nhưng về sau sẽ bị mòn và dép hơi to nhưng với giá đó thì cũng không thể đòi hỏi nhiều.",phan_nan_chat_luong
Mùi hơi nồng nha mọi người,Mùi hơi nồng nha mọi người,phan_nan_chat_luong
"Hàng được đóng gói cẩn thận và cẩn thận, tuy nhiên điểm trừ là hàng bị hư hỏng, cụ thể từng góc kệ bị bong tróc và không cứng cáp như trong ảnh.","Hàng được đóng gói cẩn thận và cẩn thận, tuy nhiên điểm trừ là hàng bị hư hỏng, cụ thể từng góc kệ bị bong tróc và không cứng cáp như trong ảnh.",phan_nan_chat_luong
Xin lỗi vì ảnh không liên quan nhưng sản phẩm rất đẹp so với giá tiền,Xin lỗi vì ảnh không liên quan nhưng sản phẩm rất đẹp so với giá tiền,phan_nan_chat_luong
Chất lượng sản phẩm quá tệ,Chất lượng sản phẩm quá tệ,phan_nan_chat_luong
Mình thấy mùi thơm và không nồng như nhận xét,Mình thấy mùi thơm và không nồng như nhận xét,phan_nan_chat_luong
"Giày ok, tuy hơi lỗi một chút nhưng với giá này thì ổn","Giày ok, tuy hơi lỗi một chút nhưng với giá này thì ổn",phan_nan_chat_luong
hương thơm sang trọng,hương thơm sang trọng,phan_nan_chat_luong
"Lúc mới mở ra thì mùi hơi kinh và giống mùi nhựa, nhưng một lúc sau thì hết nên không sao","Lúc mới mở ra thì mùi hơi kinh và giống mùi nhựa, nhưng một lúc sau thì hết nên không sao",phan_nan_chat_luong
Mùi hương dễ chịu tuy nhiên không giữ được lâu. Tuy nhiên với mức giá như vậy mà sở hữu được một chai như thế này thì quả là tuyệt vời.,Mùi hương dễ chịu tuy nhiên không giữ được lâu. Tuy nhiên với mức giá như vậy mà sở hữu được một chai như thế này thì quả là tuyệt vời.,phan_nan_chat_luong
"Giá ok, mùi thơm ok, mùi khá thơm. t xo di sua iu o uo xo y i dit s","Giá ok, mùi thơm ok, mùi khá thơm. t xo di sua iu o uo xo y i dit s",phan_nan_chat_luong
có mùi thơm,có mùi thơm,phan_nan_chat_luong
Lúc đặt hàng mình mặc như ROM dở nhưng người bán đóng gói cẩn thận còn tặng cả túi.,Lúc đặt hàng mình mặc như ROM dở nhưng người bán đóng gói cẩn thận còn tặng cả túi.,phan_nan_chat_luong
Chất lượng quá rẻ vì số tiền bỏ ra ít mà chiếc áo này lại không ổn chút nào. Nó mỏng và dính,Chất lượng quá rẻ vì số tiền bỏ ra ít mà chiếc áo này lại không ổn chút nào. Nó mỏng và dính,phan_nan_chat_luong
Sản phẩm của shop hơi kém so với mong muốn của khách hàng như mình,Sản phẩm của shop hơi kém so với mong muốn của khách hàng như mình,phan_nan_chat_luong
Sandal rất đẹp. Chúng hơi nhỏ. Kích thước sẽ vừa vặn đẹp mắt. Chúng có mùi hơi chát. Tôi rất hài lòng. Chất lượng là tuyệt vời.,Sandal rất đẹp. Chúng hơi nhỏ. Kích thước sẽ vừa vặn đẹp mắt. Chúng có mùi hơi chát. Tôi rất hài lòng. Chất lượng là tuyệt vời.,phan_nan_chat_luong
chất liệu xấu,chất liệu xấu,phan_nan_chat_luong
"Thất vọng, mình chọn cái có dây, nhưng cuối cùng mình thấy nó đẹp, nhưng cuối cùng mình cũng thấy nó đẹp, nhưng nó không đẹp chút nào, thất vọng.","Thất vọng, mình chọn cái có dây, nhưng cuối cùng mình thấy nó đẹp, nhưng cuối cùng mình cũng thấy nó đẹp, nhưng nó không đẹp chút nào, thất vọng.",phan_nan_chat_luong
Hương thơm vẫn chưa được nhận,Hương thơm vẫn chưa được nhận,phan_nan_chat_luong
Mùi hương bay đi nhanh như mùi cây,Mùi hương bay đi nhanh như mùi cây,phan_nan_chat_luong
mùi hương thì ra là thế_nào tớ vào sau nhá hàng bằng cách linh_hoạt và sản_xuất khỏi,mùi hương thì ra là thế_nào tớ vào sau nhá hàng bằng cách linh_hoạt và sản_xuất khỏi,phan_nan_chat_luong
mùi hương thì ra là thế_nào để tớ vào sau nhá hàng chưa tới bằng cách linh_hoạt và sản_xuất khỏi,mùi hương thì ra là thế_nào để tớ vào sau nhá hàng chưa tới bằng cách linh_hoạt và sản_xuất khỏi,phan_nan_chat_luong
nồng mùi hương thì ra là thế_nào để tớ vào sau nhá hàng bằng cách linh_hoạt và sản_xuất khỏi,nồng mùi hương thì ra là thế_nào để tớ vào sau nhá hàng bằng cách linh_hoạt và sản_xuất khỏi,phan_nan_chat_luong
linh_hoạt hương thì ra là thế_nào để tớ vào sau nhá hàng bằng cách mùi và sản_xuất khỏi,linh_hoạt hương thì ra là thế_nào để tớ vào sau nhá hàng bằng cách mùi và sản_xuất khỏi,phan_nan_chat_luong
vải hơi nóng như n đc cái giặt ko bị phai màu với cả shop còn để giấy thơm tuyệt vời vào nữa,vải hơi nóng như n đc cái giặt ko bị phai màu với cả shop còn để giấy thơm tuyệt vời vào nữa,phan_nan_chat_luong
vải hơi nóng như n đc cái giặt ko bị phai màu với cả shop còn để giấy xứng đáng thơm vào nữa,vải hơi nóng như n đc cái giặt ko bị phai màu với cả shop còn để giấy xứng đáng thơm vào nữa,phan_nan_chat_luong
vải hơi nóng như n giặt cái đc ko bị phai màu với cả shop còn để giấy thơm vào nữa,vải hơi nóng như n giặt cái đc ko bị phai màu với cả shop còn để giấy thơm vào nữa,phan_nan_chat_luong
vải màu nóng như n đc cái giặt ko bị phai hơi với cả shop còn để giấy thơm vào nữa,vải màu nóng như n đc cái giặt ko bị phai hơi với cả shop còn để giấy thơm vào nữa,phan_nan_chat_luong
kém hàng lắm,kém hàng lắm,phan_nan_chat_luong
hàng kém đóng_gói lắm,hàng kém đóng_gói lắm,phan_nan_chat_luong
hàng kém lắm chắc_chắn,hàng kém lắm chắc_chắn,phan_nan_chat_luong
lắm kém hàng,lắm kém hàng,phan_nan_chat_luong
hơi mùi không nhưng xíu sao,hơi mùi không nhưng xíu sao,phan_nan_chat_luong
hơi mùi khó chịu xíu nhưng không sao,hơi mùi khó chịu xíu nhưng không sao,phan_nan_chat_luong
chuẩn hình hơi mùi xíu nhưng không sao,chuẩn hình hơi mùi xíu nhưng không sao,phan_nan_chat_luong
hơi hôi xíu nhưng không sao,hơi hôi xíu nhưng không sao,phan_nan_chat_luong
dép có mùi nồng lắm chắc p đánh vài mới hết đc,dép có mùi nồng lắm chắc p đánh vài mới hết đc,phan_nan_chat_luong
mà vừa ý dép có mùi nồng lắm chắc p đánh vài lần mới hết đc,mà vừa ý dép có mùi nồng lắm chắc p đánh vài lần mới hết đc,phan_nan_chat_luong
mà lần có mùi nồng lắm chắc p đánh vài dép mới hết đc,mà lần có mùi nồng lắm chắc p đánh vài dép mới hết đc,phan_nan_chat_luong
mà dép có mùi nồng lắm chắc p đánh vài lần mới hết xịn đc,mà dép có mùi nồng lắm chắc p đánh vài lần mới hết xịn đc,phan_nan_chat_luong
vui vẻ lỗi,vui vẻ lỗi,phan_nan_chat_luong
hàng lỗi,hàng lỗi,phan_nan_chat_luong
tốt bụng lỗi,tốt bụng lỗi,phan_nan_chat_luong
defect,defect,phan_nan_chat_luong
sử_dụng vài lần thì hư_hỏng nghe có dấu_hiệu tai,sử_dụng vài lần thì hư_hỏng nghe có dấu_hiệu tai,phan_nan_chat_luong
sử_dụng vài đóng hàng lần thì tai nghe có dấu_hiệu hư_hỏng,sử_dụng vài đóng hàng lần thì tai nghe có dấu_hiệu hư_hỏng,phan_nan_chat_luong
sử_dụng vài chuẩn hình lần thì tai nghe có dấu_hiệu hư_hỏng,sử_dụng vài chuẩn hình lần thì tai nghe có dấu_hiệu hư_hỏng,phan_nan_chat_luong
sử_dụng hư_hỏng lần thì tai nghe có dấu_hiệu vài,sử_dụng hư_hỏng lần thì tai nghe có dấu_hiệu vài,phan_nan_chat_luong
túi ở dưới đáy bị lỗi như g vẫn còn vớt_vát lại đc chắc tí,túi ở dưới đáy bị lỗi như g vẫn còn vớt_vát lại đc chắc tí,phan_nan_chat_luong
túi ở dưới đáy bị lỗi như g vẫn còn vớt_vát hôi lại đc tí,túi ở dưới đáy bị lỗi như g vẫn còn vớt_vát hôi lại đc tí,phan_nan_chat_luong
túi ở dưới đáy bị lỗi hàng như g vẫn còn vớt_vát lại đc tí,túi ở dưới đáy bị lỗi hàng như g vẫn còn vớt_vát lại đc tí,phan_nan_chat_luong
túi ở dưới đáy bị lỗi như g vẫn còn vớt_vát lại đc khuyến nghị tí,túi ở dưới đáy bị lỗi như g vẫn còn vớt_vát lại đc khuyến nghị tí,phan_nan_chat_luong
hàng bị hỏng vỡ nhưng vẫn nghe oki cảm_ơn shop,hàng bị hỏng vỡ nhưng vẫn nghe oki cảm_ơn shop,phan_nan_chat_luong
hàng bị hỏng vỡ nhưng vẫn dc oki cảm_ơn shop nha,hàng bị hỏng vỡ nhưng vẫn dc oki cảm_ơn shop nha,phan_nan_chat_luong
hàng bị hỏng nhưng vẫn nghe dc oki cảm_ơn shop nha,hàng bị hỏng nhưng vẫn nghe dc oki cảm_ơn shop nha,phan_nan_chat_luong
hàng bị hỏng vỡ nhưng dc oki cảm_ơn shop,hàng bị hỏng vỡ nhưng dc oki cảm_ơn shop,phan_nan_chat_luong
thật_sự thấy hơi thất_vọng chút nhưng tuyệt vời bù lại giá vậy cx k đòi_hỏi đc nhiều,thật_sự thấy hơi thất_vọng chút nhưng tuyệt vời bù lại giá vậy cx k đòi_hỏi đc nhiều,phan_nan_chat_luong
thật_sự thấy hơi thất_vọng chút nhưng bù lại thanks giá vậy cx k đòi_hỏi đc nhiều,thật_sự thấy hơi thất_vọng chút nhưng bù lại thanks giá vậy cx k đòi_hỏi đc nhiều,phan_nan_chat_luong
thật_sự thấy hơi thất_vọng chút nhưng bù lại k vậy cx giá đòi_hỏi đc nhiều,thật_sự thấy hơi thất_vọng chút nhưng bù lại k vậy cx giá đòi_hỏi đc nhiều,phan_nan_chat_luong
thấy hơi thất_vọng chút bù lại giá vậy đòi_hỏi nhiều,thấy hơi thất_vọng chút bù lại giá vậy đòi_hỏi nhiều,phan_nan_chat_luong
hình_ảnh chỉ tính_chất minh_hoạ chứ kém chất_lượng nha,hình_ảnh chỉ tính_chất minh_hoạ chứ kém chất_lượng nha,phan_nan_chat_luong
hình_ảnh chỉ mang tính_chất kém thoi chứ minh_hoạ chất_lượng nha,hình_ảnh chỉ mang tính_chất kém thoi chứ minh_hoạ chất_lượng nha,phan_nan_chat_luong
hình_ảnh chỉ mang tính_chất minh_hoạ kém chứ thoi chất_lượng nha,hình_ảnh chỉ mang tính_chất minh_hoạ kém chứ thoi chất_lượng nha,phan_nan_chat_luong
hình_ảnh chứ mang tính_chất minh_hoạ thoi chỉ kém chất_lượng nha,hình_ảnh chứ mang tính_chất minh_hoạ thoi chỉ kém chất_lượng nha,phan_nan_chat_luong
muộn gói hàng cẩn_thận sản_phẩm dùng ok k b lỗi giao hàng nhanh shipper nhiệt_tình,muộn gói hàng cẩn_thận sản_phẩm dùng ok k b lỗi giao hàng nhanh shipper nhiệt_tình,phan_nan_chat_luong
gói hàng cẩn_thận sản_phẩm dùng ok k b lỗi giao hàng nhanh shipper bao bì nhiệt_tình,gói hàng cẩn_thận sản_phẩm dùng ok k b lỗi giao hàng nhanh shipper bao bì nhiệt_tình,phan_nan_chat_luong
gói hàng cẩn_thận sản_phẩm dùng ok k b hỏng giao hàng nhanh shipper nhiệt_tình,gói hàng cẩn_thận sản_phẩm dùng ok k b hỏng giao hàng nhanh shipper nhiệt_tình,phan_nan_chat_luong
gói hàng cẩn_thận sản_phẩm dùng ok k b hàng lỗi giao hàng nhanh shipper nhiệt_tình,gói hàng cẩn_thận sản_phẩm dùng ok k b hàng lỗi giao hàng nhanh shipper nhiệt_tình,phan_nan_chat_luong
hương mùi thơm ngọt,hương mùi thơm ngọt,phan_nan_chat_luong
mùi chu đáo hương thơm ngọt,mùi chu đáo hương thơm ngọt,phan_nan_chat_luong
hương thơm ngọt,hương thơm ngọt,phan_nan_chat_luong
mùi hương chưa tới thơm ngọt,mùi hương chưa tới thơm ngọt,phan_nan_chat_luong
mùi hôi xinh dã,mùi hôi xinh dã,phan_nan_chat_luong
dã hôi mùi,dã hôi mùi,phan_nan_chat_luong
mùi hôi dã ưng,mùi hôi dã ưng,phan_nan_chat_luong
mùi nồng hôi dã,mùi nồng hôi dã,phan_nan_chat_luong
như mới mua tuần đã bị defect,như mới mua tuần đã bị defect,phan_nan_chat_luong
như mới lỗi hàng mua tuần đã bị lỗi,như mới lỗi hàng mua tuần đã bị lỗi,phan_nan_chat_luong
như mới mùi khó chịu mua tuần đã bị lỗi,như mới mùi khó chịu mua tuần đã bị lỗi,phan_nan_chat_luong
bị mới mua tuần đã như lỗi,bị mới mua tuần đã như lỗi,phan_nan_chat_luong
ko bị hỏng ngon hàng khi đến tay,ko bị hỏng ngon hàng khi đến tay,phan_nan_chat_luong
ko khi đến tay,ko khi đến tay,phan_nan_chat_luong
ko bị hỏng hàng đến tay,ko bị hỏng hàng đến tay,phan_nan_chat_luong
ko hỏng hàng khi đến,ko hỏng hàng khi đến,phan_nan_chat_luong
đẹp đi vừa chân giao hàng nhanh nhưng hơi rcm lỗi,đẹp đi vừa chân giao hàng nhanh nhưng hơi rcm lỗi,phan_nan_chat_luong
đẹp hàng vừa chân giao đi nhanh nhưng hơi lỗi,đẹp hàng vừa chân giao đi nhanh nhưng hơi lỗi,phan_nan_chat_luong
đẹp đi chân hàng nhanh nhưng hơi lỗi,đẹp đi chân hàng nhanh nhưng hơi lỗi,phan_nan_chat_luong
đi vừa chân giao hàng nhanh nhưng hơi lỗi,đi vừa chân giao hàng nhanh nhưng hơi lỗi,phan_nan_chat_luong
cs nhựa k mẫu nh săn đc k ok,cs nhựa k mẫu nh săn đc k ok,phan_nan_chat_luong
cs mùi nhựa k giống k nh săn đc mẫu quá ok,cs mùi nhựa k giống k nh săn đc mẫu quá ok,phan_nan_chat_luong
lỗi hàng cs mùi nhựa k giống mẫu nh săn đc k quá ok,lỗi hàng cs mùi nhựa k giống mẫu nh săn đc k quá ok,phan_nan_chat_luong
cs mùi mẫu k giống nhựa nh săn đc k quá ok,cs mùi mẫu k giống nhựa nh săn đc k quá ok,phan_nan_chat_luong
mềm và có mùi nhẹ,mềm và có mùi nhẹ,phan_nan_chat_luong
chất_son mềm và có nồng mùi thơm nhẹ,chất_son mềm và có nồng mùi thơm nhẹ,phan_nan_chat_luong
chất_son mềm và có mùi thơm đúng_mô_tả nhẹ,chất_son mềm và có mùi thơm đúng_mô_tả nhẹ,phan_nan_chat_luong
chất_son mịn và có mùi thơm nhẹ,chất_son mịn và có mùi thơm nhẹ,phan_nan_chat_luong
mùi c đ hương,mùi c đ hương,phan_nan_chat_luong
mùi ưng hương đ c,mùi ưng hương đ c,phan_nan_chat_luong
mùi nồng hương đ c,mùi nồng hương đ c,phan_nan_chat_luong
mùi hương cảm ơn shop đ c,mùi hương cảm ơn shop đ c,phan_nan_chat_luong
mùi khó chịu hương nhẹ_nhàng,mùi khó chịu hương nhẹ_nhàng,phan_nan_chat_luong
nồng mùi hương nhẹ_nhàng,nồng mùi hương nhẹ_nhàng,phan_nan_chat_luong
hôi hương nhẹ_nhàng,hôi hương nhẹ_nhàng,phan_nan_chat_luong
hương mùi nhẹ_nhàng,hương mùi nhẹ_nhàng,phan_nan_chat_luong
"Sản phẩm khá đúng, vải không quá dày, giao hàng nhanh, khoảng 1 ngày sau là mình tìm thấy và không cần phải có chai riêng để giữ.","Sản phẩm khá đúng, vải không quá dày, giao hàng nhanh, khoảng 1 ngày sau là mình tìm thấy và không cần phải có chai riêng để giữ.",khen_giao_hang
người giao hàng dễ thương,người giao hàng dễ thương,khen_giao_hang
Hàng giao được đóng gói cẩn thận,Hàng giao được đóng gói cẩn thận,khen_giao_hang
Vận chuyển siêu nhanh và nhân viên phản hồi rất nhiệt tình,Vận chuyển siêu nhanh và nhân viên phản hồi rất nhiệt tình,khen_giao_hang
giao hàng siêu nhanh hi_hi,giao hàng siêu nhanh hi_hi,khen_giao_hang
Shop giao hàng nhanh chóng,Shop giao hàng nhanh chóng,khen_giao_hang
"Giao hàng nhanh, đóng gói cẩn thận, sẽ tiếp tục ủng hộ shop","Giao hàng nhanh, đóng gói cẩn thận, sẽ tiếp tục ủng hộ shop",khen_giao_hang
tàu thân thiện,tàu thân thiện,khen_giao_hang
người gửi hàng chuyên dụng,người gửi hàng chuyên dụng,khen_giao_hang
Nhân viên giao hàng rất nhiệt tình và hữu ích,Nhân viên giao hàng rất nhiệt tình và hữu ích,khen_giao_hang
"Giao hàng nhanh, đóng gói cẩn thận, giá hợp lý, mọi người nên mua hàng của shop nhé","Giao hàng nhanh, đóng gói cẩn thận, giá hợp lý, mọi người nên mua hàng của shop nhé",khen_giao_hang
Shop đóng gói cẩn thận,Shop đóng gói cẩn thận,khen_giao_hang
Shop đóng gói sản phẩm rất cẩn thận,Shop đóng gói sản phẩm rất cẩn thận,khen_giao_hang
nhanh,nhanh,khen_giao_hang
Shipper hơi chán,Shipper hơi chán,khen_giao_hang
"Giao hàng rất nhanh, đặt hôm qua mà hôm nay đã nhận được","Giao hàng rất nhanh, đặt hôm qua mà hôm nay đã nhận được",khen_giao_hang
dot lun ah ship pe d tại sao nek,dot lun ah ship pe d tại sao nek,khen_giao_hang
Mình bảo bạn đánh giá trước rồi mới gửi cho mình nhưng đợi hơn 1 ngày vẫn chưa thấy dấu hiệu giao hàng,Mình bảo bạn đánh giá trước rồi mới gửi cho mình nhưng đợi hơn 1 ngày vẫn chưa thấy dấu hiệu giao hàng,khen_giao_hang
Giao hàng nhanh chóng và đúng như yêu cầu,Giao hàng nhanh chóng và đúng như yêu cầu,khen_giao_hang
Trả lời tin nhắn rất nhanh,Trả lời tin nhắn rất nhanh,khen_giao_hang
Giá cả hợp lý sẽ tiếp tục ủng hộ shop giao hàng nhanh,Giá cả hợp lý sẽ tiếp tục ủng hộ shop giao hàng nhanh,khen_giao_hang
Shop giao hàng rất nhanh nhé mọi người,Shop giao hàng rất nhanh nhé mọi người,khen_giao_hang
Đóng gói rất cẩn thận,Đóng gói rất cẩn thận,khen_giao_hang
Shop de l l giao hàng,Shop de l l giao hàng,khen_giao_hang
Điểm cho shop vì giao hàng nhanh,Điểm cho shop vì giao hàng nhanh,khen_giao_hang
người giao hàng thân thiện,người giao hàng thân thiện,khen_giao_hang
Thực phẩm chức năng sập giá nhanh tay mọi người nhé,Thực phẩm chức năng sập giá nhanh tay mọi người nhé,khen_giao_hang
thời gian giao hàng nhanh,thời gian giao hàng nhanh,khen_giao_hang
đại khái đóng gói,đại khái đóng gói,khen_giao_hang
Shop giao hàng nhanh đúng mẫu mã,Shop giao hàng nhanh đúng mẫu mã,khen_giao_hang
Shop đóng gói sản phẩm cẩn thận nên hộp không bị bể hay móp,Shop đóng gói sản phẩm cẩn thận nên hộp không bị bể hay móp,khen_giao_hang
"Kệ đẹp, dễ lắp đặt, giao hàng nhanh, nhưng bị trầy xước nhiều","Kệ đẹp, dễ lắp đặt, giao hàng nhanh, nhưng bị trầy xước nhiều",khen_giao_hang
Mình rất thích cách đóng gói của shop,Mình rất thích cách đóng gói của shop,khen_giao_hang
Săn được sản phẩm đầu tiên nghìn đô mà ship hàng nghìn đô nên rất hài lòng,Săn được sản phẩm đầu tiên nghìn đô mà ship hàng nghìn đô nên rất hài lòng,khen_giao_hang
đóng gói kém,đóng gói kém,khen_giao_hang
"Vải hơi mỏng, giao hàng nhanh, in đẹp","Vải hơi mỏng, giao hàng nhanh, in đẹp",khen_giao_hang
người giao hàng,người giao hàng,khen_giao_hang
"Dép đế bệt giá rẻ đáng mua, giao hàng nhanh","Dép đế bệt giá rẻ đáng mua, giao hàng nhanh",khen_giao_hang
"Tính năng nổi bật Mình bất ngờ bước vào quán cầm chiếc loa lên rồi hớp một ngụm, tưởng là trêu mà hóa ra lại là loa thật","Tính năng nổi bật Mình bất ngờ bước vào quán cầm chiếc loa lên rồi hớp một ngụm, tưởng là trêu mà hóa ra lại là loa thật",khen_giao_hang
Giá trị rất tốt cho tiền. Giao hàng khá nhanh,Giá trị rất tốt cho tiền. Giao hàng khá nhanh,khen_giao_hang
"Pin nhanh hết, nhỏ và chói tai","Pin nhanh hết, nhỏ và chói tai",khen_giao_hang
"Giao hàng nhanh, giá rẻ, mỗi lần mất nắp ở shop, phục vụ nhiệt tình","Giao hàng nhanh, giá rẻ, mỗi lần mất nắp ở shop, phục vụ nhiệt tình",khen_giao_hang
tàu e r vv thân thiện,tàu e r vv thân thiện,khen_giao_hang
Có vẻ như pin hết hơi nhanh,Có vẻ như pin hết hơi nhanh,khen_giao_hang
Chất liệu sản phẩm giống như hình và giao hàng nhanh chóng,Chất liệu sản phẩm giống như hình và giao hàng nhanh chóng,khen_giao_hang
Giao sản phẩm rất nhanh,Giao sản phẩm rất nhanh,khen_giao_hang
tàu e giao hàng nhanh,tàu e giao hàng nhanh,khen_giao_hang
Giao hàng tận nơi seal xe máy và phụ tùng máy may mini,Giao hàng tận nơi seal xe máy và phụ tùng máy may mini,khen_giao_hang
một người giao hàng dth vc,một người giao hàng dth vc,khen_giao_hang
Shop đóng gói cẩn thận nữa,Shop đóng gói cẩn thận nữa,khen_giao_hang
Áo chất liệu dày dặn giao hàng nhanh mọi người nên mua nhé,Áo chất liệu dày dặn giao hàng nhanh mọi người nên mua nhé,khen_giao_hang
"Sản phẩm như mô tả, giao hàng nhanh, đúng số lượng, nên dùng thử","Sản phẩm như mô tả, giao hàng nhanh, đúng số lượng, nên dùng thử",khen_giao_hang
Vận chuyển thực sự nhanh chóng,Vận chuyển thực sự nhanh chóng,khen_giao_hang
Giao hàng nhanh nhưng sai đơn hàng,Giao hàng nhanh nhưng sai đơn hàng,khen_giao_hang
Vận chuyển nhanh,Vận chuyển nhanh,khen_giao_hang
Đặt một chiếc sie và cửa hàng sẽ gửi một đôi cực kỳ lớn,Đặt một chiếc sie và cửa hàng sẽ gửi một đôi cực kỳ lớn,khen_giao_hang
Áo giao nhanh nhưng logo bị dán sau lưng áo,Áo giao nhanh nhưng logo bị dán sau lưng áo,khen_giao_hang
Hàng hóa đến rất nhanh. Hàng hóa đã được bán. Đã đặt hàng ngày hôm qua. Hôm nay hàng đã về tay,Hàng hóa đến rất nhanh. Hàng hóa đã được bán. Đã đặt hàng ngày hôm qua. Hôm nay hàng đã về tay,khen_giao_hang
Shop chú ý khâu đóng gói,Shop chú ý khâu đóng gói,khen_giao_hang
"Cửa hàng uy tín giao hàng nhanh, sản phẩm âm thanh tốt, giá cả hợp lý","Cửa hàng uy tín giao hàng nhanh, sản phẩm âm thanh tốt, giá cả hợp lý",khen_giao_hang
Shop giao hàng siêu nhanh,Shop giao hàng siêu nhanh,khen_giao_hang
"Shop giao hàng nhanh, tư vấn nhiệt tình","Shop giao hàng nhanh, tư vấn nhiệt tình",khen_giao_hang
Giao hàng đóng gói cẩn thận,Giao hàng đóng gói cẩn thận,khen_giao_hang
Ngày giao hàng nhanh,Ngày giao hàng nhanh,khen_giao_hang
tàu nhanh,tàu nhanh,khen_giao_hang
Người vận chuyển rất vui tính. kkk,Người vận chuyển rất vui tính. kkk,khen_giao_hang
"dễ bẩn nhanh, ọp ẹp, hơi to","dễ bẩn nhanh, ọp ẹp, hơi to",khen_giao_hang
đường cong toàn bộ con tàu là,đường cong toàn bộ con tàu là,khen_giao_hang
"Giao hàng thân thiện, sản phẩm tuyệt vời","Giao hàng thân thiện, sản phẩm tuyệt vời",khen_giao_hang
"Giao hàng nhanh, áo không mỏng cũng không dày. Nói chung là ổn","Giao hàng nhanh, áo không mỏng cũng không dày. Nói chung là ổn",khen_giao_hang
"Người vận chuyển rất thân thiện, tôi rất thích","Người vận chuyển rất thân thiện, tôi rất thích",khen_giao_hang
"Shop nhiệt tình, giao hàng nhanh và hỗ trợ đổi trả nhanh nên mn mua nhé","Shop nhiệt tình, giao hàng nhanh và hỗ trợ đổi trả nhanh nên mn mua nhé",khen_giao_hang
Người vận chuyển rất thân thiện,Người vận chuyển rất thân thiện,khen_giao_hang
Người vận chuyển rất ngầu,Người vận chuyển rất ngầu,khen_giao_hang
Shop phản hồi cũng rất nhanh,Shop phản hồi cũng rất nhanh,khen_giao_hang
"Vì rẻ nên không dám mong nhiều cửa hàng giao hàng hỏng, hơi chán","Vì rẻ nên không dám mong nhiều cửa hàng giao hàng hỏng, hơi chán",khen_giao_hang
"Giao hàng nhanh, thân thiện, shipper dễ thương, nói chung khá hài lòng, sản phẩm như hình","Giao hàng nhanh, thân thiện, shipper dễ thương, nói chung khá hài lòng, sản phẩm như hình",khen_giao_hang
Để giao hàng thì mình ở HCM. Đặt hàng từ đây và nó sẽ được giao,Để giao hàng thì mình ở HCM. Đặt hàng từ đây và nó sẽ được giao,khen_giao_hang
Tưởng mình chưa mua nên shop không giao nhưng giao hàng nhanh,Tưởng mình chưa mua nên shop không giao nhưng giao hàng nhanh,khen_giao_hang
Đóng gói cẩn thận,Đóng gói cẩn thận,khen_giao_hang
"giày đẹp cho trẻ em mọi lứa tuổi, giày king's sẽ được giao tận nơi, cùng một sản phẩm","giày đẹp cho trẻ em mọi lứa tuổi, giày king's sẽ được giao tận nơi, cùng một sản phẩm",khen_giao_hang
"Đã nhận được hàng rất nhanh, vừa nhận được hàng trong vòng một ngày","Đã nhận được hàng rất nhanh, vừa nhận được hàng trong vòng một ngày",khen_giao_hang
Không gửi hàng giả,Không gửi hàng giả,khen_giao_hang
Shiper nhiệt tình,Shiper nhiệt tình,khen_giao_hang
Mình không ở nhà shipper nên ở ngoài hiên,Mình không ở nhà shipper nên ở ngoài hiên,khen_giao_hang
Giao hàng nhanh thân thiện,Giao hàng nhanh thân thiện,khen_giao_hang
"Đúng như mô tả, giao hàng nhanh, người giao hàng thân thiện","Đúng như mô tả, giao hàng nhanh, người giao hàng thân thiện",khen_giao_hang
giao hang nhanh ok,giao hang nhanh ok,khen_giao_hang
giao vừa ý hang nhanh,giao vừa ý hang nhanh,khen_giao_hang
giao hang lẹ,giao hang lẹ,khen_giao_hang
giao hang siêu nhanh,giao hang siêu nhanh,khen_giao_hang
hàng khá đúng chất vải ko quá dày giao nhanh tầm có vs số tìn ra cũng ko đòi_hỏi phải có một cái thui_thủi một_mình để bên cạnh,hàng khá đúng chất vải ko quá dày giao nhanh tầm có vs số tìn ra cũng ko đòi_hỏi phải có một cái thui_thủi một_mình để bên cạnh,khen_giao_hang
hàng khá đúng chất vải ko quá dày giao hàng siêu nhanh tầm ngày là có vs số tìn ra cũng ko đòi_hỏi phải có một cái thui_thủi một_mình để bên cạnh,hàng khá đúng chất vải ko quá dày giao hàng siêu nhanh tầm ngày là có vs số tìn ra cũng ko đòi_hỏi phải có một cái thui_thủi một_mình để bên cạnh,khen_giao_hang
hàng khá đúng chất vải ko quá dày giao hàng đúng hẹn tầm ngày là có vs số tìn ra cũng ko đòi_hỏi phải có một cái thui_thủi một_mình để bên cạnh,hàng khá đúng chất vải ko quá dày giao hàng đúng hẹn tầm ngày là có vs số tìn ra cũng ko đòi_hỏi phải có một cái thui_thủi một_mình để bên cạnh,khen_giao_hang
hàng khá đúng chất vải ko quá dày giao hàng nhanh tầm ngày là có vs số tìn ra cảm_ơn cũng ko đòi_hỏi phải có một cái thui_thủi một_mình để bên cạnh,hàng khá đúng chất vải ko quá dày giao hàng nhanh tầm ngày là có vs số tìn ra cảm_ơn cũng ko đòi_hỏi phải có một cái thui_thủi một_mình để bên cạnh,khen_giao_hang
anh shipper dễ_thương chuẩn hình,anh shipper dễ_thương chuẩn hình,khen_giao_hang
anh shipper dễ_thương thất vọng,anh shipper dễ_thương thất vọng,khen_giao_hang
anh hỗ trợ tốt shipper dễ_thương,anh hỗ trợ tốt shipper dễ_thương,khen_giao_hang
anh shipper đúng_mô_tả dễ_thương,anh shipper đúng_mô_tả dễ_thương,khen_giao_hang
phần giao hàng gói kỹ chu đáo ạ,phần giao hàng gói kỹ chu đáo ạ,khen_giao_hang
phần giao hàng kỹ ạ,phần giao hàng kỹ ạ,khen_giao_hang
chu đáo phần giao hàng gói kỹ ạ,chu đáo phần giao hàng gói kỹ ạ,khen_giao_hang
phần giao hàng gói kỹ chất ạ,phần giao hàng gói kỹ chất ạ,khen_giao_hang
ship siêu nhanh rất nhân_viên rep nt và nhiệt_tình,ship siêu nhanh rất nhân_viên rep nt và nhiệt_tình,khen_giao_hang
ship siêu lẹ và nhân_viên rep nt rất nhiệt_tình,ship siêu lẹ và nhân_viên rep nt rất nhiệt_tình,khen_giao_hang
ship siêu nhanh_chóng và nhân_viên rep nt rất nhiệt_tình,ship siêu nhanh_chóng và nhân_viên rep nt rất nhiệt_tình,khen_giao_hang
ship siêu nhanh và nt rep nhân_viên rất nhiệt_tình,ship siêu nhanh và nt rep nhân_viên rất nhiệt_tình,khen_giao_hang
hàng giao siêu nhanh_chóng hi_hi,hàng giao siêu nhanh_chóng hi_hi,khen_giao_hang
hàng siêu giao nhanh hi_hi,hàng siêu giao nhanh hi_hi,khen_giao_hang
hàng giao siêu đáng mua nhanh hi_hi,hàng giao siêu đáng mua nhanh hi_hi,khen_giao_hang
hàng giao siêu rcm nhanh hi_hi,hàng giao siêu rcm nhanh hi_hi,khen_giao_hang
shop nhanh,shop nhanh,khen_giao_hang
shop ship hàng nhanh đúng_mô_tả,shop ship hàng nhanh đúng_mô_tả,khen_giao_hang
êm shop ship hàng nhanh,êm shop ship hàng nhanh,khen_giao_hang
shop ship nhanh hàng,shop ship nhanh hàng,khen_giao_hang
hàng nhanh đóng_gói cẩn_thận sẽ ủng_hộ shop tiếp ạ,hàng nhanh đóng_gói cẩn_thận sẽ ủng_hộ shop tiếp ạ,khen_giao_hang
giáo hàng kịp thời đóng_gói cẩn_thận sẽ ủng_hộ shop tiếp ạ,giáo hàng kịp thời đóng_gói cẩn_thận sẽ ủng_hộ shop tiếp ạ,khen_giao_hang
giáo hàng nhanh đóng_gói cẩn_thận tiếp ủng_hộ shop sẽ ạ,giáo hàng nhanh đóng_gói cẩn_thận tiếp ủng_hộ shop sẽ ạ,khen_giao_hang
giáo hàng nhanh đóng_gói cẩn_thận sẽ ủng_hộ shop tiếp phải chăng ạ,giáo hàng nhanh đóng_gói cẩn_thận sẽ ủng_hộ shop tiếp phải chăng ạ,khen_giao_hang
ship e r,ship e r,khen_giao_hang
xịn ship e r thân_thiện,xịn ship e r thân_thiện,khen_giao_hang
ship e r xịn thân_thiện,ship e r xịn thân_thiện,khen_giao_hang
ship e r thân_thiện nhiệt_tình,ship e r thân_thiện nhiệt_tình,khen_giao_hang
đúng hẹn shipper tận_tình,đúng hẹn shipper tận_tình,khen_giao_hang
cẩn_thận shipper tận_tình,cẩn_thận shipper tận_tình,khen_giao_hang
shipper hỏng tận_tình,shipper hỏng tận_tình,khen_giao_hang
đúng_mô_tả shipper tận_tình,đúng_mô_tả shipper tận_tình,khen_giao_hang
nhân_viên giao hàng dt nhiệt_tình và rất hg,nhân_viên giao hàng dt nhiệt_tình và rất hg,khen_giao_hang
nhân_viên giao hg rất nhiệt_tình và dt hàng,nhân_viên giao hg rất nhiệt_tình và dt hàng,khen_giao_hang
nhân_viên giao hàng rất nhiệt_tình và dt hg mua đi,nhân_viên giao hàng rất nhiệt_tình và dt hg mua đi,khen_giao_hang
nhân_viên rất hàng giao nhiệt_tình và dt hg,nhân_viên rất hàng giao nhiệt_tình và dt hg,khen_giao_hang
giao hàng nhanh đóng_gói kh hợp_lý giá_cả sơ_sài mọi ng nên mua để uh shop ạ,giao hàng nhanh đóng_gói kh hợp_lý giá_cả sơ_sài mọi ng nên mua để uh shop ạ,khen_giao_hang
giao shop nhanh đóng_gói kh sơ_sài giá_cả hợp_lý mọi ng nên mua để uh hàng ạ,giao shop nhanh đóng_gói kh sơ_sài giá_cả hợp_lý mọi ng nên mua để uh hàng ạ,khen_giao_hang
giao hàng nhanh kh sơ_sài hợp_lý ng nên mua để uh,giao hàng nhanh kh sơ_sài hợp_lý ng nên mua để uh,khen_giao_hang
giao hàng nhanh đóng_gói kh hàng lỗi sơ_sài giá_cả hợp_lý mọi ng nên mua để uh shop ạ,giao hàng nhanh đóng_gói kh hàng lỗi sơ_sài giá_cả hợp_lý mọi ng nên mua để uh shop ạ,khen_giao_hang
cẩn_thận đóng_gói shop,cẩn_thận đóng_gói shop,khen_giao_hang
shop cẩn_thận đóng_gói,shop cẩn_thận đóng_gói,khen_giao_hang
shop ạ sản_phẩm cẩn_thận lắm đóng_gói,shop ạ sản_phẩm cẩn_thận lắm đóng_gói,khen_giao_hang
shop đóng_gói sản_phẩm cẩn_thận lắm,shop đóng_gói sản_phẩm cẩn_thận lắm,khen_giao_hang
shop sản_phẩm cẩn_thận,shop sản_phẩm cẩn_thận,khen_giao_hang
shop chuẩn đóng_gói sản_phẩm cẩn_thận lắm ạ,shop chuẩn đóng_gói sản_phẩm cẩn_thận lắm ạ,khen_giao_hang
nhanh gọn lâu,nhanh gọn lâu,khen_giao_hang
tuyệt nhanh gọn,tuyệt nhanh gọn,khen_giao_hang
không đạt nhanh gọn,không đạt nhanh gọn,khen_giao_hang
defect nhanh gọn,defect nhanh gọn,khen_giao_hang
chiu hơi shipper,chiu hơi shipper,khen_giao_hang
hơi shipper chiu,hơi shipper chiu,khen_giao_hang
shipper chiu hơi,shipper chiu hơi,khen_giao_hang
giao hành rất nhanh hôm_qua đặt hôm_nay có đã luôn rồi,giao hành rất nhanh hôm_qua đặt hôm_nay có đã luôn rồi,khen_giao_hang
giao hành rất siêu nhanh hôm_qua đặt hôm_nay đã có luôn rồi,giao hành rất siêu nhanh hôm_qua đặt hôm_nay đã có luôn rồi,khen_giao_hang
giao hành rất nhanh đặt hôm_nay đã luôn rồi,giao hành rất nhanh đặt hôm_nay đã luôn rồi,khen_giao_hang
giao hành rất nhanh_chóng hôm_qua đặt hôm_nay đã có luôn rồi,giao hành rất nhanh_chóng hôm_qua đặt hôm_nay đã có luôn rồi,khen_giao_hang
chấm lun sao ship pe d ah nek,chấm lun sao ship pe d ah nek,khen_giao_hang
chấm lun chắc ah ship pe d sao nek,chấm lun chắc ah ship pe d sao nek,khen_giao_hang
chấm lun ah ship nek d sao pe,chấm lun ah ship nek d sao pe,khen_giao_hang
chấm lun ah ship tuyệt vời pe d sao nek,chấm lun ah ship tuyệt vời pe d sao nek,khen_giao_hang
bảo đánh_giá trước đi chu đáo rồi ship cho mà đợi hơn ngày vẫn chưa có dấu hiện giao,bảo đánh_giá trước đi chu đáo rồi ship cho mà đợi hơn ngày vẫn chưa có dấu hiện giao,khen_giao_hang
bảo đánh_giá trước đi rồi cho mà đợi hơn ngày chưa có dấu giao,bảo đánh_giá trước đi rồi cho mà đợi hơn ngày chưa có dấu giao,khen_giao_hang
bảo đánh_giá trước chưa rồi ship cho mà đợi hơn ngày vẫn đi có dấu hiện giao,bảo đánh_giá trước chưa rồi ship cho mà đợi hơn ngày vẫn đi có dấu hiện giao,khen_giao_hang
bảo đánh_giá trước đi rồi ship cho mà hơn đợi ngày vẫn chưa có dấu hiện giao,bảo đánh_giá trước đi rồi ship cho mà hơn đợi ngày vẫn chưa có dấu hiện giao,khen_giao_hang
giao nhanh_chóng và đúng vs mẫu mk đặt,giao nhanh_chóng và đúng vs mẫu mk đặt,khen_giao_hang
giao nhanh và vs đúng mẫu mk đặt,giao nhanh và vs đúng mẫu mk đặt,khen_giao_hang
giao nhanh và vs mẫu,giao nhanh và vs mẫu,khen_giao_hang
giao đúng hẹn và đúng vs mẫu mk đặt,giao đúng hẹn và đúng vs mẫu mk đặt,khen_giao_hang
trả_lời tin nhắn rất nhanh xuất sắc,trả_lời tin nhắn rất nhanh xuất sắc,khen_giao_hang
thích trả_lời tin nhắn rất nhanh,thích trả_lời tin nhắn rất nhanh,khen_giao_hang
trả_lời nhắn,trả_lời nhắn,khen_giao_hang
trả_lời rất nhắn tin nhanh,trả_lời rất nhắn tin nhanh,khen_giao_hang
giá_cả hợp_lý sẽ ủng_hộ giao nhanh,giá_cả hợp_lý sẽ ủng_hộ giao nhanh,khen_giao_hang
giá_cả tiếp_tục sẽ hợp_lý ủng_hộ shop giao hàng nhanh,giá_cả tiếp_tục sẽ hợp_lý ủng_hộ shop giao hàng nhanh,khen_giao_hang
giá_cả hợp_lý sẽ tiếp_tục ủng_hộ shop giao hàng nhanh_chóng,giá_cả hợp_lý sẽ tiếp_tục ủng_hộ shop giao hàng nhanh_chóng,khen_giao_hang
giá_cả hợp_lý sẽ tiếp_tục ủng_hộ shop giao hàng lẹ,giá_cả hợp_lý sẽ tiếp_tục ủng_hộ shop giao hàng lẹ,khen_giao_hang
shop giao hàng kịp thời lắm mọi ng ạ,shop giao hàng kịp thời lắm mọi ng ạ,khen_giao_hang
Mình mua giá rất rẻ nhưng lại chọn sie không vừa chân nên hơi lộn xộn,Mình mua giá rất rẻ nhưng lại chọn sie không vừa chân nên hơi lộn xộn,gia_tri_gia
Nhưng có thể săn được giá rẻ nên không sao,Nhưng có thể săn được giá rẻ nên không sao,gia_tri_gia
giá mua k,giá mua k,gia_tri_gia
Áo hơi mỏng và có vài vết bẩn ở cổ. Với mức giá này thì tôi không thể đòi hỏi nhiều.,Áo hơi mỏng và có vài vết bẩn ở cổ. Với mức giá này thì tôi không thể đòi hỏi nhiều.,gia_tri_gia
Mình lười đánh giá quá,Mình lười đánh giá quá,gia_tri_gia
Lần này bạn đặt hàng và nhận được mã giảm giá,Lần này bạn đặt hàng và nhận được mã giảm giá,gia_tri_gia
Giá lại rẻ đến mức nực cười,Giá lại rẻ đến mức nực cười,gia_tri_gia
Tuy hơi nhỏ nhưng phù hợp với giá tiền,Tuy hơi nhỏ nhưng phù hợp với giá tiền,gia_tri_gia
"Đã đến lúc các bậc phụ huynh không nên lơ là trong việc quản lý nội dung giải trí cho con và xây dựng cho con một không gian vui chơi lành mạnh, phù hợp với lứa tuổi không chỉ trong lớp học mà cả bên ngoài để con có thể phát triển toàn diện vì trẻ giống như những nụ trên cành.","Đã đến lúc các bậc phụ huynh không nên lơ là trong việc quản lý nội dung giải trí cho con và xây dựng cho con một không gian vui chơi lành mạnh, phù hợp với lứa tuổi không chỉ trong lớp học mà cả bên ngoài để con có thể phát triển toàn diện vì trẻ giống như những nụ trên cành.",gia_tri_gia
Tôi đã mua nó với giá siêu bất ngờ,Tôi đã mua nó với giá siêu bất ngờ,gia_tri_gia
Giá vẫn phải chăng,Giá vẫn phải chăng,gia_tri_gia
Mình vừa vô tình thấy tai nghe được bán với giá đó,Mình vừa vô tình thấy tai nghe được bán với giá đó,gia_tri_gia
nổi bật_tính năng rất rẻ,nổi bật_tính năng rất rẻ,gia_tri_gia
Đáng đồng tiền nên mua thôi,Đáng đồng tiền nên mua thôi,gia_tri_gia
Chất dày dặn đáng tiền,Chất dày dặn đáng tiền,gia_tri_gia
Săn sale nên giá rẻ,Săn sale nên giá rẻ,gia_tri_gia
Mặc nó khiến tôi cảm thấy cao hơn vì có lớp lót phân,Mặc nó khiến tôi cảm thấy cao hơn vì có lớp lót phân,gia_tri_gia
r g g b t g có thể làm giấy chứng nhận kiểm định chất lượng để nhiều trẻ bị sốt có thể,r g g b t g có thể làm giấy chứng nhận kiểm định chất lượng để nhiều trẻ bị sốt có thể,gia_tri_gia
Sản phẩm xứng đáng với giá tiền,Sản phẩm xứng đáng với giá tiền,gia_tri_gia
Giá bán là điều được nhiều người nhắc đến,Giá bán là điều được nhiều người nhắc đến,gia_tri_gia
có được một mức giá rẻ,có được một mức giá rẻ,gia_tri_gia
giáo viên pe shop nói_khó nghe,giáo viên pe shop nói_khó nghe,gia_tri_gia
Chả trách sao mua được giá rẻ thế,Chả trách sao mua được giá rẻ thế,gia_tri_gia
Áo mỏng nhưng với giá này thì ko thể đòi hỏi nhiều,Áo mỏng nhưng với giá này thì ko thể đòi hỏi nhiều,gia_tri_gia
Rất đáng tiền để mua,Rất đáng tiền để mua,gia_tri_gia
Giá cả hợp lý,Giá cả hợp lý,gia_tri_gia
Với mức giá rẻ như vậy mà có được một chiếc áo như thế này thì quá tuyệt vời,Với mức giá rẻ như vậy mà có được một chiếc áo như thế này thì quá tuyệt vời,gia_tri_gia
giá phù hợp,giá phù hợp,gia_tri_gia
Tôi có thể săn lùng k,Tôi có thể săn lùng k,gia_tri_gia
Nội dung chỉ dành cho mục đích đánh giá,Nội dung chỉ dành cho mục đích đánh giá,gia_tri_gia
Tính năng nổi bật âm thanh giá rẻ,Tính năng nổi bật âm thanh giá rẻ,gia_tri_gia
Đánh giá chỉ nhằm mục đích đánh giá và không có giá trị tham khảo,Đánh giá chỉ nhằm mục đích đánh giá và không có giá trị tham khảo,gia_tri_gia
Có vết keo nhưng không sao vì mình mua giá rất rẻ,Có vết keo nhưng không sao vì mình mua giá rất rẻ,gia_tri_gia
Không ngờ tìm được giá cực tốt mà cứ nghe hoài,Không ngờ tìm được giá cực tốt mà cứ nghe hoài,gia_tri_gia
Chất liệu dép đen dính và hình dáng khá cũ nhưng với mức giá này thì không thể mong đợi gì hơn,Chất liệu dép đen dính và hình dáng khá cũ nhưng với mức giá này thì không thể mong đợi gì hơn,gia_tri_gia
size áo không quá rộng như trong review,size áo không quá rộng như trong review,gia_tri_gia
Tôi đã mua nó với giá hời nhưng đôi dép thật tuyệt vời,Tôi đã mua nó với giá hời nhưng đôi dép thật tuyệt vời,gia_tri_gia
Mua được giá rẻ nên ko đòi hỏi thêm,Mua được giá rẻ nên ko đòi hỏi thêm,gia_tri_gia
giá trị đồng tiền,giá trị đồng tiền,gia_tri_gia
Nói chung phù hợp với giá tiền,Nói chung phù hợp với giá tiền,gia_tri_gia
"Bán được, không bán được thì không bán. Đừng để giá giảm rồi sau đó bán bất cứ thứ gì bạn muốn. Tôi sẽ bán con mèo này. Ai có thể sử dụng nó?","Bán được, không bán được thì không bán. Đừng để giá giảm rồi sau đó bán bất cứ thứ gì bạn muốn. Tôi sẽ bán con mèo này. Ai có thể sử dụng nó?",gia_tri_gia
Vui lòng đánh giá để nhận xu,Vui lòng đánh giá để nhận xu,gia_tri_gia
"tính năng vượt trội, giá rẻ, sử dụng tốt","tính năng vượt trội, giá rẻ, sử dụng tốt",gia_tri_gia
"Áo thun loc a bra ai ne rất đẹp, giá tốt mà mình còn trẻ nên mua về và mặc rất vừa vặn","Áo thun loc a bra ai ne rất đẹp, giá tốt mà mình còn trẻ nên mua về và mặc rất vừa vặn",gia_tri_gia
Áo hơi nhỏ nhưng nhìn chung phù hợp với giá tiền,Áo hơi nhỏ nhưng nhìn chung phù hợp với giá tiền,gia_tri_gia
"Phô mai que cắt ngon, xinh xắn hơi cứng một chút, rẻ quá","Phô mai que cắt ngon, xinh xắn hơi cứng một chút, rẻ quá",gia_tri_gia
Giáo dục và đào tạo có ổn không? Em là cơn gió của con gái hhk,Giáo dục và đào tạo có ổn không? Em là cơn gió của con gái hhk,gia_tri_gia
Đáng mua nhé mọi người,Đáng mua nhé mọi người,gia_tri_gia
So với giá đó thì khá cao,So với giá đó thì khá cao,gia_tri_gia
"Về giá cả, nó không có giá trị. Nó quá mỏng và ngắn. Vòng eo rộng. Lần sau tôi sẽ không mua lại","Về giá cả, nó không có giá trị. Nó quá mỏng và ngắn. Vòng eo rộng. Lần sau tôi sẽ không mua lại",gia_tri_gia
Tai nghe phù hợp với giá tiền,Tai nghe phù hợp với giá tiền,gia_tri_gia
ở mức giá này,ở mức giá này,gia_tri_gia
"Nếu giá trị thấp, nếu quán dễ thương thì khách hàng sẽ bỏ qua","Nếu giá trị thấp, nếu quán dễ thương thì khách hàng sẽ bỏ qua",gia_tri_gia
phù hợp với giá cả,phù hợp với giá cả,gia_tri_gia
Có thể mua được với giá hi_hi hi_hi hi_hi hi_hi hi hi,Có thể mua được với giá hi_hi hi_hi hi_hi hi_hi hi hi,gia_tri_gia
tb tặng giá trị cho lần nạp thẻ đầu tiên trên viet tel của tôi vào chủ nhật,tb tặng giá trị cho lần nạp thẻ đầu tiên trên viet tel của tôi vào chủ nhật,gia_tri_gia
Đừng đánh giá cửa hàng trừ khi bạn biết vấn đề,Đừng đánh giá cửa hàng trừ khi bạn biết vấn đề,gia_tri_gia
Mình mua được giá rẻ nên rất hài lòng về áo,Mình mua được giá rẻ nên rất hài lòng về áo,gia_tri_gia
Tóm lại giá thành rẻ và chất liệu phù hợp với giá tiền,Tóm lại giá thành rẻ và chất liệu phù hợp với giá tiền,gia_tri_gia
nhưng giá của đôi này hợp lý,nhưng giá của đôi này hợp lý,gia_tri_gia
Nhưng với mức giá này tôi rất hài lòng,Nhưng với mức giá này tôi rất hài lòng,gia_tri_gia
"Tôi có thể đặt hàng với giá thấp, nhưng tôi không dám nói nhiều","Tôi có thể đặt hàng với giá thấp, nhưng tôi không dám nói nhiều",gia_tri_gia
Về giá cả thì đừng mong đợi quá nhiều,Về giá cả thì đừng mong đợi quá nhiều,gia_tri_gia
Tôi không tin mình có thể mua được loa với giá thấp như vậy,Tôi không tin mình có thể mua được loa với giá thấp như vậy,gia_tri_gia
Tuy nhiên cũng phù hợp với mức giá,Tuy nhiên cũng phù hợp với mức giá,gia_tri_gia
Với mức giá này thì tất nhiên là không mong đợi quá nhiều,Với mức giá này thì tất nhiên là không mong đợi quá nhiều,gia_tri_gia
đúng với giá tiền,đúng với giá tiền,gia_tri_gia
Túi phù hợp với giá tiền,Túi phù hợp với giá tiền,gia_tri_gia
với mức giá này,với mức giá này,gia_tri_gia
Mình thấy sản phẩm dùng được và giá cả cũng rất phù hợp các bạn có thể dùng thử,Mình thấy sản phẩm dùng được và giá cả cũng rất phù hợp các bạn có thể dùng thử,gia_tri_gia
Nó đáng để mua,Nó đáng để mua,gia_tri_gia
Hàng về mấy ngày rồi mà giờ mới có thời gian đánh giá,Hàng về mấy ngày rồi mà giờ mới có thời gian đánh giá,gia_tri_gia
Ngày giao bộ dụng cụ trị giá hàng nghìn đồng Dụng cụ cho Công ty TNHH An Bình thuê thời hạn 1 tháng giá triệu đồng đã bao gồm VAT,Ngày giao bộ dụng cụ trị giá hàng nghìn đồng Dụng cụ cho Công ty TNHH An Bình thuê thời hạn 1 tháng giá triệu đồng đã bao gồm VAT,gia_tri_gia
Nói chung với mức giá này thì uc i là,Nói chung với mức giá này thì uc i là,gia_tri_gia
"Hình ảnh và video chỉ nhằm mục đích chấp nhận tiền xu. Túi hơi nhỏ so với tưởng tượng. Tuy nhiên, với mức giá này thì bạn không thể mong đợi gì hơn.","Hình ảnh và video chỉ nhằm mục đích chấp nhận tiền xu. Túi hơi nhỏ so với tưởng tượng. Tuy nhiên, với mức giá này thì bạn không thể mong đợi gì hơn.",gia_tri_gia
"Đúng như mô tả, không thể chê vào đâu được, giá lại quá hời","Đúng như mô tả, không thể chê vào đâu được, giá lại quá hời",gia_tri_gia
giá mua lần đầu o,giá mua lần đầu o,gia_tri_gia
Với mức giá như thế này mà có được một chiếc áo như thế thì quá tuyệt vời,Với mức giá như thế này mà có được một chiếc áo như thế thì quá tuyệt vời,gia_tri_gia
Không sao vì giá cả hợp lý,Không sao vì giá cả hợp lý,gia_tri_gia
Tôi không nghĩ giá lại rẻ đến thế,Tôi không nghĩ giá lại rẻ đến thế,gia_tri_gia
"Tôi rất thích việc mọi thứ đều có giá trị, nhưng không biết nếu không có, có khi tôi còn bị nó lừa.","Tôi rất thích việc mọi thứ đều có giá trị, nhưng không biết nếu không có, có khi tôi còn bị nó lừa.",gia_tri_gia
Nhưng có tiền vẫn mua hợp lý,Nhưng có tiền vẫn mua hợp lý,gia_tri_gia
Size giày vừa với chân mình nhưng có cảm giác như dây buộc bị lỏng. Hình ảnh chỉ mang tính tham khảo.,Size giày vừa với chân mình nhưng có cảm giác như dây buộc bị lỏng. Hình ảnh chỉ mang tính tham khảo.,gia_tri_gia
Vải hơi mỏng nhưng so với giá tiền thì mình cực kỳ hài lòng,Vải hơi mỏng nhưng so với giá tiền thì mình cực kỳ hài lòng,gia_tri_gia
Nói chung với tầm giá này thì không nên kỳ vọng nhiều,Nói chung với tầm giá này thì không nên kỳ vọng nhiều,gia_tri_gia
rẻ quá,rẻ quá,gia_tri_gia
Vải mỏng nhưng với giá này thì hợp lý,Vải mỏng nhưng với giá này thì hợp lý,gia_tri_gia
Đừng lo hoa quá rẻ,Đừng lo hoa quá rẻ,gia_tri_gia
Mình mua giá rẻ nên không có gì phàn nàn,Mình mua giá rẻ nên không có gì phàn nàn,gia_tri_gia
Nhưng với mức giá này thì không thể mong đợi nhiều,Nhưng với mức giá này thì không thể mong đợi nhiều,gia_tri_gia
"Các cạnh bị trầy xước rất nhiều, nhưng một tấm bị bẩn. Bạn có thể vui lòng sửa nó với giá được không?","Các cạnh bị trầy xước rất nhiều, nhưng một tấm bị bẩn. Bạn có thể vui lòng sửa nó với giá được không?",gia_tri_gia
Không đánh giá video này với mục đích nhận xu,Không đánh giá video này với mục đích nhận xu,gia_tri_gia
Vải hơi mỏng nhưng với giá này thì hợp lý,Vải hơi mỏng nhưng với giá này thì hợp lý,gia_tri_gia
"Mình đeo trên người nên rất thoải mái, cực rẻ và ôi mát quá","Mình đeo trên người nên rất thoải mái, cực rẻ và ôi mát quá",gia_tri_gia
tỷ lệ nhận xu tôi,tỷ lệ nhận xu tôi,gia_tri_gia
Đừng tham lam giá rẻ,Đừng tham lam giá rẻ,gia_tri_gia
Rẻ mà thơm,Rẻ mà thơm,gia_tri_gia
Nói chung là mua online rẻ mà như thế này thì tuyệt vời,Nói chung là mua online rẻ mà như thế này thì tuyệt vời,gia_tri_gia
Nhưng với giá tiền thì không mong đợi nhiều,Nhưng với giá tiền thì không mong đợi nhiều,gia_tri_gia
Đánh giá_sao cho cửa hàng,Đánh giá_sao cho cửa hàng,gia_tri_gia
Sản phẩm rất tốt. Nó đáng tiền,Sản phẩm rất tốt. Nó đáng tiền,gia_tri_gia
Với mức giá này mình khá hài lòng với chiếc túi mình nhận được,Với mức giá này mình khá hài lòng với chiếc túi mình nhận được,gia_tri_gia
Những đứa trẻ là ai?,Những đứa trẻ là ai?,gia_tri_gia
Với giá đó thì ko mong gì hơn,Với giá đó thì ko mong gì hơn,gia_tri_gia
Về giá cả thì ổn,Về giá cả thì ổn,gia_tri_gia
Nó rẻ nhưng tôi thích nó,Nó rẻ nhưng tôi thích nó,gia_tri_gia
Thế là le canh ngon nên rẻ quá_trời ơi,Thế là le canh ngon nên rẻ quá_trời ơi,gia_tri_gia
Tôi đi chân trần nhưng vẫn có cảm giác như bị đè bẹp,Tôi đi chân trần nhưng vẫn có cảm giác như bị đè bẹp,gia_tri_gia
rất phù hợp với giá tiền,rất phù hợp với giá tiền,gia_tri_gia
Tôi không nghĩ nó rẻ đến mức bạn có thể mặc nó như vậy,Tôi không nghĩ nó rẻ đến mức bạn có thể mặc nó như vậy,gia_tri_gia
Nó đáng tiền,Nó đáng tiền,gia_tri_gia
"Giá rẻ, yêu cầu không cao","Giá rẻ, yêu cầu không cao",gia_tri_gia
"Siêu đáng tiền nhé mọi người, mình hơi nặng đầu","Siêu đáng tiền nhé mọi người, mình hơi nặng đầu",gia_tri_gia
Sẽ ủng hộ nếu còn giá,Sẽ ủng hộ nếu còn giá,gia_tri_gia
Sản phẩm phù hợp với giá tiền,Sản phẩm phù hợp với giá tiền,gia_tri_gia
Tôi có thể mua nó với giá được không?,Tôi có thể mua nó với giá được không?,gia_tri_gia
Cũng phù hợp với giá tiền,Cũng phù hợp với giá tiền,gia_tri_gia
đáng giá,đáng giá,gia_tri_gia
Kể cả dép được đánh giá để lấy xu hay gì đi chăng nữa thì họ vẫn phải biết cách đánh giá chúng,Kể cả dép được đánh giá để lấy xu hay gì đi chăng nữa thì họ vẫn phải biết cách đánh giá chúng,gia_tri_gia
Nói chung là đáng mua,Nói chung là đáng mua,gia_tri_gia
"Với mức giá này, bạn có thể yêu cầu gì hơn nữa?","Với mức giá này, bạn có thể yêu cầu gì hơn nữa?",gia_tri_gia
Váy hơi ngắn nhưng mình mua giá rẻ nên rất xứng đáng,Váy hơi ngắn nhưng mình mua giá rẻ nên rất xứng đáng,gia_tri_gia
Nếu đánh giá shop sẽ tiếp tục ủng hộ các sản phẩm trên shop,Nếu đánh giá shop sẽ tiếp tục ủng hộ các sản phẩm trên shop,gia_tri_gia
Mua loa giá chỉ k,Mua loa giá chỉ k,gia_tri_gia
Giá siêu phải chăng,Giá siêu phải chăng,gia_tri_gia
Rẻ nhưng rất nghèo,Rẻ nhưng rất nghèo,gia_tri_gia
vừa rẻ vừa dễ thương,vừa rẻ vừa dễ thương,gia_tri_gia
tỷ lệ_sao,tỷ lệ_sao,gia_tri_gia
mua đc vs giá cực rẻ nhưng chọn sie vs vừa ko chân cho lắm nên hơi bùn,mua đc vs giá cực rẻ nhưng chọn sie vs vừa ko chân cho lắm nên hơi bùn,gia_tri_gia
mua đc vs giá cực đáng tiền nhưng chọn sie ko vừa vs chân cho lắm nên hơi bùn,mua đc vs giá cực đáng tiền nhưng chọn sie ko vừa vs chân cho lắm nên hơi bùn,gia_tri_gia
mua đc vs giá cực rẻ nhưng chọn ko vừa vs cho lắm nên hơi bùn,mua đc vs giá cực rẻ nhưng chọn ko vừa vs cho lắm nên hơi bùn,gia_tri_gia
mua cực vs giá đc rẻ nhưng chọn sie ko vừa vs chân cho lắm nên hơi bùn,mua cực vs giá đc rẻ nhưng chọn sie ko vừa vs chân cho lắm nên hơi bùn,gia_tri_gia
nhưng săn được với giá rẻ nên nhanh_chóng cũng tạm,nhưng săn được với giá rẻ nên nhanh_chóng cũng tạm,gia_tri_gia
nên săn được với giá rẻ nhưng cũng tạm,nên săn được với giá rẻ nhưng cũng tạm,gia_tri_gia
giá săn được với nhưng rẻ nên cũng tạm,giá săn được với nhưng rẻ nên cũng tạm,gia_tri_gia
nhưng săn được với giá rẻ nên vừa ý cũng tạm,nhưng săn được với giá rẻ nên vừa ý cũng tạm,gia_tri_gia
k giá mua,k giá mua,gia_tri_gia
mua giá k bao bì,mua giá k bao bì,gia_tri_gia
tuyệt mua giá k,tuyệt mua giá k,gia_tri_gia
áo hơi vừa ý mỏng với_lại có mấy vết dơ ở cổ áo nma vs giá tiền này thì mình ko đòi_hỏi nhìu,áo hơi vừa ý mỏng với_lại có mấy vết dơ ở cổ áo nma vs giá tiền này thì mình ko đòi_hỏi nhìu,gia_tri_gia
áo hơi mỏng với_lại có vết dơ ở cổ áo nma tiền này thì mình ko đòi_hỏi nhìu,áo hơi mỏng với_lại có vết dơ ở cổ áo nma tiền này thì mình ko đòi_hỏi nhìu,gia_tri_gia
áo hơi mỏng với_lại có mấy vết dơ ở cổ áo nma vs giá tiền này thì nhìu ko đòi_hỏi mình,áo hơi mỏng với_lại có mấy vết dơ ở cổ áo nma vs giá tiền này thì nhìu ko đòi_hỏi mình,gia_tri_gia
áo hơi với_lại có mấy vết ở áo nma vs giá tiền này thì mình ko đòi_hỏi nhìu,áo hơi với_lại có mấy vết ở áo nma vs giá tiền này thì mình ko đòi_hỏi nhìu,gia_tri_gia
lười k nữa,lười k nữa,gia_tri_gia
đánh_giá nên k lười nữa,đánh_giá nên k lười nữa,gia_tri_gia
k nên lười đánh_giá nữa,k nên lười đánh_giá nữa,gia_tri_gia
lười nên k đánh_giá,lười nên k đánh_giá,gia_tri_gia
này đặt còn được tặng mã giảm_giá nữa,này đặt còn được tặng mã giảm_giá nữa,gia_tri_gia
lần này tặng còn được đặt mã giảm_giá nữa,lần này tặng còn được đặt mã giảm_giá nữa,gia_tri_gia
lần này đặt còn được tặng mã giảm_giá nữa hỗ trợ tốt,lần này đặt còn được tặng mã giảm_giá nữa hỗ trợ tốt,gia_tri_gia
lần này đặt còn được tặng đáng mua mã giảm_giá nữa,lần này đặt còn được tặng đáng mua mã giảm_giá nữa,gia_tri_gia
thì gia rẻ khỏi bàn,thì gia rẻ khỏi bàn,gia_tri_gia
gia thì hợp_lý khỏi bàn,gia thì hợp_lý khỏi bàn,gia_tri_gia
gia kém thì rẻ khỏi bàn,gia kém thì rẻ khỏi bàn,gia_tri_gia
tuyệt_vời gia thì rẻ khỏi bàn,tuyệt_vời gia thì rẻ khỏi bàn,gia_tri_gia
tuy hơi nhỏ nhưng phù_hợp với thank you giá tiền,tuy hơi nhỏ nhưng phù_hợp với thank you giá tiền,gia_tri_gia
tuy hơi nhưng phù_hợp với giá,tuy hơi nhưng phù_hợp với giá,gia_tri_gia
chu đáo tuy hơi nhỏ nhưng phù_hợp với giá tiền,chu đáo tuy hơi nhỏ nhưng phù_hợp với giá tiền,gia_tri_gia
tuy hơi nhỏ đúng_mô_tả nhưng phù_hợp với giá tiền,tuy hơi nhỏ đúng_mô_tả nhưng phù_hợp với giá tiền,gia_tri_gia
đã đến lúc vui_chơi bậc phụ_huynh ko nên lơ_là trong việc quản_lí nội_dung giải_trí của các bé và xây_dựng cho các con không_gian các lành_mạnh phù_hợp với lứa tuổi ko chỉ trong s ma r tp hon e mà_còn ở bên ngoài để các em phát_triển cách trọn_vẹn vì trẻ_em như búp trên cành,đã đến lúc vui_chơi bậc phụ_huynh ko nên lơ_là trong việc quản_lí nội_dung giải_trí của các bé và xây_dựng cho các con không_gian các lành_mạnh phù_hợp với lứa tuổi ko chỉ trong s ma r tp hon e mà_còn ở bên ngoài để các em phát_triển cách trọn_vẹn vì trẻ_em như búp trên cành,gia_tri_gia
đã đến lúc các bậc phụ_huynh lơ_là trong việc quản_lí nội_dung giải_trí của các bé và xây_dựng con không_gian lành_mạnh phù_hợp với lứa tuổi ko chỉ trong s r tp hon e mà_còn ở bên ngoài các em phát_triển cách trọn_vẹn vì trẻ_em búp trên cành,đã đến lúc các bậc phụ_huynh lơ_là trong việc quản_lí nội_dung giải_trí của các bé và xây_dựng con không_gian lành_mạnh phù_hợp với lứa tuổi ko chỉ trong s r tp hon e mà_còn ở bên ngoài các em phát_triển cách trọn_vẹn vì trẻ_em búp trên cành,gia_tri_gia
đã đến lúc các bậc phụ_huynh ko lành_mạnh lơ_là trong việc quản_lí nội_dung giải_trí của các bé và xây_dựng cho các con không_gian vui_chơi nên phù_hợp với lứa tuổi ko chỉ trong s ma r tp hon e mà_còn ở bên ngoài để các em phát_triển cách trọn_vẹn vì trẻ_em như búp trên cành,đã đến lúc các bậc phụ_huynh ko lành_mạnh lơ_là trong việc quản_lí nội_dung giải_trí của các bé và xây_dựng cho các con không_gian vui_chơi nên phù_hợp với lứa tuổi ko chỉ trong s ma r tp hon e mà_còn ở bên ngoài để các em phát_triển cách trọn_vẹn vì trẻ_em như búp trên cành,gia_tri_gia
đã đến lúc các bậc phụ_huynh ko nên lơ_là trong việc quản_lí nội_dung giải_trí của các bé xây_dựng các con không_gian vui_chơi lành_mạnh phù_hợp lứa tuổi chỉ trong s ma r tp hon ở bên để em phát_triển cách trọn_vẹn vì trẻ_em búp trên cành,đã đến lúc các bậc phụ_huynh ko nên lơ_là trong việc quản_lí nội_dung giải_trí của các bé xây_dựng các con không_gian vui_chơi lành_mạnh phù_hợp lứa tuổi chỉ trong s ma r tp hon ở bên để em phát_triển cách trọn_vẹn vì trẻ_em búp trên cành,gia_tri_gia
m mua k siêu bất_ngờ,m mua k siêu bất_ngờ,gia_tri_gia
m mua vs chắc giá k siêu bất_ngờ,m mua vs chắc giá k siêu bất_ngờ,gia_tri_gia
m mua vs giá siêu bất_ngờ,m mua vs giá siêu bất_ngờ,gia_tri_gia
m vs mua giá k siêu bất_ngờ,m vs mua giá k siêu bất_ngờ,gia_tri_gia
giá lại còn mịn phải_chăng,giá lại còn mịn phải_chăng,gia_tri_gia
lại giá còn phải_chăng,lại giá còn phải_chăng,gia_tri_gia
giá lại còn tận tâm phải_chăng,giá lại còn tận tâm phải_chăng,gia_tri_gia
giá lại phải_chăng còn,giá lại phải_chăng còn,gia_tri_gia
mình chỉ bán lướt thấy tai nghe vô_tình với giá,mình chỉ bán lướt thấy tai nghe vô_tình với giá,gia_tri_gia
mình chỉ vô_tình lướt thấy nghe tai bán với giá,mình chỉ vô_tình lướt thấy nghe tai bán với giá,gia_tri_gia
mình chỉ vô_tình lướt thấy nghe với,mình chỉ vô_tình lướt thấy nghe với,gia_tri_gia
mình chỉ vô_tình lướt thấy tai nghe bán kịp thời với giá,mình chỉ vô_tình lướt thấy tai nghe bán kịp thời với giá,gia_tri_gia
tính_năng nổi_bật rất hợp lý,tính_năng nổi_bật rất hợp lý,gia_tri_gia
tính_năng nổi_bật rất đáng tiền,tính_năng nổi_bật rất đáng tiền,gia_tri_gia
tính_năng nổi_bật rất hợp_lý,tính_năng nổi_bật rất hợp_lý,gia_tri_gia
tính_năng nổi_bật rất rẻ oke,tính_năng nổi_bật rất rẻ oke,gia_tri_gia
nha tiền n nên n mua a đáng a,nha tiền n nên n mua a đáng a,gia_tri_gia
đáng tiền n nên n nhanh_chóng mua a nha a,đáng tiền n nên n nhanh_chóng mua a nha a,gia_tri_gia
tiền n nên n mua a nha a,tiền n nên n mua a nha a,gia_tri_gia
đáng tiền n nên n mua tận tâm a nha a,đáng tiền n nên n mua tận tâm a nha a,gia_tri_gia
đáng dầy chất_liệu tiền,đáng dầy chất_liệu tiền,gia_tri_gia
chất_liệu dầy đáng tiền phải chăng,chất_liệu dầy đáng tiền phải chăng,gia_tri_gia
chất_liệu đáng dầy tiền,chất_liệu đáng dầy tiền,gia_tri_gia
chất_liệu dầy tiền đáng,chất_liệu dầy tiền đáng,gia_tri_gia
săn sa rẻ nên giá le,săn sa rẻ nên giá le,gia_tri_gia
săn sa le nên giá hợp_lý,săn sa le nên giá hợp_lý,gia_tri_gia
săn sa le nên giá hợp lý,săn sa le nên giá hợp lý,gia_tri_gia
săn ổn sa le nên giá rẻ,săn ổn sa le nên giá rẻ,gia_tri_gia
đeo vào cảm_giác mình cao lên vì độn oke phân,đeo vào cảm_giác mình cao lên vì độn oke phân,gia_tri_gia
đeo vào cảm_giác mình độn lên vì cao phân,đeo vào cảm_giác mình độn lên vì cao phân,gia_tri_gia
đeo vào cảm_giác mình cao lên độn vì phân,đeo vào cảm_giác mình cao lên độn vì phân,gia_tri_gia
đeo vào cảm_giác mình cao vì lên độn phân,đeo vào cảm_giác mình cao vì lên độn phân,gia_tri_gia
r g b t g có_thể làm giấy kiểm_định chất nhận được nhiều đứa trẻ bị sốt có_thể,r g b t g có_thể làm giấy kiểm_định chất nhận được nhiều đứa trẻ bị sốt có_thể,gia_tri_gia
r g g b t g có_thể làm ra giấy kiểm_định chất nhận được nhiều đứa trẻ chuẩn hình bị sốt có_thể,r g g b t g có_thể làm ra giấy kiểm_định chất nhận được nhiều đứa trẻ chuẩn hình bị sốt có_thể,gia_tri_gia
r g g b thanks t g có_thể làm ra giấy kiểm_định chất nhận được nhiều đứa trẻ bị sốt có_thể,r g g b thanks t g có_thể làm ra giấy kiểm_định chất nhận được nhiều đứa trẻ bị sốt có_thể,gia_tri_gia
r chất g b t g có_thể làm ra giấy kiểm_định g nhận được nhiều đứa trẻ bị sốt có_thể,r chất g b t g có_thể làm ra giấy kiểm_định g nhận được nhiều đứa trẻ bị sốt có_thể,gia_tri_gia
sản_phẩm hợp giá dễ thương tiền,sản_phẩm hợp giá dễ thương tiền,gia_tri_gia
sản_phẩm như hình hợp giá tiền,sản_phẩm như hình hợp giá tiền,gia_tri_gia
sản_phẩm hợp tiền giá,sản_phẩm hợp tiền giá,gia_tri_gia
giá bán thì nhiều người nói_chuyện hòa đồng với ý tt,giá bán thì nhiều người nói_chuyện hòa đồng với ý tt,gia_tri_gia
giá ý thì nhiều người nói_chuyện với bán tt,giá ý thì nhiều người nói_chuyện với bán tt,gia_tri_gia
nhiều bán thì giá người nói_chuyện với ý tt,nhiều bán thì giá người nói_chuyện với ý tt,gia_tri_gia
tốt bụng giá bán thì nhiều người nói_chuyện với ý tt,tốt bụng giá bán thì nhiều người nói_chuyện với ý tt,gia_tri_gia
được rẻ giá cái,được rẻ giá cái,gia_tri_gia
cute được cái giá rẻ,cute được cái giá rẻ,gia_tri_gia
được cái giá đáng tiền,được cái giá đáng tiền,gia_tri_gia
được cái rẻ,được cái rẻ,gia_tri_gia
shop giáo pe hàng nói_chuyện khó nghe,shop giáo pe hàng nói_chuyện khó nghe,gia_tri_gia
shop pe giáo nói_chuyện nghe,shop pe giáo nói_chuyện nghe,gia_tri_gia
nói_chuyện pe giáo hàng shop khó nghe,nói_chuyện pe giáo hàng shop khó nghe,gia_tri_gia
shop pe giáo hàng khó,shop pe giáo hàng khó,gia_tri_gia
sản_phẩm giá với đúg tiền,sản_phẩm giá với đúg tiền,gia_tri_gia
sản_phẩm đúg giá tiền,sản_phẩm đúg giá tiền,gia_tri_gia
sản_phẩm đúg với giá tiền ngon,sản_phẩm đúg với giá tiền ngon,gia_tri_gia
sản_phẩm với đúg giá tiền,sản_phẩm với đúg giá tiền,gia_tri_gia
k k sao mua với giá bt luôn,k k sao mua với giá bt luôn,gia_tri_gia
k bt sao giá k luôn,k bt sao giá k luôn,gia_tri_gia
k chất bt sao mua với giá k luôn,k chất bt sao mua với giá k luôn,gia_tri_gia
luôn bt sao mua với giá k k,luôn bt sao mua với giá k k,gia_tri_gia
áo mỏng nhưng với tiền như này là mình không nhìu,áo mỏng nhưng với tiền như này là mình không nhìu,gia_tri_gia
đòi_hỏi mỏng nhưng với giá tiền như này là mình không áo nhìu,đòi_hỏi mỏng nhưng với giá tiền như này là mình không áo nhìu,gia_tri_gia
áo mỏng như với giá tiền nhưng này là mình không đòi_hỏi nhìu,áo mỏng như với giá tiền nhưng này là mình không đòi_hỏi nhìu,gia_tri_gia
áo với tiền như này mình không nhìu,áo với tiền như này mình không nhìu,gia_tri_gia
đáng tiền để mua nhe e,đáng tiền để mua nhe e,gia_tri_gia
rất tiền để mua nhe e,rất tiền để mua nhe e,gia_tri_gia
e đáng tiền để mua nhe rất,e đáng tiền để mua nhe rất,gia_tri_gia
rất mua tiền để đáng nhe e,rất mua tiền để đáng nhe e,gia_tri_gia
giá_cả hỏng hợp_lý,giá_cả hỏng hợp_lý,gia_tri_gia
xuất sắc giá_cả hợp_lý,xuất sắc giá_cả hợp_lý,gia_tri_gia
hỗ_trợ giá_cả hợp_lý,hỗ_trợ giá_cả hợp_lý,gia_tri_gia
giá_cả ok hợp_lý,giá_cả ok hợp_lý,gia_tri_gia
với giá quá mà đc chiếc áo như này là rẻ hời rùi,với giá quá mà đc chiếc áo như này là rẻ hời rùi,gia_tri_gia
với giá đúng_mô_tả rẻ mà đc chiếc áo như này là quá hời rùi,với giá đúng_mô_tả rẻ mà đc chiếc áo như này là quá hời rùi,gia_tri_gia
với giá rẻ mà đc chiếc áo như này là rùi,với giá rẻ mà đc chiếc áo như này là rùi,gia_tri_gia
với giá phải chăng mà đc chiếc áo như này là quá hời rùi,với giá phải chăng mà đc chiếc áo như này là quá hời rùi,gia_tri_gia
tiền giá phù_hợp,tiền giá phù_hợp,gia_tri_gia
giá tiền phù_hợp cảm_ơn,giá tiền phù_hợp cảm_ơn,gia_tri_gia
giá phù_hợp tiền,giá phù_hợp tiền,gia_tri_gia
giá tiền chuẩn phù_hợp,giá tiền chuẩn phù_hợp,gia_tri_gia
đáng mua xịn,đáng mua xịn,gia_tri_gia
đáng mua xinh,đáng mua xinh,gia_tri_gia
đáng mua chán,đáng mua chán,gia_tri_gia
đáng mua tuyệt,đáng mua tuyệt,gia_tri_gia
tớ k được với giá săn,tớ k được với giá săn,gia_tri_gia
tớ săn được với giá oke k,tớ săn được với giá oke k,gia_tri_gia
tớ giá được với săn k,tớ giá được với săn k,gia_tri_gia
tớ săn được với giá k thất vọng,tớ săn được với giá k thất vọng,gia_tri_gia
nội_dung chỉ mang đáng mua tính_chất đánh_giá,nội_dung chỉ mang đáng mua tính_chất đánh_giá,gia_tri_gia
vừa ý nội_dung chỉ mang tính_chất đánh_giá,vừa ý nội_dung chỉ mang tính_chất đánh_giá,gia_tri_gia
nội_dung chỉ mang tính_chất đánh_giá hài_lòng,nội_dung chỉ mang tính_chất đánh_giá hài_lòng,gia_tri_gia
nội_dung chỉ mang tính_chất tận_tình đánh_giá,nội_dung chỉ mang tính_chất tận_tình đánh_giá,gia_tri_gia
đc nổi_bật nghe tính_năng còn rẻ,đc nổi_bật nghe tính_năng còn rẻ,gia_tri_gia
tính_năng nổi_bật nghe đc còn thân_thiện rẻ,tính_năng nổi_bật nghe đc còn thân_thiện rẻ,gia_tri_gia
tính_năng nổi_bật rcm nghe đc còn rẻ,tính_năng nổi_bật rcm nghe đc còn rẻ,gia_tri_gia
tính_năng nổi_bật đc nghe còn rẻ,tính_năng nổi_bật đc nghe còn rẻ,gia_tri_gia
đánh_giá chỉ mang nhận xu không có giá_trị tham_khảo,đánh_giá chỉ mang nhận xu không có giá_trị tham_khảo,gia_tri_gia
đánh_giá tham_khảo mang tính_chất nhận xu không có giá_trị chỉ,đánh_giá tham_khảo mang tính_chất nhận xu không có giá_trị chỉ,gia_tri_gia
đánh_giá chỉ mang tính_chất nhận xu không tuyệt_vời có giá_trị tham_khảo,đánh_giá chỉ mang tính_chất nhận xu không tuyệt_vời có giá_trị tham_khảo,gia_tri_gia
đánh_giá chỉ tính_chất nhận xu không có giá_trị,đánh_giá chỉ tính_chất nhận xu không có giá_trị,gia_tri_gia
nó có vết keo nhưng ko vì sao mik mua với giá k là quá rẻ,nó có vết keo nhưng ko vì sao mik mua với giá k là quá rẻ,gia_tri_gia
nó có vết keo nhưng ko sao vì mik mua với giá k là rẻ,nó có vết keo nhưng ko sao vì mik mua với giá k là rẻ,gia_tri_gia
nó có vết keo nhưng ko sao vì mik mua với giá k là như hình quá rẻ,nó có vết keo nhưng ko sao vì mik mua với giá k là như hình quá rẻ,gia_tri_gia
nó có vết chuẩn mô tả keo nhưng ko sao vì mik mua với giá k là quá rẻ,nó có vết chuẩn mô tả keo nhưng ko sao vì mik mua với giá k là quá rẻ,gia_tri_gia
bất_ngờ ch bà dà săn dc nm hời lắm giá nghe nó cứ s s á,bất_ngờ ch bà dà săn dc nm hời lắm giá nghe nó cứ s s á,gia_tri_gia
bất_ngờ ch bà dà dc săn giá hời lắm nm nghe nó cứ s s á,bất_ngờ ch bà dà dc săn giá hời lắm nm nghe nó cứ s s á,gia_tri_gia
bất_ngờ đúng hẹn ch bà dà săn dc giá hời lắm nm nghe nó cứ s s á,bất_ngờ đúng hẹn ch bà dà săn dc giá hời lắm nm nghe nó cứ s s á,gia_tri_gia
bất_ngờ ch bà dà săn dc giá hời đẹp lắm nm nghe nó cứ s s á,bất_ngờ ch bà dà săn dc giá hời đẹp lắm nm nghe nó cứ s s á,gia_tri_gia
chất_liệu dép sục đen thì bị dính keo và dáng khá già nhưng hơn này thì không mong gì giá_như,chất_liệu dép sục đen thì bị dính keo và dáng khá già nhưng hơn này thì không mong gì giá_như,gia_tri_gia
chất_liệu dép sục đen thì bị keo và dáng khá già nhưng giá_như này thì không mong gì,chất_liệu dép sục đen thì bị keo và dáng khá già nhưng giá_như này thì không mong gì,gia_tri_gia
chất_liệu dép sục đen thì không dính keo và dáng khá già nhưng giá_như này thì bị mong gì hơn,chất_liệu dép sục đen thì không dính keo và dáng khá già nhưng giá_như này thì bị mong gì hơn,gia_tri_gia
chất_liệu dép sục dính thì bị đen keo và dáng khá già nhưng giá_như này thì không mong gì hơn,chất_liệu dép sục dính thì bị đen keo và dáng khá già nhưng giá_như này thì không mong gì hơn,gia_tri_gia
orm áo không như trong,orm áo không như trong,gia_tri_gia
orm áo không rộng quá như trong đánh_giá,orm áo không rộng quá như trong đánh_giá,gia_tri_gia
orm không quá rộng như trong đánh_giá,orm không quá rộng như trong đánh_giá,gia_tri_gia
orm áo không quá rộng như trong đánh_giá chuẩn mô tả,orm áo không quá rộng như trong đánh_giá chuẩn mô tả,gia_tri_gia
mình mua đc giá k mà dép đỉnh vãi luôn muộn í,mình mua đc giá k mà dép đỉnh vãi luôn muộn í,gia_tri_gia
mình mua đc giá k mà không đạt dép đỉnh vãi luôn í,mình mua đc giá k mà không đạt dép đỉnh vãi luôn í,gia_tri_gia
mình mua đc giá k chán mà dép đỉnh vãi luôn í,mình mua đc giá k chán mà dép đỉnh vãi luôn í,gia_tri_gia
mình mua giá k mà dép đỉnh vãi í,mình mua giá k mà dép đỉnh vãi í,gia_tri_gia
mua với không k nên cg giá đòi hòi hơn,mua với không k nên cg giá đòi hòi hơn,gia_tri_gia
mua k nên cg không đòi hòi,mua k nên cg không đòi hòi,gia_tri_gia
mua với cẩn_thận giá k nên cg không đòi hòi hơn,mua với cẩn_thận giá k nên cg không đòi hòi hơn,gia_tri_gia
mua với giá k nên cg không đòi,mua với giá k nên cg không đòi,gia_tri_gia
tiền giá hợp,tiền giá hợp,gia_tri_gia
hợp tiền giá,hợp tiền giá,gia_tri_gia
giá hợp tiền,giá hợp tiền,gia_tri_gia
hợp giá ngon tiền,hợp giá ngon tiền,gia_tri_gia
nói_chung phù_hợp với giá giá ổn tiền,nói_chung phù_hợp với giá giá ổn tiền,gia_tri_gia
nói_chung phù_hợp với giá gói hàng tiền,nói_chung phù_hợp với giá gói hàng tiền,gia_tri_gia
nói_chung phù_hợp tiền giá với,nói_chung phù_hợp tiền giá với,gia_tri_gia
nói_chung phù_hợp hài_lòng với giá tiền,nói_chung phù_hợp hài_lòng với giá tiền,gia_tri_gia
bán được thì bán ko được thì đừng bán đừng có cái giá sa le rồi muốn bán hàng gì thì bán m bán để lồn này thì ai sài được,bán được thì bán ko được thì đừng bán đừng có cái giá sa le rồi muốn bán hàng gì thì bán m bán để lồn này thì ai sài được,gia_tri_gia
bán được thì bán ko được thì đừng bán đừng có để giá sa le rồi muốn hàng gì thì bán m bán cái lồn thì ai sài được,bán được thì bán ko được thì đừng bán đừng có để giá sa le rồi muốn hàng gì thì bán m bán cái lồn thì ai sài được,gia_tri_gia
bán được đừng bán ko được thì đừng bán thì có để giá sa le rồi muốn bán hàng gì thì bán m bán cái lồn này thì ai sài được,bán được đừng bán ko được thì đừng bán thì có để giá sa le rồi muốn bán hàng gì thì bán m bán cái lồn này thì ai sài được,gia_tri_gia
bán được thì bán ko được thì đừng bán đừng vui vẻ có để giá sa le rồi muốn bán hàng gì thì bán m bán cái lồn này thì ai sài được,bán được thì bán ko được thì đừng bán đừng vui vẻ có để giá sa le rồi muốn bán hàng gì thì bán m bán cái lồn này thì ai sài được,gia_tri_gia
đánh_giá nhận xu ạ,đánh_giá nhận xu ạ,gia_tri_gia
đánh_giá xu nhận để thôi ạ,đánh_giá xu nhận để thôi ạ,gia_tri_gia
đánh_giá để nhận xu thôi,đánh_giá để nhận xu thôi,gia_tri_gia
đánh_giá để nhận chán xu thôi ạ,đánh_giá để nhận chán xu thôi ạ,gia_tri_gia
tính_năng nổi_bật giá hợp lý xài được hay,tính_năng nổi_bật giá hợp lý xài được hay,gia_tri_gia
tính_năng nổi_bật giá đáng tiền xài được hay,tính_năng nổi_bật giá đáng tiền xài được hay,gia_tri_gia
nổi_bật giá rẻ xài được hay,nổi_bật giá rẻ xài được hay,gia_tri_gia
tính_năng nổi_bật giá rẻ xài được xứng đáng hay,tính_năng nổi_bật giá rẻ xài được xứng đáng hay,gia_tri_gia
áo thun loc a br ai ne oke lắm giá lại còn trẻ mình mua sie m mặc vừa_vặn,áo thun loc a br ai ne oke lắm giá lại còn trẻ mình mua sie m mặc vừa_vặn,gia_tri_gia
áo thun loc a br ai ne ưng lắm giá lại còn trẻ mình mua sie m oke mặc vừa_vặn,áo thun loc a br ai ne ưng lắm giá lại còn trẻ mình mua sie m oke mặc vừa_vặn,gia_tri_gia
áo thun loc a br ai ne ok lắm giá lại còn trẻ mình mua sie m mặc vừa_vặn,áo thun loc a br ai ne ok lắm giá lại còn trẻ mình mua sie m mặc vừa_vặn,gia_tri_gia
áo thun loc br ai ne lắm lại còn trẻ mình mua sie mặc,áo thun loc br ai ne lắm lại còn trẻ mình mua sie mặc,gia_tri_gia
áo phom hưng nhỏn hơi nói_chung hợp với giá tiền,áo phom hưng nhỏn hơi nói_chung hợp với giá tiền,gia_tri_gia
áo phom hơi nhỏn hưng tiền hợp với giá nói_chung,áo phom hơi nhỏn hưng tiền hợp với giá nói_chung,gia_tri_gia
nói_chung phom hơi nhỏn hưng áo hợp với giá tiền,nói_chung phom hơi nhỏn hưng áo hợp với giá tiền,gia_tri_gia
áo phom hơi nhỏn chắc_chắn hưng nói_chung hợp với giá tiền,áo phom hơi nhỏn chắc_chắn hưng nói_chung hợp với giá tiền,gia_tri_gia
de thuong dang iu cut e ổn pho mai que hơi cứng xíu nma quá là rẻ,de thuong dang iu cut e ổn pho mai que hơi cứng xíu nma quá là rẻ,gia_tri_gia
de mua nha thuong dang iu cut e pho mai que hơi cứng xíu nma quá là rẻ,de mua nha thuong dang iu cut e pho mai que hơi cứng xíu nma quá là rẻ,gia_tri_gia
de thuong dang iu cut e pho cứng que hơi mai xíu nma quá là rẻ,de thuong dang iu cut e pho cứng que hơi mai xíu nma quá là rẻ,gia_tri_gia
de thuong dang iu cut e mai hơi cứng xíu nma là,de thuong dang iu cut e mai hơi cứng xíu nma là,gia_tri_gia
giáo_dục và đào_tạo r ạ tuyệt vời được k ạ em lượn sóng_gió của con gái hhk,giáo_dục và đào_tạo r ạ tuyệt vời được k ạ em lượn sóng_gió của con gái hhk,gia_tri_gia
giáo_dục và đào_tạo r ạ được k ạ em lượn sóng_gió xinh của con gái hhk,giáo_dục và đào_tạo r ạ được k ạ em lượn sóng_gió xinh của con gái hhk,gia_tri_gia
giáo_dục được đào_tạo r ạ và k ạ em lượn sóng_gió của con gái hhk,giáo_dục được đào_tạo r ạ và k ạ em lượn sóng_gió của con gái hhk,gia_tri_gia
lượn và đào_tạo r ạ được k ạ em giáo_dục sóng_gió của con gái hhk,lượn và đào_tạo r ạ được k ạ em giáo_dục sóng_gió của con gái hhk,gia_tri_gia
đáng mua nha mọi a người,đáng mua nha mọi a người,gia_tri_gia
mua a mọi người,mua a mọi người,gia_tri_gia
đáng nha a mọi người,đáng nha a mọi người,gia_tri_gia
đáng nha mua a mọi người,đáng nha mua a mọi người,gia_tri_gia
vs hợp_lý giá đó thì hơi đỉnh luôn á,vs hợp_lý giá đó thì hơi đỉnh luôn á,gia_tri_gia
vs giá đỉnh thì hơi đó luôn á,vs giá đỉnh thì hơi đó luôn á,gia_tri_gia
vs giá đó thì đỉnh hơi luôn á,vs giá đó thì đỉnh hơi luôn á,gia_tri_gia
giá đó thì đỉnh luôn á,giá đó thì đỉnh luôn á,gia_tri_gia
với thì ko mỏng vs nữa phần eo rộng sẽ không lần mua n lai nữa,với thì ko mỏng vs nữa phần eo rộng sẽ không lần mua n lai nữa,gia_tri_gia
với giá thì ko xứng_đáng quá mỏng vs nữa phần eo rộng sẽ không có lần sau mua n lai nữa,với giá thì ko xứng_đáng quá mỏng vs nữa phần eo rộng sẽ không có lần sau mua n lai nữa,gia_tri_gia
với giá tiền thì ko xứng_đáng quá mỏng vs ngắn nữa phần eo rộng sẽ không có ưng lần sau mua n lai nữa,với giá tiền thì ko xứng_đáng quá mỏng vs ngắn nữa phần eo rộng sẽ không có ưng lần sau mua n lai nữa,gia_tri_gia
với giá tiền thì ko xứng_đáng quá mỏng vs ưng ngắn nữa phần eo rộng sẽ không có lần sau mua n lai nữa,với giá tiền thì ko xứng_đáng quá mỏng vs ưng ngắn nữa phần eo rộng sẽ không có lần sau mua n lai nữa,gia_tri_gia
tai nghe phù_hợp với tiền,tai nghe phù_hợp với tiền,gia_tri_gia
tai nghe phù_hợp giá với tiền,tai nghe phù_hợp giá với tiền,gia_tri_gia
tai nghe phù_hợp tận tâm với giá tiền,tai nghe phù_hợp tận tâm với giá tiền,gia_tri_gia
phù_hợp nghe tai với giá tiền,phù_hợp nghe tai với giá tiền,gia_tri_gia
giá với này,giá với này,gia_tri_gia
với giá này giá tốt,với giá này giá tốt,gia_tri_gia
với giá này chu đáo,với giá này chu đáo,gia_tri_gia
với vui vẻ giá này,với vui vẻ giá này,gia_tri_gia
giá_trị thấp thì shop còn chút thì khách dễ_thương bỏ_qua,giá_trị thấp thì shop còn chút thì khách dễ_thương bỏ_qua,gia_tri_gia
giá_trị thấp shop thì dễ_thương chút thì khách còn bỏ_qua,giá_trị thấp shop thì dễ_thương chút thì khách còn bỏ_qua,gia_tri_gia
giá_trị thấp khách shop dễ_thương chút thì thì còn bỏ_qua,giá_trị thấp khách shop dễ_thương chút thì thì còn bỏ_qua,gia_tri_gia
giá_trị thấp thì shop dễ_thương chút khách thì còn bỏ_qua,giá_trị thấp thì shop dễ_thương chút khách thì còn bỏ_qua,gia_tri_gia
phù_hợp tiền giá với,phù_hợp tiền giá với,gia_tri_gia
giá với phù_hợp tiền,giá với phù_hợp tiền,gia_tri_gia
phù_hợp với tiền giá,phù_hợp với tiền giá,gia_tri_gia
phù_hợp với tiền,phù_hợp với tiền,gia_tri_gia
hỗ_trợ mua được với giá k hi_hi hi_hi hi_hi hi_hi hi h,hỗ_trợ mua được với giá k hi_hi hi_hi hi_hi hi_hi hi h,gia_tri_gia
mua được với hi_hi k hi_hi hi_hi hi_hi giá hi h,mua được với hi_hi k hi_hi hi_hi hi_hi giá hi h,gia_tri_gia
mua được với giá k hi_hi h hi_hi hi_hi hi hi_hi,mua được với giá k hi_hi h hi_hi hi_hi hi hi_hi,gia_tri_gia
hi_hi được với giá k hi_hi hi_hi hi_hi mua hi h,hi_hi được với giá k hi_hi hi_hi hi_hi mua hi h,gia_tri_gia
giá_trị lần nạp thẻ đầu_tiên trên my tel vào chủ_nhật ngày,giá_trị lần nạp thẻ đầu_tiên trên my tel vào chủ_nhật ngày,gia_tri_gia
tb tặng giá_trị cho lần nạp thẻ đầu_tiên trên my hỗ trợ tốt viet tel vào chủ_nhật ngày,tb tặng giá_trị cho lần nạp thẻ đầu_tiên trên my hỗ trợ tốt viet tel vào chủ_nhật ngày,gia_tri_gia
tb tặng giá_trị cho lần nạp thẻ đầu_tiên trên my viet tel vào ngày,tb tặng giá_trị cho lần nạp thẻ đầu_tiên trên my viet tel vào ngày,gia_tri_gia
tb giới thiệu tặng giá_trị cho lần nạp thẻ đầu_tiên trên my viet tel vào chủ_nhật ngày,tb giới thiệu tặng giá_trị cho lần nạp thẻ đầu_tiên trên my viet tel vào chủ_nhật ngày,gia_tri_gia
chứ mn đừng đánh_giá rcm shop sao khi chưa biết vấn_đề,chứ mn đừng đánh_giá rcm shop sao khi chưa biết vấn_đề,gia_tri_gia
chứ mn chưa đánh_giá shop sao khi đừng biết vấn_đề,chứ mn chưa đánh_giá shop sao khi đừng biết vấn_đề,gia_tri_gia
chứ mn đánh_giá shop chưa biết,chứ mn đánh_giá shop chưa biết,gia_tri_gia
chứ shop đừng đánh_giá mn sao khi chưa biết vấn_đề,chứ shop đừng đánh_giá mn sao khi chưa biết vấn_đề,gia_tri_gia
tui với giá nên thấy rất hài_lòng áo,tui với giá nên thấy rất hài_lòng áo,gia_tri_gia
tui mua với giá k nên thấy rất bao bì hài_lòng về áo,tui mua với giá k nên thấy rất bao bì hài_lòng về áo,gia_tri_gia
tui mua với giá k nên thấy rất hài_lòng áo,tui mua với giá k nên thấy rất hài_lòng áo,gia_tri_gia
tui mua với giá k nên thấy rất hài_lòng về,tui mua với giá k nên thấy rất hài_lòng về,gia_tri_gia
tóm_lại giá chưa tới rẻ chất_liệu phù_hợp giá tiền,tóm_lại giá chưa tới rẻ chất_liệu phù_hợp giá tiền,gia_tri_gia
tóm_lại giá rẻ chất_liệu tiền giá phù_hợp,tóm_lại giá rẻ chất_liệu tiền giá phù_hợp,gia_tri_gia
tóm_lại giá rẻ chất_liệu vừa ý phù_hợp giá tiền,tóm_lại giá rẻ chất_liệu vừa ý phù_hợp giá tiền,gia_tri_gia
tóm_lại giá phải chăng chất_liệu phù_hợp giá tiền,tóm_lại giá phải chăng chất_liệu phù_hợp giá tiền,gia_tri_gia
nhưng_mà giá này hợp_lí đôi này là như rồi,nhưng_mà giá này hợp_lí đôi này là như rồi,gia_tri_gia
nhưng_mà giá này như đôi này hợp_lí rồi,nhưng_mà giá này như đôi này hợp_lí rồi,gia_tri_gia
này như đôi này là rồi,này như đôi này là rồi,gia_tri_gia
như giá này nhưng_mà đôi này là hợp_lí rồi,như giá này nhưng_mà đôi này là hợp_lí rồi,gia_tri_gia
hài_lòng với giá này thì rất nhưng,hài_lòng với giá này thì rất nhưng,gia_tri_gia
nhưng với thì này giá rất hài_lòng,nhưng với thì này giá rất hài_lòng,gia_tri_gia
nhưng với giá thì này rất hài_lòng,nhưng với giá thì này rất hài_lòng,gia_tri_gia
nhưng hài_lòng giá này thì rất với,nhưng hài_lòng giá này thì rất với,gia_tri_gia
ạ mua lắm đáng,ạ mua lắm đáng,gia_tri_gia
đáng mua lắm,đáng mua lắm,gia_tri_gia
đáng lắm mua ạ,đáng lắm mua ạ,gia_tri_gia
đáng mua bền_đẹp lắm ạ,đáng mua bền_đẹp lắm ạ,gia_tri_gia
đặt nhiều với giá k cũng ko dám nói đc,đặt nhiều với giá k cũng ko dám nói đc,gia_tri_gia
nói đc với giá k cũng ko dám đặt nhiều,nói đc với giá k cũng ko dám đặt nhiều,gia_tri_gia
đặt đc với giá k ko cũng dám nói nhiều,đặt đc với giá k ko cũng dám nói nhiều,gia_tri_gia
đặt đc cũng giá k với ko dám nói nhiều,đặt đc cũng giá k với ko dám nói nhiều,gia_tri_gia
với giá k thì cũng k quá mong_đợi nhiều,với giá k thì cũng k quá mong_đợi nhiều,gia_tri_gia
với k k mong_đợi quá nhiều,với k k mong_đợi quá nhiều,gia_tri_gia
với nhiều k thì cũng k mong_đợi quá giá,với nhiều k thì cũng k mong_đợi quá giá,gia_tri_gia
với giá k thì cũng k mong_đợi hàng lỗi quá nhiều,với giá k thì cũng k mong_đợi hàng lỗi quá nhiều,gia_tri_gia
k tin là mua được loa với giá k ngày,k tin là mua được loa với giá k ngày,gia_tri_gia
k tin là mua với loa được giá k luôn ngày,k tin là mua với loa được giá k luôn ngày,gia_tri_gia
k tin là mua được loa với giá,k tin là mua được loa với giá,gia_tri_gia
k là mua được với giá k luôn ngày,k là mua được với giá k luôn ngày,gia_tri_gia
tuy_nhiên thì phù_hợp tiền,tuy_nhiên thì phù_hợp tiền,gia_tri_gia
thì tuy_nhiên cũng phù_hợp với giá tiền,thì tuy_nhiên cũng phù_hợp với giá tiền,gia_tri_gia
tuy_nhiên phù_hợp cũng thì với giá tiền,tuy_nhiên phù_hợp cũng thì với giá tiền,gia_tri_gia
tuy_nhiên thì giá phù_hợp với cũng tiền,tuy_nhiên thì giá phù_hợp với cũng tiền,gia_tri_gia
giá_thành êm thì rẻ,giá_thành êm thì rẻ,gia_tri_gia
rẻ thì giá_thành,rẻ thì giá_thành,gia_tri_gia
giá_thành thì rẻ nên mua,giá_thành thì rẻ nên mua,gia_tri_gia
thì giá_thành rẻ,thì giá_thành rẻ,gia_tri_gia
giá_thành hợp_lí hàng lỗi,giá_thành hợp_lí hàng lỗi,gia_tri_gia
hôi giá_thành hợp_lí,hôi giá_thành hợp_lí,gia_tri_gia
giá_thành tuyệt hợp_lí,giá_thành tuyệt hợp_lí,gia_tri_gia
giá_thành rcm hợp_lí,giá_thành rcm hợp_lí,gia_tri_gia
với mức giá này thì tất_nhiên quá mong_đợi chả nhiều,với mức giá này thì tất_nhiên quá mong_đợi chả nhiều,gia_tri_gia
với mức giá này thì tất_nhiên chả quá mong_đợi nhiều,với mức giá này thì tất_nhiên chả quá mong_đợi nhiều,gia_tri_gia
với mức này giá thì tất_nhiên chả mong_đợi quá nhiều,với mức này giá thì tất_nhiên chả mong_đợi quá nhiều,gia_tri_gia
mức giá tất_nhiên mong_đợi quá nhiều,mức giá tất_nhiên mong_đợi quá nhiều,gia_tri_gia
đúng với mùi nồng giá_thành,đúng với mùi nồng giá_thành,gia_tri_gia
đúng với giá_thành đáng mua,đúng với giá_thành đáng mua,gia_tri_gia
phải chăng đúng với giá_thành,phải chăng đúng với giá_thành,gia_tri_gia
đúng với giống hình giá_thành,đúng với giống hình giá_thành,gia_tri_gia
túi phù_hợp với đúng hình giá tiền,túi phù_hợp với đúng hình giá tiền,gia_tri_gia
túi phù_hợp với tiền,túi phù_hợp với tiền,gia_tri_gia
túi phù_hợp với giá,túi phù_hợp với giá,gia_tri_gia
túi phù_hợp với xinh giá tiền,túi phù_hợp với xinh giá tiền,gia_tri_gia
tiền giá với như này,tiền giá với như này,gia_tri_gia
với giá thích tiền như này,với giá thích tiền như này,gia_tri_gia
với giá tiền như,với giá tiền như,gia_tri_gia
như giá tiền với này,như giá tiền với này,gia_tri_gia
mình thấy thử dùng được giá cả cũng rất phù_hợp mn có_thể sản_phẩm,mình thấy thử dùng được giá cả cũng rất phù_hợp mn có_thể sản_phẩm,gia_tri_gia
mình thấy sản_phẩm dùng được có_thể cả cũng rất phù_hợp mn giá thử,mình thấy sản_phẩm dùng được có_thể cả cũng rất phù_hợp mn giá thử,gia_tri_gia
mình thấy sản_phẩm dùng được giá cả cũng rất chuẩn mô tả phù_hợp mn có_thể thử,mình thấy sản_phẩm dùng được giá cả cũng rất chuẩn mô tả phù_hợp mn có_thể thử,gia_tri_gia
mình thấy cả dùng được giá sản_phẩm cũng rất phù_hợp mn có_thể thử,mình thấy cả dùng được giá sản_phẩm cũng rất phù_hợp mn có_thể thử,gia_tri_gia
rat a đáng mùi khó chịu tiền mua,rat a đáng mùi khó chịu tiền mua,gia_tri_gia
rat đáng tiền mua,rat đáng tiền mua,gia_tri_gia
a tiền mua,a tiền mua,gia_tri_gia
a rat đáng tiền mua,a rat đáng tiền mua,gia_tri_gia
hàng về được vài ngày hợp lý rồi mà giờ mới có thời_gian đánh_giá,hàng về được vài ngày hợp lý rồi mà giờ mới có thời_gian đánh_giá,gia_tri_gia
hàng về được vài rồi mà giờ mới có đánh_giá,hàng về được vài rồi mà giờ mới có đánh_giá,gia_tri_gia
hàng về mới vài ngày rồi mà giờ được có thời_gian đánh_giá,hàng về mới vài ngày rồi mà giờ được có thời_gian đánh_giá,gia_tri_gia
hàng về được vài mà giờ mới có thời_gian đánh_giá,hàng về được vài mà giờ mới có thời_gian đánh_giá,gia_tri_gia
đáng đấy mua,đáng đấy mua,gia_tri_gia
mua đáng đấy,mua đáng đấy,gia_tri_gia
đấy mua đáng,đấy mua đáng,gia_tri_gia
phải chăng đáng mua đấy,phải chăng đáng mua đấy,gia_tri_gia
đáng mua bao bì nha a,đáng mua bao bì nha a,gia_tri_gia
đáng mua nha đúng_mô_tả a,đáng mua nha đúng_mô_tả a,gia_tri_gia
đáng mua a,đáng mua a,gia_tri_gia
ngày xuất kho công_cụ trị_giá nghìn đồng công_cụ cho công_ty n h h an bình thuê trong thời_gian tháng với giá triệu đồng bao_gồm cả thuế g g t,ngày xuất kho công_cụ trị_giá nghìn đồng công_cụ cho công_ty n h h an bình thuê trong thời_gian tháng với giá triệu đồng bao_gồm cả thuế g g t,gia_tri_gia
ngày xuất kho công_cụ trị_giá nghìn đồng công_cụ cho công_ty t n h an bình thuê trong thời_gian tháng giá triệu đồng bao_gồm cả thuế g t t,ngày xuất kho công_cụ trị_giá nghìn đồng công_cụ cho công_ty t n h an bình thuê trong thời_gian tháng giá triệu đồng bao_gồm cả thuế g t t,gia_tri_gia
ngày xuất kho công_cụ nghìn công_cụ cho công_ty t n h h bình trong thời_gian tháng với giá đồng bao_gồm cả thuế g t g t,ngày xuất kho công_cụ nghìn công_cụ cho công_ty t n h h bình trong thời_gian tháng với giá đồng bao_gồm cả thuế g t g t,gia_tri_gia
ngày xuất kho công_cụ trị_giá nghìn đồng công_cụ cho công_ty t n h h an bình thuê trong thời_gian tháng đồng giá triệu với bao_gồm cả thuế g t g t,ngày xuất kho công_cụ trị_giá nghìn đồng công_cụ cho công_ty t n h h an bình thuê trong thời_gian tháng đồng giá triệu với bao_gồm cả thuế g t g t,gia_tri_gia
nói_chung với giá này thì i la,nói_chung với giá này thì i la,gia_tri_gia
nói_chung với giá này thì uc i la vừa ý,nói_chung với giá này thì uc i la vừa ý,gia_tri_gia
nói_chung với giá này chuẩn thì uc i la,nói_chung với giá này chuẩn thì uc i la,gia_tri_gia
tốt bụng nói_chung với giá này thì uc i la,tốt bụng nói_chung với giá này thì uc i la,gia_tri_gia
nhận và video chỉ mang tính_chất hình_ảnh xu túi hơi nhỏ so với tưởng_tượng tuy_nhiên với giá k thì cũng không mong_đợi gì hơn,nhận và video chỉ mang tính_chất hình_ảnh xu túi hơi nhỏ so với tưởng_tượng tuy_nhiên với giá k thì cũng không mong_đợi gì hơn,gia_tri_gia
hình_ảnh và video chỉ mang tính_chất nhận xu túi hơi nhỏ so với tưởng_tượng với giá k thì cũng hơn,hình_ảnh và video chỉ mang tính_chất nhận xu túi hơi nhỏ so với tưởng_tượng với giá k thì cũng hơn,gia_tri_gia
hình_ảnh và video chỉ mang tính_chất nhận xu túi hơi nhỏ so với tưởng_tượng tuyệt tuy_nhiên với giá k thì cũng không mong_đợi gì hơn,hình_ảnh và video chỉ mang tính_chất nhận xu túi hơi nhỏ so với tưởng_tượng tuyệt tuy_nhiên với giá k thì cũng không mong_đợi gì hơn,gia_tri_gia
hình_ảnh và video chỉ mang tính_chất giá xu túi hơi nhỏ so với tưởng_tượng tuy_nhiên với nhận k thì cũng không mong_đợi gì hơn,hình_ảnh và video chỉ mang tính_chất giá xu túi hơi nhỏ so với tưởng_tượng tuy_nhiên với nhận k thì cũng không mong_đợi gì hơn,gia_tri_gia
đúng với mô tảk thể thank you chê đc vs giá này thì hời quó,đúng với mô tảk thể thank you chê đc vs giá này thì hời quó,gia_tri_gia
đúng với mô tảk thể quó đc vs giá này thì hời chê,đúng với mô tảk thể quó đc vs giá này thì hời chê,gia_tri_gia
đúng hời mô tảk thể chê đc vs giá này thì với quó,đúng hời mô tảk thể chê đc vs giá này thì với quó,gia_tri_gia
với mô tảk thể chê đc vs giá này thì hời quó,với mô tảk thể chê đc vs giá này thì hời quó,gia_tri_gia
mua giá đầu lần o,mua giá đầu lần o,gia_tri_gia
mua lần đầu giá giới thiệu o,mua lần đầu giá giới thiệu o,gia_tri_gia
mua lần giá o,mua lần giá o,gia_tri_gia
mua o đầu giá lần,mua o đầu giá lần,gia_tri_gia
phù_hợp giá mùi khó chịu tiền,phù_hợp giá mùi khó chịu tiền,gia_tri_gia
phù_hợp tiền giá,phù_hợp tiền giá,gia_tri_gia
phù_hợp tuyệt giá tiền,phù_hợp tuyệt giá tiền,gia_tri_gia
đáng hợp lý tiền,đáng hợp lý tiền,gia_tri_gia
đáng vui vẻ tiền,đáng vui vẻ tiền,gia_tri_gia
đáng tận_tình tiền,đáng tận_tình tiền,gia_tri_gia
mềm_mại đáng tiền,mềm_mại đáng tiền,gia_tri_gia
với giá_như này mà đc chiếc như thế thì đỉnh rồi,với giá_như này mà đc chiếc như thế thì đỉnh rồi,gia_tri_gia
với giá_như này mà đc chiếc áo như quá thì thế đỉnh rồi,với giá_như này mà đc chiếc áo như quá thì thế đỉnh rồi,gia_tri_gia
với giá_như này mà đc chiếc áo như thì thế quá đỉnh rồi,với giá_như này mà đc chiếc áo như thì thế quá đỉnh rồi,gia_tri_gia
với lâu giá_như này mà đc chiếc áo như thế thì quá đỉnh rồi,với lâu giá_như này mà đc chiếc áo như thế thì quá đỉnh rồi,gia_tri_gia
cũng được vì giá cẩn_thận tiền cũng hợp_lý,cũng được vì giá cẩn_thận tiền cũng hợp_lý,gia_tri_gia
cũng được cũng,cũng được cũng,gia_tri_gia
cũng được giá tiền cũng hợp_lý,cũng được giá tiền cũng hợp_lý,gia_tri_gia
cũng được vì giá ổn tiền cũng hợp_lý,cũng được vì giá ổn tiền cũng hợp_lý,gia_tri_gia
rẻ nghĩ là giá k v luôn á,rẻ nghĩ là giá k v luôn á,gia_tri_gia
v nghĩ là giá rẻ k luôn á,v nghĩ là giá rẻ k luôn á,gia_tri_gia
k là giá rẻ v luôn á,k là giá rẻ v luôn á,gia_tri_gia
luôn nghĩ là giá rẻ v k á,luôn nghĩ là giá rẻ v k á,gia_tri_gia
tôi rất thích gì gì cũng có giá_trị cái đâu bạn ah mà k có mà không biết có_khi còn bị nó lừa mình thấy,tôi rất thích gì gì cũng có giá_trị cái đâu bạn ah mà k có mà không biết có_khi còn bị nó lừa mình thấy,gia_tri_gia
tôi thích cái gì có giá_trị gì đâu bạn ah k có mà không có_khi còn bị nó lừa thấy,tôi thích cái gì có giá_trị gì đâu bạn ah k có mà không có_khi còn bị nó lừa thấy,gia_tri_gia
tôi rất thích cái có giá_trị gì bạn ah mà k có mà không biết còn bị nó lừa mình thấy,tôi rất thích cái có giá_trị gì bạn ah mà k có mà không biết còn bị nó lừa mình thấy,gia_tri_gia
tôi rất thích cái gì cũng có giá_trị gì bạn ah mà k mà không biết có_khi còn bị nó lừa mình thấy,tôi rất thích cái gì cũng có giá_trị gì bạn ah mà k mà không biết có_khi còn bị nó lừa mình thấy,gia_tri_gia
mà thì vẫn hợp_lí để nha mang,mà thì vẫn hợp_lí để nha mang,gia_tri_gia
mà tiền thì cũng vẫn hợp_lí để chắc mua nha mang,mà tiền thì cũng vẫn hợp_lí để chắc mua nha mang,gia_tri_gia
mà tiền thì cũng vẫn hợp_lí oke để mua nha mang,mà tiền thì cũng vẫn hợp_lí oke để mua nha mang,gia_tri_gia
mà nha thì cũng vẫn hợp_lí để mua tiền mang,mà nha thì cũng vẫn hợp_lí để mua tiền mang,gia_tri_gia
kích_cỡ giày thì vừa chân nhưng cảm_giác kịp thời dây nó cứ bị rộng sao sao ấy hình_ảnh chỉ mang tính_chất nhận xu,kích_cỡ giày thì vừa chân nhưng cảm_giác kịp thời dây nó cứ bị rộng sao sao ấy hình_ảnh chỉ mang tính_chất nhận xu,gia_tri_gia
kích_cỡ giày thì vừa chân nhưng cảm_giác dây cứ nó bị rộng sao sao ấy hình_ảnh chỉ mang tính_chất nhận xu,kích_cỡ giày thì vừa chân nhưng cảm_giác dây cứ nó bị rộng sao sao ấy hình_ảnh chỉ mang tính_chất nhận xu,gia_tri_gia
kích_cỡ giày thì vừa chân nhưng cảm_giác hình_ảnh nó cứ bị rộng sao sao ấy dây chỉ mang tính_chất nhận xu,kích_cỡ giày thì vừa chân nhưng cảm_giác hình_ảnh nó cứ bị rộng sao sao ấy dây chỉ mang tính_chất nhận xu,gia_tri_gia
kích_cỡ giày thì vừa chân nhưng cảm_giác dây nó cứ bị nhận sao sao ấy hình_ảnh chỉ mang tính_chất rộng xu,kích_cỡ giày thì vừa chân nhưng cảm_giác dây nó cứ bị nhận sao sao ấy hình_ảnh chỉ mang tính_chất rộng xu,gia_tri_gia
vải hơi mỏng nhưng giá tiền này thì vô_cùng ưng_ý,vải hơi mỏng nhưng giá tiền này thì vô_cùng ưng_ý,gia_tri_gia
vải hơi vs giá tiền này thì vô_cùng ưng_ý ạ,vải hơi vs giá tiền này thì vô_cùng ưng_ý ạ,gia_tri_gia
vải hơi mỏng nhưng vs giá tiền này ạ vô_cùng ưng_ý thì,vải hơi mỏng nhưng vs giá tiền này ạ vô_cùng ưng_ý thì,gia_tri_gia
hơi mỏng nhưng vs giá tiền này thì vô_cùng ưng_ý ạ,hơi mỏng nhưng vs giá tiền này thì vô_cùng ưng_ý ạ,gia_tri_gia
nói_chung tầm giá này thì cũng giúp đỡ ko nên đòi_hỏi nhiều,nói_chung tầm giá này thì cũng giúp đỡ ko nên đòi_hỏi nhiều,gia_tri_gia
nói_chung tầm này giá thì cũng ko nên đòi_hỏi nhiều,nói_chung tầm này giá thì cũng ko nên đòi_hỏi nhiều,gia_tri_gia
nói_chung nhiều giá này thì cũng ko nên đòi_hỏi tầm,nói_chung nhiều giá này thì cũng ko nên đòi_hỏi tầm,gia_tri_gia
đòi_hỏi tầm giá này thì cũng ko nên nói_chung nhiều,đòi_hỏi tầm giá này thì cũng ko nên nói_chung nhiều,gia_tri_gia
rẻ như hình nữa,rẻ như hình nữa,gia_tri_gia
xứng đáng rẻ nữa,xứng đáng rẻ nữa,gia_tri_gia
giá tốt nữa,giá tốt nữa,gia_tri_gia
cảm_ơn rẻ nữa,cảm_ơn rẻ nữa,gia_tri_gia
vải mỏng nhưng đóng_gói vs giá này thì hợp_lý,vải mỏng nhưng đóng_gói vs giá này thì hợp_lý,gia_tri_gia
vải mỏng nhưng hợp_lý giá này thì vs,vải mỏng nhưng hợp_lý giá này thì vs,gia_tri_gia
vải vs giá thì hợp_lý,vải vs giá thì hợp_lý,gia_tri_gia
vải giá nhưng vs mỏng này thì hợp_lý,vải giá nhưng vs mỏng này thì hợp_lý,gia_tri_gia
hài_lòng chỉ k dc lo mc hoa rẻ quá chòi rẻ,hài_lòng chỉ k dc lo mc hoa rẻ quá chòi rẻ,gia_tri_gia
chỉ k dc lo mc hoa giá tốt quá chòi rẻ,chỉ k dc lo mc hoa giá tốt quá chòi rẻ,gia_tri_gia
chỉ k dc lo mc hoa rẻ quá chòi rẻ nhẹ,chỉ k dc lo mc hoa rẻ quá chòi rẻ nhẹ,gia_tri_gia
chỉ k dc lo mc hoa rẻ quá chòi rẻ cl,chỉ k dc lo mc hoa rẻ quá chòi rẻ cl,gia_tri_gia
mình mua tận tâm cái rẻ thôi nên k có gì để chê được,mình mua tận tâm cái rẻ thôi nên k có gì để chê được,gia_tri_gia
mình mua cái giá tốt thôi nên k có gì để chê được,mình mua cái giá tốt thôi nên k có gì để chê được,gia_tri_gia
mình mua cái rẻ thôi hợp_lý nên k có gì để chê được,mình mua cái rẻ thôi hợp_lý nên k có gì để chê được,gia_tri_gia
mình mua cái đáng tiền thôi nên k có gì để chê được,mình mua cái đáng tiền thôi nên k có gì để chê được,gia_tri_gia
nhưng vs thì này giá không đòi_hỏi gì nhiều,nhưng vs thì này giá không đòi_hỏi gì nhiều,gia_tri_gia
vs nhưng giá này thì không đòi_hỏi gì nhiều,vs nhưng giá này thì không đòi_hỏi gì nhiều,gia_tri_gia
nhưng vs giá này thì không đòi_hỏi nhiều,nhưng vs giá này thì không đòi_hỏi nhiều,gia_tri_gia
nhưng vs giá này thì nhiều đòi_hỏi gì không,nhưng vs giá này thì nhiều đòi_hỏi gì không,gia_tri_gia
mua đáng nha,mua đáng nha,gia_tri_gia
đáng mua nha mịn,đáng mua nha mịn,gia_tri_gia
đáng vui vẻ mua nha,đáng vui vẻ mua nha,gia_tri_gia
đáng mua đi mua nha,đáng mua đi mua nha,gia_tri_gia
cạnh bẩn bị trầy_xước ghê luôn ớ có tấm bị thì ns chung vs giá k thì cx đc cho shop sao,cạnh bẩn bị trầy_xước ghê luôn ớ có tấm bị thì ns chung vs giá k thì cx đc cho shop sao,gia_tri_gia
cạnh thì thì trầy_xước ghê luôn ớ có tấm bị bẩn ns chung vs giá k bị cx đc cho shop sao,cạnh thì thì trầy_xước ghê luôn ớ có tấm bị bẩn ns chung vs giá k bị cx đc cho shop sao,gia_tri_gia
cạnh thì bị trầy_xước ghê luôn ớ có tấm bị bẩn ns chung vs giá k thì cx ổn đc cho shop sao,cạnh thì bị trầy_xước ghê luôn ớ có tấm bị bẩn ns chung vs giá k thì cx ổn đc cho shop sao,gia_tri_gia
cạnh thì bị trầy_xước ghê ớ tấm bẩn ns vs giá k thì cx cho shop sao,cạnh thì bị trầy_xước ghê ớ tấm bẩn ns vs giá k thì cx cho shop sao,gia_tri_gia
không đánh_giá cao nhá video mang xu nhận tính_chất,không đánh_giá cao nhá video mang xu nhận tính_chất,gia_tri_gia
không đánh_giá xu nhá video mang tính_chất nhận cao,không đánh_giá xu nhá video mang tính_chất nhận cao,gia_tri_gia
không đánh_giá cao nhá video mang tính_chất hợp_lý nhận xu,không đánh_giá cao nhá video mang tính_chất hợp_lý nhận xu,gia_tri_gia
không đánh_giá cao nhá nhận mang tính_chất video xu,không đánh_giá cao nhá nhận mang tính_chất video xu,gia_tri_gia
vải hơi nhưng với giá tiền này thì hợp_lý,vải hơi nhưng với giá tiền này thì hợp_lý,gia_tri_gia
hơi mỏng nhưng với giá tiền này thì hợp_lý,hơi mỏng nhưng với giá tiền này thì hợp_lý,gia_tri_gia
vải chưa tới hơi mỏng nhưng với giá tiền này thì hợp_lý,vải chưa tới hơi mỏng nhưng với giá tiền này thì hợp_lý,gia_tri_gia
vải hơi mỏng với nhưng giá tiền này thì hợp_lý,vải hơi mỏng với nhưng giá tiền này thì hợp_lý,gia_tri_gia
tôi mặc trên người nên rất đã nha cực_kì rẻ mà luôn mát ơi_là,tôi mặc trên người nên rất đã nha cực_kì rẻ mà luôn mát ơi_là,gia_tri_gia
tôi mặc trên người nên rất nha cực_kì rẻ ơi_là mát luôn,tôi mặc trên người nên rất nha cực_kì rẻ ơi_là mát luôn,gia_tri_gia
tôi mặc trên người chắc nên rất đã nha cực_kì rẻ mà ơi_là mát luôn,tôi mặc trên người chắc nên rất đã nha cực_kì rẻ mà ơi_là mát luôn,gia_tri_gia
tôi mặc trên người nên rất đã nha cực_kì rẻ mà tuyệt ơi_là mát luôn,tôi mặc trên người nên rất đã nha cực_kì rẻ mà tuyệt ơi_là mát luôn,gia_tri_gia
xu để nhận đánh_giá thoi i,xu để nhận đánh_giá thoi i,gia_tri_gia
đánh_giá để nhận êm xu thoi i,đánh_giá để nhận êm xu thoi i,gia_tri_gia
đánh_giá để nhận xu tỉ mỉ thoi i,đánh_giá để nhận xu tỉ mỉ thoi i,gia_tri_gia
đánh_giá nhận xu i,đánh_giá nhận xu i,gia_tri_gia
đừng ham giá hợp lý mn ơi,đừng ham giá hợp lý mn ơi,gia_tri_gia
ham giá rẻ mn ơi,ham giá rẻ mn ơi,gia_tri_gia
đừng ham giá phải chăng mn ơi,đừng ham giá phải chăng mn ơi,gia_tri_gia
đừng rẻ giá ham mn ơi,đừng rẻ giá ham mn ơi,gia_tri_gia
giá tốt mà thơm quá,giá tốt mà thơm quá,gia_tri_gia
hợp lý mà thơm quá,hợp lý mà thơm quá,gia_tri_gia
hợp_lý mà thơm quá,hợp_lý mà thơm quá,gia_tri_gia
rẻ mà quá thơm,rẻ mà quá thơm,gia_tri_gia
nói_chung là mua giá lin e mà on rẻ mà như này thì quá đỉnh h,nói_chung là mua giá lin e mà on rẻ mà như này thì quá đỉnh h,gia_tri_gia
nói_chung là mua on lin e mà giá hợp_lý mà như này thì quá đỉnh h,nói_chung là mua on lin e mà giá hợp_lý mà như này thì quá đỉnh h,gia_tri_gia
nói_chung là mua on lin e mà giá giá tốt mà như này thì quá đỉnh h,nói_chung là mua on lin e mà giá giá tốt mà như này thì quá đỉnh h,gia_tri_gia
nói_chung là mua on lin e mà giá phải chăng mà như này thì quá đỉnh h,nói_chung là mua on lin e mà giá phải chăng mà như này thì quá đỉnh h,gia_tri_gia
nhưng với giá thì kh đòi_hỏi nhiều giúp đỡ,nhưng với giá thì kh đòi_hỏi nhiều giúp đỡ,gia_tri_gia
nhưng giá với thì kh đòi_hỏi nhiều,nhưng giá với thì kh đòi_hỏi nhiều,gia_tri_gia
nhưng với đòi_hỏi thì kh giá nhiều,nhưng với đòi_hỏi thì kh giá nhiều,gia_tri_gia
giá với nhưng thì kh đòi_hỏi nhiều,giá với nhưng thì kh đòi_hỏi nhiều,gia_tri_gia
đánh_giá sao tuyệt cho shop,đánh_giá sao tuyệt cho shop,gia_tri_gia
cho sao đánh_giá shop,cho sao đánh_giá shop,gia_tri_gia
đánh_giá sao shop cho,đánh_giá sao shop cho,gia_tri_gia
đánh_giá cho sao shop,đánh_giá cho sao shop,gia_tri_gia
hợp với giá ưng tiến,hợp với giá ưng tiến,gia_tri_gia
giá tiến,giá tiến,gia_tri_gia
hợp giá với tiến,hợp giá với tiến,gia_tri_gia
hợp giá tiến,hợp giá tiến,gia_tri_gia
hàng đc lắm mn ạ xịn đáng tiền lắm mn ạ,hàng đc lắm mn ạ xịn đáng tiền lắm mn ạ,gia_tri_gia
hàng đc tỉ mỉ lắm mn ạ đáng tiền lắm mn ạ,hàng đc tỉ mỉ lắm mn ạ đáng tiền lắm mn ạ,gia_tri_gia
tiền đc lắm mn ạ đáng hàng lắm mn ạ,tiền đc lắm mn ạ đáng hàng lắm mn ạ,gia_tri_gia
đc mn ạ đáng mn,đc mn ạ đáng mn,gia_tri_gia
rất đáng mềm_mại tiền,rất đáng mềm_mại tiền,gia_tri_gia
tiền đáng rất,tiền đáng rất,gia_tri_gia
rất đáng tiền như hình,rất đáng tiền như hình,gia_tri_gia
rất tiền đáng,rất tiền đáng,gia_tri_gia
đáng_giá tiền giới thiệu,đáng_giá tiền giới thiệu,gia_tri_gia
xinh đáng_giá tiền,xinh đáng_giá tiền,gia_tri_gia
đáng_giá tiền giống hình,đáng_giá tiền giống hình,gia_tri_gia
với nhận tiền như này giá đc túi mình khá ưng_ý,với nhận tiền như này giá đc túi mình khá ưng_ý,gia_tri_gia
với giá tiền như này nhận đc túi mình rcm khá ưng_ý,với giá tiền như này nhận đc túi mình rcm khá ưng_ý,gia_tri_gia
với giá như đc túi mình khá ưng_ý,với giá như đc túi mình khá ưng_ý,gia_tri_gia
với giá tiền như này túi đc nhận mình khá ưng_ý,với giá tiền như này túi đc nhận mình khá ưng_ý,gia_tri_gia
giá rẻ oke,giá rẻ oke,gia_tri_gia
giá phải chăng,giá phải chăng,gia_tri_gia
giá phải chăng rẻ,giá phải chăng rẻ,gia_tri_gia
giá đáng tiền,giá đáng tiền,gia_tri_gia
trẻ_em ai bang,trẻ_em ai bang,gia_tri_gia
bang ai đúng hẹn trẻ_em,bang ai đúng hẹn trẻ_em,gia_tri_gia
bang trẻ_em ai,bang trẻ_em ai,gia_tri_gia
ai bang trẻ_em,ai bang trẻ_em,gia_tri_gia
giá ko mong_đợi hơn ạ,giá ko mong_đợi hơn ạ,gia_tri_gia
hơn vậy ko mong_đợi gì giá ạ,hơn vậy ko mong_đợi gì giá ạ,gia_tri_gia
giá vậy ko mong_đợi gì hơn,giá vậy ko mong_đợi gì hơn,gia_tri_gia
giá vậy ko gì hơn ạ,giá vậy ko gì hơn ạ,gia_tri_gia
với giá tiền thì cx đc đáng tiền,với giá tiền thì cx đc đáng tiền,gia_tri_gia
cx giá tiền thì với đc,cx giá tiền thì với đc,gia_tri_gia
với cx tiền thì giá đc,với cx tiền thì giá đc,gia_tri_gia
với giá tiền cx đc,với giá tiền cx đc,gia_tri_gia
rẻ chắc_chắn mà ưng ae ạ,rẻ chắc_chắn mà ưng ae ạ,gia_tri_gia
rẻ mà hài_lòng ae ạ,rẻ mà hài_lòng ae ạ,gia_tri_gia
chán rẻ mà ưng ae ạ,chán rẻ mà ưng ae ạ,gia_tri_gia
hợp_lý mà ưng ae ạ,hợp_lý mà ưng ae ạ,gia_tri_gia
canh sa rẻ được nên le quá_trời,canh sa rẻ được nên le quá_trời,gia_tri_gia
canh sa le được nên rẻ chuẩn mô tả quá_trời,canh sa le được nên rẻ chuẩn mô tả quá_trời,gia_tri_gia
canh sa được le nên rẻ quá_trời,canh sa được le nên rẻ quá_trời,gia_tri_gia
canh sa giúp đỡ le được nên rẻ quá_trời,canh sa giúp đỡ le được nên rẻ quá_trời,gia_tri_gia
có âm chân nhưng_mà cứ đi cảm_giác kiểu bị bẹp,có âm chân nhưng_mà cứ đi cảm_giác kiểu bị bẹp,gia_tri_gia
đi âm chân nhưng_mà như hình cứ có cảm_giác kiểu bị bẹp,đi âm chân nhưng_mà như hình cứ có cảm_giác kiểu bị bẹp,gia_tri_gia
đi âm nhưng_mà cứ có cảm_giác kiểu bị bẹp,đi âm nhưng_mà cứ có cảm_giác kiểu bị bẹp,gia_tri_gia
đi âm chân cứ có cảm_giác kiểu bị bẹp,đi âm chân cứ có cảm_giác kiểu bị bẹp,gia_tri_gia
rất phù_hợp với tiền,rất phù_hợp với tiền,gia_tri_gia
Nói chung là nên mua,Nói chung là nên mua,de_xuat_mua
Tệp tiếp theo được đặt tiếp theo,Tệp tiếp theo được đặt tiếp theo,de_xuat_mua
Bạn không nên mua nó,Bạn không nên mua nó,de_xuat_mua
bạn nên mua nó,bạn nên mua nó,de_xuat_mua
Vì ham rẻ nên mua không cần suy nghĩ,Vì ham rẻ nên mua không cần suy nghĩ,de_xuat_mua
Nói chung là nên mua. Hình ảnh chỉ mang tính chất minh họa,Nói chung là nên mua. Hình ảnh chỉ mang tính chất minh họa,de_xuat_mua
Tôi rất thích đôi sandal nhưng chúng hơi khó mang. Chúng rất sang trọng nên tôi khuyên bạn nên mua chúng,Tôi rất thích đôi sandal nhưng chúng hơi khó mang. Chúng rất sang trọng nên tôi khuyên bạn nên mua chúng,de_xuat_mua
ncl bạn nên mua nó,ncl bạn nên mua nó,de_xuat_mua
Sản phẩm bạn nên mua,Sản phẩm bạn nên mua,de_xuat_mua
"Vải hơi mỏng, size hơi giống size váy, mặc mùa hè rất mát_rất đáng mua","Vải hơi mỏng, size hơi giống size váy, mặc mùa hè rất mát_rất đáng mua",de_xuat_mua
Tôi nghĩ mọi người nên mua nó,Tôi nghĩ mọi người nên mua nó,de_xuat_mua
Sẽ quay lại ủng hộ sau,Sẽ quay lại ủng hộ sau,de_xuat_mua
rcm tôi nên mua nó,rcm tôi nên mua nó,de_xuat_mua
Tôi nên mua nó,Tôi nên mua nó,de_xuat_mua
nói chung_nên mua,nói chung_nên mua,de_xuat_mua
Nên mua đi trời ơi,Nên mua đi trời ơi,de_xuat_mua
sẽ quay lại kiss shop a h h sn n sn sb si h,sẽ quay lại kiss shop a h h sn n sn sb si h,de_xuat_mua
Mình săn sale nên được giá siêu rẻ các bạn nên mua nhé,Mình săn sale nên được giá siêu rẻ các bạn nên mua nhé,de_xuat_mua
Có nên mua nhà để mua điện thoại?,Có nên mua nhà để mua điện thoại?,de_xuat_mua
Giá rẻ. Mình mua lúc giá sale nên rất hời. Mọi người nên mua nhé,Giá rẻ. Mình mua lúc giá sale nên rất hời. Mọi người nên mua nhé,de_xuat_mua
Ai đi thì nên mua nhé,Ai đi thì nên mua nhé,de_xuat_mua
Tôi có nên mua nó không? Nó quá rẻ,Tôi có nên mua nó không? Nó quá rẻ,de_xuat_mua
Không nên mua sản phẩm này vì chất liệu quá tệ,Không nên mua sản phẩm này vì chất liệu quá tệ,de_xuat_mua
"Tôi có nên mua nó không, nó sẽ như thế nào?","Tôi có nên mua nó không, nó sẽ như thế nào?",de_xuat_mua
Bạn nên thử mua nó,Bạn nên thử mua nó,de_xuat_mua
mọi người nên mua nó,mọi người nên mua nó,de_xuat_mua
Mọi người nên mua và dùng thử,Mọi người nên mua và dùng thử,de_xuat_mua
Vì có e-mail shop nên bạn có thể mua với giá khá rẻ,Vì có e-mail shop nên bạn có thể mua với giá khá rẻ,de_xuat_mua
Nói chung là thích quá nên mua đôi này cho nhà mọi người mà giá chỉ 0$,Nói chung là thích quá nên mua đôi này cho nhà mọi người mà giá chỉ 0$,de_xuat_mua
nên mua nó,nên mua nó,de_xuat_mua
So với giá rẻ thế này thì nên mua,So với giá rẻ thế này thì nên mua,de_xuat_mua
cũng nên mua,cũng nên mua,de_xuat_mua
Sẽ mua hàng của shop lần nữa,Sẽ mua hàng của shop lần nữa,de_xuat_mua
"Tính năng nổi bật: Không kết nối được, không nghe được, không mua được","Tính năng nổi bật: Không kết nối được, không nghe được, không mua được",de_xuat_mua
Sản phẩm giống như trong ảnh. Khi nào tôi sẽ mua lại?,Sản phẩm giống như trong ảnh. Khi nào tôi sẽ mua lại?,de_xuat_mua
"Mình nên mua nó để trang trí bàn làm việc, v.v.","Mình nên mua nó để trang trí bàn làm việc, v.v.",de_xuat_mua
Nếu dùng được thì nên mua,Nếu dùng được thì nên mua,de_xuat_mua
Rcm mua nhé,Rcm mua nhé,de_xuat_mua
Nên mua nhé mọi người không có gì để chê,Nên mua nhé mọi người không có gì để chê,de_xuat_mua
Có nên mua mik có mã giảm giá để không đắt không? Nó rất rẻ,Có nên mua mik có mã giảm giá để không đắt không? Nó rất rẻ,de_xuat_mua
Dép có vẻ nhỏ hơn size nên mình mua số lượng lớn hơn để giảm chi phí,Dép có vẻ nhỏ hơn size nên mình mua số lượng lớn hơn để giảm chi phí,de_xuat_mua
Tôi có nên mua nó không? Mình mới mua và dùng được mấy tháng chưa thấy hư hỏng gì,Tôi có nên mua nó không? Mình mới mua và dùng được mấy tháng chưa thấy hư hỏng gì,de_xuat_mua
Giày vừa chân nhưng mũi hơi chật. Tôi sẽ mua nó nếu có cơ hội sai lầm,Giày vừa chân nhưng mũi hơi chật. Tôi sẽ mua nó nếu có cơ hội sai lầm,de_xuat_mua
Dây sạc và dây kết nối với máy tính khá ngắn nên mua nhé,Dây sạc và dây kết nối với máy tính khá ngắn nên mua nhé,de_xuat_mua
Rất tốt nên mua nhé,Rất tốt nên mua nhé,de_xuat_mua
Tôi nên mua nka,Tôi nên mua nka,de_xuat_mua
Bạn nên mua nó nhiều,Bạn nên mua nó nhiều,de_xuat_mua
nhưng bạn nên mua nó,nhưng bạn nên mua nó,de_xuat_mua
đáng đồng tiền nên mua,đáng đồng tiền nên mua,de_xuat_mua
Bạn nên mua về dùng thử,Bạn nên mua về dùng thử,de_xuat_mua
Mình nên mua về dùng thử,Mình nên mua về dùng thử,de_xuat_mua
Tôi khuyên bạn nên mua từ một người bán rất có uy tín. Mình đã mua 2 lần và cả 2 lần đều rất hài lòng.,Tôi khuyên bạn nên mua từ một người bán rất có uy tín. Mình đã mua 2 lần và cả 2 lần đều rất hài lòng.,de_xuat_mua
Nên mua theo túi tiền của bạn,Nên mua theo túi tiền của bạn,de_xuat_mua
Với giá này thì nên mua,Với giá này thì nên mua,de_xuat_mua
Nên mua một lần,Nên mua một lần,de_xuat_mua
ncl mình recommend nam nên mọi người nên mua nhé,ncl mình recommend nam nên mọi người nên mua nhé,de_xuat_mua
Nên mua nhưng vấn đề duy nhất là con gấu hơi nhô ra và trông không giống con gấu trong hình,Nên mua nhưng vấn đề duy nhất là con gấu hơi nhô ra và trông không giống con gấu trong hình,de_xuat_mua
Bạn nên mua hình ảnh chỉ mang tính chất minh họa,Bạn nên mua hình ảnh chỉ mang tính chất minh họa,de_xuat_mua
Lần sau sẽ mua tiếp ủng hộ shop hi_hi,Lần sau sẽ mua tiếp ủng hộ shop hi_hi,de_xuat_mua
Hình ảnh và video không liên quan nhưng các bạn nên mua dép nhé,Hình ảnh và video không liên quan nhưng các bạn nên mua dép nhé,de_xuat_mua
Bạn mình mua ở shop nên giới thiệu mình mua,Bạn mình mua ở shop nên giới thiệu mình mua,de_xuat_mua
có nên mua nhà,có nên mua nhà,de_xuat_mua
Bé Sie nhỏ quá phải không? Mọi người nên mua ủng hộ shop nhé,Bé Sie nhỏ quá phải không? Mọi người nên mua ủng hộ shop nhé,de_xuat_mua
"Áo cực kì tệ, đừng mua nhiều nhé, chỉ là không giống trong hình thôi","Áo cực kì tệ, đừng mua nhiều nhé, chỉ là không giống trong hình thôi",de_xuat_mua
rcm nên mua nhé,rcm nên mua nhé,de_xuat_mua
Mọi người nên mua nhé,Mọi người nên mua nhé,de_xuat_mua
Bạn nên mua bể sie,Bạn nên mua bể sie,de_xuat_mua
mua là nên nói_chung nha,mua là nên nói_chung nha,de_xuat_mua
nói_chung là nên nha mua,nói_chung là nên nha mua,de_xuat_mua
nói_chung là mua nên nha,nói_chung là mua nên nha,de_xuat_mua
nói_chung đúng_mô_tả là nên mua nha,nói_chung đúng_mô_tả là nên mua nha,de_xuat_mua
sau bũa đặt tiếp,sau bũa đặt tiếp,de_xuat_mua
bũa sau đặt tiếp ổn,bũa sau đặt tiếp ổn,de_xuat_mua
bũa giới thiệu sau đặt tiếp,bũa giới thiệu sau đặt tiếp,de_xuat_mua
đặt sau bũa tiếp,đặt sau bũa tiếp,de_xuat_mua
nồng mùi ng k nên mua,nồng mùi ng k nên mua,de_xuat_mua
ng nhiệt_tình k nên mua,ng nhiệt_tình k nên mua,de_xuat_mua
ng k mua nên,ng k mua nên,de_xuat_mua
ng nên k mua,ng nên k mua,de_xuat_mua
mua nên nha pai,mua nên nha pai,de_xuat_mua
chuẩn nên mua nha pai,chuẩn nên mua nha pai,de_xuat_mua
nên nha mua pai,nên nha mua pai,de_xuat_mua
nên mịn mua nha pai,nên mịn mua nha pai,de_xuat_mua
cũng vì ham rẻ nên rằng ai_ngờ mua,cũng vì ham rẻ nên rằng ai_ngờ mua,de_xuat_mua
cũng vì ham hợp lý nên mua ai_ngờ rằng,cũng vì ham hợp lý nên mua ai_ngờ rằng,de_xuat_mua
cũng rằng ham rẻ nên mua ai_ngờ vì,cũng rằng ham rẻ nên mua ai_ngờ vì,de_xuat_mua
tốt bụng cũng vì ham rẻ nên mua ai_ngờ rằng,tốt bụng cũng vì ham rẻ nên mua ai_ngờ rằng,de_xuat_mua
nói_chung là nên mua nha chuẩn a hình_ảnh chi mang tính_chất minh_hoạ,nói_chung là nên mua nha chuẩn a hình_ảnh chi mang tính_chất minh_hoạ,de_xuat_mua
nói_chung là nên mua nha a hình_ảnh thân_thiện chi mang tính_chất minh_hoạ,nói_chung là nên mua nha a hình_ảnh thân_thiện chi mang tính_chất minh_hoạ,de_xuat_mua
nói_chung là nên oke mua nha a hình_ảnh chi mang tính_chất minh_hoạ,nói_chung là nên oke mua nha a hình_ảnh chi mang tính_chất minh_hoạ,de_xuat_mua
nói_chung là nên mua nha chi mang tính_chất minh_hoạ,nói_chung là nên mua nha chi mang tính_chất minh_hoạ,de_xuat_mua
mẫu dép ưng lắm ạ nhưng hơi cứng đeo vào lắm sang thì nên mua nhé ạ,mẫu dép ưng lắm ạ nhưng hơi cứng đeo vào lắm sang thì nên mua nhé ạ,de_xuat_mua
mẫu dép lắm lắm ạ nhưng hơi cứng đeo vào thì sang ưng nên mua nhé ạ,mẫu dép lắm lắm ạ nhưng hơi cứng đeo vào thì sang ưng nên mua nhé ạ,de_xuat_mua
nhưng dép ưng lắm ạ mẫu hơi cứng đeo vào thì sang lắm nên mua nhé ạ,nhưng dép ưng lắm ạ mẫu hơi cứng đeo vào thì sang lắm nên mua nhé ạ,de_xuat_mua
mẫu dép ưng lắm nhưng ạ hơi cứng đeo vào thì sang lắm nên mua nhé ạ,mẫu dép ưng lắm nhưng ạ hơi cứng đeo vào thì sang lắm nên mua nhé ạ,de_xuat_mua
ncl xuất sắc mng nên mua nha,ncl xuất sắc mng nên mua nha,de_xuat_mua
hỗ_trợ ncl mng nên mua nha,hỗ_trợ ncl mng nên mua nha,de_xuat_mua
ncl mng nên mua nha hòa đồng,ncl mng nên mua nha hòa đồng,de_xuat_mua
ncl nha,ncl nha,de_xuat_mua
sản phẩn nên nha mn,sản phẩn nên nha mn,de_xuat_mua
sản phẩn mn mua nha nên,sản phẩn mn mua nha nên,de_xuat_mua
sản phẩn nên bao bì mua nha mn,sản phẩn nên bao bì mua nha mn,de_xuat_mua
sản phẩn mua nên nha mn,sản phẩn mua nên nha mn,de_xuat_mua
hơi mỏng s l hơi giống s m nhm hè mặc mát thật_sự luôn mua nha a,hơi mỏng s l hơi giống s m nhm hè mặc mát thật_sự luôn mua nha a,de_xuat_mua
vải hơi mỏng s đáng mua l hơi giống s m nhm mùa hè mặc mát thật_sự luôn nên mua nha a,vải hơi mỏng s đáng mua l hơi giống s m nhm mùa hè mặc mát thật_sự luôn nên mua nha a,de_xuat_mua
vải hơi phải chăng mỏng s l hơi giống s m nhm mùa hè mặc mát thật_sự luôn nên mua nha a,vải hơi phải chăng mỏng s l hơi giống s m nhm mùa hè mặc mát thật_sự luôn nên mua nha a,de_xuat_mua
vải hơi mỏng oke s l hơi giống s m nhm mùa hè mặc mát thật_sự luôn nên mua nha a,vải hơi mỏng oke s l hơi giống s m nhm mùa hè mặc mát thật_sự luôn nên mua nha a,de_xuat_mua
mọi nghĩ mình người nên mua nha,mọi nghĩ mình người nên mua nha,de_xuat_mua
mình nghĩ mọi người nên mua dễ thương nha,mình nghĩ mọi người nên mua dễ thương nha,de_xuat_mua
mình mọi người nên mua nha,mình mọi người nên mua nha,de_xuat_mua
nên nghĩ mọi người mình mua nha,nên nghĩ mọi người mình mua nha,de_xuat_mua
nên mua nhé tuyệt_vời mọi người,nên mua nhé tuyệt_vời mọi người,de_xuat_mua
nên mua nhé người mọi,nên mua nhé người mọi,de_xuat_mua
mua nên nhé mọi người,mua nên nhé mọi người,de_xuat_mua
nên người nhé mọi mua,nên người nhé mọi mua,de_xuat_mua
sau_này sẽ quay ủng_hộ lại,sau_này sẽ quay ủng_hộ lại,de_xuat_mua
sau_này quay lại ủng_hộ,sau_này quay lại ủng_hộ,de_xuat_mua
sau_này sẽ lại ủng_hộ,sau_này sẽ lại ủng_hộ,de_xuat_mua
sau_này lại quay sẽ ủng_hộ,sau_này lại quay sẽ ủng_hộ,de_xuat_mua
rcm mn chán nên mua ạ,rcm mn chán nên mua ạ,de_xuat_mua
rcm ạ nên mua mn,rcm ạ nên mua mn,de_xuat_mua
rcm dễ thương mn nên mua ạ,rcm dễ thương mn nên mua ạ,de_xuat_mua
rcm mn ạ,rcm mn ạ,de_xuat_mua
nên người nha nha mọi mua,nên người nha nha mọi mua,de_xuat_mua
nên mua nha mùi nồng nha mọi người,nên mua nha mùi nồng nha mọi người,de_xuat_mua
nên mọi nha nha mua người,nên mọi nha nha mua người,de_xuat_mua
nên mua hỗ trợ tốt nha nha mọi người,nên mua hỗ trợ tốt nha nha mọi người,de_xuat_mua
nên mua hợp_lý nhé mn,nên mua hợp_lý nhé mn,de_xuat_mua
nên mua nhé mn vừa ý,nên mua nhé mn vừa ý,de_xuat_mua
nên mua ổn nhé mn,nên mua ổn nhé mn,de_xuat_mua
mua nhé mn,mua nhé mn,de_xuat_mua
tiếp sau mua lần,tiếp sau mua lần,de_xuat_mua
lâu lần sau mua tiếp,lâu lần sau mua tiếp,de_xuat_mua
lần sau tiếp mua,lần sau tiếp mua,de_xuat_mua
lần tiếp mua sau,lần tiếp mua sau,de_xuat_mua
mn kịp thời nên mua nhé,mn kịp thời nên mua nhé,de_xuat_mua
hợp_lý mn nên mua nhé,hợp_lý mn nên mua nhé,de_xuat_mua
mua nên mn nhé,mua nên mn nhé,de_xuat_mua
mn nên nhé,mn nên nhé,de_xuat_mua
nói_chung ok nên mua,nói_chung ok nên mua,de_xuat_mua
nói_chung nên mua trễ,nói_chung nên mua trễ,de_xuat_mua
ưng nói_chung nên mua,ưng nói_chung nên mua,de_xuat_mua
mua nên nói_chung,mua nên nói_chung,de_xuat_mua
mng mua a nha nên oii,mng mua a nha nên oii,de_xuat_mua
nên mua a nha mng hợp lý oii,nên mua a nha mng hợp lý oii,de_xuat_mua
nên mua a nha mng oii thích,nên mua a nha mng oii thích,de_xuat_mua
nên mua a nha mng,nên mua a nha mng,de_xuat_mua
sẽ quay lại ủng hôn sn á h h sn n shop sb si h,sẽ quay lại ủng hôn sn á h h sn n shop sb si h,de_xuat_mua
sẽ lại hôn shop á h h sn n sn sb si h,sẽ lại hôn shop á h h sn n sn sb si h,de_xuat_mua
sẽ quay không đạt lại ủng hôn shop á h h sn n sn sb si h,sẽ quay không đạt lại ủng hôn shop á h h sn n sn sb si h,de_xuat_mua
sẽ quay lại ủng xuất sắc hôn shop á h h sn n sn sb si h,sẽ quay lại ủng xuất sắc hôn shop á h h sn n sn sb si h,de_xuat_mua
mình săn sa le hợp lý nên được giá siêu rẻ mn nên mua nha,mình săn sa le hợp lý nên được giá siêu rẻ mn nên mua nha,de_xuat_mua
không ổn mình săn sa le nên được giá siêu rẻ mn nên mua nha,không ổn mình săn sa le nên được giá siêu rẻ mn nên mua nha,de_xuat_mua
mình săn sa le nên được giá siêu rẻ mn nên recommend mua nha,mình săn sa le nên được giá siêu rẻ mn nên recommend mua nha,de_xuat_mua
mình săn sa le nên được giá siêu hợp lý mn nên mua nha,mình săn sa le nên được giá siêu hợp lý mn nên mua nha,de_xuat_mua
mn nên mua nha đt yd ch s nhẹ,mn nên mua nha đt yd ch s nhẹ,de_xuat_mua
mn nên mua yd đt nha ch s,mn nên mua yd đt nha ch s,de_xuat_mua
mn nên mua nha đt ch s,mn nên mua nha đt ch s,de_xuat_mua
mn nên nha đt yd ch,mn nên nha đt yd ch,de_xuat_mua
giá đáng tiền nha mình mua đc giá sa le nên hời lắm đó nha mọi người nên mua,giá đáng tiền nha mình mua đc giá sa le nên hời lắm đó nha mọi người nên mua,de_xuat_mua
giá rẻ nha mình mua đc đúng_mô_tả giá sa le nên hời lắm đó nha mọi người nên mua,giá rẻ nha mình mua đc đúng_mô_tả giá sa le nên hời lắm đó nha mọi người nên mua,de_xuat_mua
giá rẻ nha đc giá sa le lắm đó nha mọi người nên mua,giá rẻ nha đc giá sa le lắm đó nha mọi người nên mua,de_xuat_mua
giá rẻ nha mình mua đc giá sa le nên hời lắm đó nha mọi người nên mua hàng lỗi,giá rẻ nha mình mua đc giá sa le nên hời lắm đó nha mọi người nên mua hàng lỗi,de_xuat_mua
ai đi thì nên,ai đi thì nên,de_xuat_mua
đi ai thì nên mua,đi ai thì nên mua,de_xuat_mua
chu đáo ai đi thì nên mua,chu đáo ai đi thì nên mua,de_xuat_mua
mua đi thì nên ai,mua đi thì nên ai,de_xuat_mua
săn nên mua đ k rẻ quá,săn nên mua đ k rẻ quá,de_xuat_mua
săn nên mua đ k à giá tốt quá,săn nên mua đ k à giá tốt quá,de_xuat_mua
nên mua đ k à quá,nên mua đ k à quá,de_xuat_mua
săn nên mua đ xịn k à rẻ quá,săn nên mua đ xịn k à rẻ quá,de_xuat_mua
không nên mua quá đểu,không nên mua quá đểu,de_xuat_mua
không nên dễ thương mua hàng này chất_liệu quá đểu,không nên dễ thương mua hàng này chất_liệu quá đểu,de_xuat_mua
không nên mua hàng này đểu quá chất_liệu,không nên mua hàng này đểu quá chất_liệu,de_xuat_mua
không nên mua hàng dễ chịu này chất_liệu quá đểu,không nên mua hàng dễ chịu này chất_liệu quá đểu,de_xuat_mua
nên mua ạ ue hy gi s,nên mua ạ ue hy gi s,de_xuat_mua
nên mua ạ ue hy s oke gi s h,nên mua ạ ue hy s oke gi s h,de_xuat_mua
nên mua ạ ue đóng hàng hy s gi s h,nên mua ạ ue đóng hàng hy s gi s h,de_xuat_mua
giới thiệu nên mua ạ ue hy s gi s h,giới thiệu nên mua ạ ue hy s gi s h,de_xuat_mua
chán mn nên mua thử nhé,chán mn nên mua thử nhé,de_xuat_mua
mn nên nhé thử mua,mn nên nhé thử mua,de_xuat_mua
mọi người chu đáo nên mua nhe,mọi người chu đáo nên mua nhe,de_xuat_mua
giá ổn mọi người nên mua nhe,giá ổn mọi người nên mua nhe,de_xuat_mua
mọi mua nên người nhe,mọi mua nên người nhe,de_xuat_mua
mọi người nên mua,mọi người nên mua,de_xuat_mua
mọi người về mua nên trải_nghiệm thử,mọi người về mua nên trải_nghiệm thử,de_xuat_mua
mọi mua đi người nên mua về trải_nghiệm thử,mọi mua đi người nên mua về trải_nghiệm thử,de_xuat_mua
mọi người nên mua thử trải_nghiệm về,mọi người nên mua thử trải_nghiệm về,de_xuat_mua
mọi người về trải_nghiệm thử,mọi người về trải_nghiệm thử,de_xuat_mua
vì có vo uc giá tốt he r shop e e xu nên mua đc giá khá rẻ,vì có vo uc giá tốt he r shop e e xu nên mua đc giá khá rẻ,de_xuat_mua
vì có vo siêu nhanh uc he r shop e e xu nên mua đc giá khá rẻ,vì có vo siêu nhanh uc he r shop e e xu nên mua đc giá khá rẻ,de_xuat_mua
vì có vo uc he r shop e e xu nên mua đc tốt bụng giá khá rẻ,vì có vo uc he r shop e e xu nên mua đc tốt bụng giá khá rẻ,de_xuat_mua
vì có vo uc he r shop e e xu nên mua đc giá khá giá tốt,vì có vo uc he r shop e e xu nên mua đc giá khá giá tốt,de_xuat_mua
nói_chung là rất ưng mua nhà mọi người mình săn được đôi này chỉ k thôi,nói_chung là rất ưng mua nhà mọi người mình săn được đôi này chỉ k thôi,de_xuat_mua
nói_chung là rất ưng nên mua nhà mọi người mình săn thôi đôi này giá chỉ k được,nói_chung là rất ưng nên mua nhà mọi người mình săn thôi đôi này giá chỉ k được,de_xuat_mua
nói_chung là rất hài_lòng nên mua nhà mọi người mình săn được đôi này giá chỉ k thôi,nói_chung là rất hài_lòng nên mua nhà mọi người mình săn được đôi này giá chỉ k thôi,de_xuat_mua
nói_chung là rất vừa ý nên mua nhà mọi người mình săn được đôi này giá chỉ k thôi,nói_chung là rất vừa ý nên mua nhà mọi người mình săn được đôi này giá chỉ k thôi,de_xuat_mua
nên giá tốt mua nha,nên giá tốt mua nha,de_xuat_mua
mua nên nha,mua nên nha,de_xuat_mua
nha mua nên,nha mua nên,de_xuat_mua
nên giá hạt rẻ này thì vs mua,nên giá hạt rẻ này thì vs mua,de_xuat_mua
vs giá hạt rẻ này thì quá đỉnh nên mua,vs giá hạt rẻ này thì quá đỉnh nên mua,de_xuat_mua
vs giá hạt rẻ thì nên mua,vs giá hạt rẻ thì nên mua,de_xuat_mua
vs giá hạt rẻ này thì nên oke mua,vs giá hạt rẻ này thì nên oke mua,de_xuat_mua
cũng_nên nhẹ mua,cũng_nên nhẹ mua,de_xuat_mua
cũng_nên tuyệt mua,cũng_nên tuyệt mua,de_xuat_mua
lẹ cũng_nên mua,lẹ cũng_nên mua,de_xuat_mua
không ổn cũng_nên mua,không ổn cũng_nên mua,de_xuat_mua
nên nha mua mn,nên nha mua mn,de_xuat_mua
nha mua nên mn,nha mua nên mn,de_xuat_mua
mua nha mn,mua nha mn,de_xuat_mua
nha mn,nha mn,de_xuat_mua
điểm kém nha nên mua,điểm kém nha nên mua,de_xuat_mua
điểm nên mua,điểm nên mua,de_xuat_mua
điểm nha,điểm nha,de_xuat_mua
điểm nha nên mua chuẩn,điểm nha nên mua chuẩn,de_xuat_mua
ạ mua nên,ạ mua nên,de_xuat_mua
nên ạ mua,nên ạ mua,de_xuat_mua
mua nên ạ,mua nên ạ,de_xuat_mua
các mua nên bạn nhé,các mua nên bạn nhé,de_xuat_mua
phải chăng các bạn nên mua nhé,phải chăng các bạn nên mua nhé,de_xuat_mua
các nhé nên mua bạn,các nhé nên mua bạn,de_xuat_mua
các nên mua,các nên mua,de_xuat_mua
sẽ lại của shop này lần nx,sẽ lại của shop này lần nx,de_xuat_mua
sẽ lại mua của shop này lần nx,sẽ lại mua của shop này lần nx,de_xuat_mua
sẽ mua lại lần shop này của nx,sẽ mua lại lần shop này của nx,de_xuat_mua
sẽ mua lại của shop nhẹ này lần nx,sẽ mua lại của shop nhẹ này lần nx,de_xuat_mua
tính_năng nổi_bật không kết_nối được dì ư nge ko đ luôn ơ c khiên mn đừng nên mua,tính_năng nổi_bật không kết_nối được dì ư nge ko đ luôn ơ c khiên mn đừng nên mua,de_xuat_mua
tính_năng nổi_bật không kết_nối được dì luôn nge ko đ ư y hình ơ c khiên mn đừng nên mua,tính_năng nổi_bật không kết_nối được dì luôn nge ko đ ư y hình ơ c khiên mn đừng nên mua,de_xuat_mua
không nổi_bật tính_năng kết_nối được dì luôn nge ko đ ư ơ c khiên mn đừng nên mua,không nổi_bật tính_năng kết_nối được dì luôn nge ko đ ư ơ c khiên mn đừng nên mua,de_xuat_mua
tính_năng nổi_bật không kết_nối được luôn dì nge ko đ ư ơ c khiên mn đừng nên mua,tính_năng nổi_bật không kết_nối được luôn dì nge ko đ ư ơ c khiên mn đừng nên mua,de_xuat_mua
hàng giống trong nha shop lúc_nào mình mua tiếp ạ,hàng giống trong nha shop lúc_nào mình mua tiếp ạ,de_xuat_mua
hàng giống trong ảnh nha shop mình mua tiếp ạ,hàng giống trong ảnh nha shop mình mua tiếp ạ,de_xuat_mua
nha giống trong ảnh hàng shop lúc_nào mình mua tiếp ạ,nha giống trong ảnh hàng shop lúc_nào mình mua tiếp ạ,de_xuat_mua
hàng giống ảnh nha shop lúc_nào mua tiếp ạ,hàng giống ảnh nha shop lúc_nào mua tiếp ạ,de_xuat_mua
nên mn mua về để trang_trí bàn học vv,nên mn mua về để trang_trí bàn học vv,de_xuat_mua
mn nên về mua để trang_trí bàn học vv,mn nên về mua để trang_trí bàn học vv,de_xuat_mua
mn như hình nên mua về để trang_trí bàn học vv,mn như hình nên mua về để trang_trí bàn học vv,de_xuat_mua
mn về để trang_trí bàn học vv,mn về để trang_trí bàn học vv,de_xuat_mua
đc cx dùng nên mua nha,đc cx dùng nên mua nha,de_xuat_mua
phải chăng dùng cx đc nên mua nha,phải chăng dùng cx đc nên mua nha,de_xuat_mua
cx dùng đc nên mua nha,cx dùng đc nên mua nha,de_xuat_mua
nha cx đc nên mua dùng,nha cx đc nên mua dùng,de_xuat_mua
rcm mua,rcm mua,de_xuat_mua
mua mn rcm nhó,mua mn rcm nhó,de_xuat_mua
rcm mn chuẩn mua nhó,rcm mn chuẩn mua nhó,de_xuat_mua
rcm nhó mua mn,rcm nhó mua mn,de_xuat_mua
nên nhé mua,nên nhé mua,de_xuat_mua
nhé mua nên,nhé mua nên,de_xuat_mua
nên mua nhé xuất sắc,nên mua nhé xuất sắc,de_xuat_mua
nên nhẹ mua nhé,nên nhẹ mua nhé,de_xuat_mua
mua mọi người,mua mọi người,de_xuat_mua
nên mua mọi nha người,nên mua mọi nha người,de_xuat_mua
tận tâm nên mua nha mọi người,tận tâm nên mua nha mọi người,de_xuat_mua
nha mọi người,nha mọi người,de_xuat_mua
mua nên nha mọi người có gì để chê cả,mua nên nha mọi người có gì để chê cả,de_xuat_mua
nên mua nha mọi người có chu đáo gì để chê cả,nên mua nha mọi người có chu đáo gì để chê cả,de_xuat_mua
nha mua nên mọi người có gì để chê cả,nha mua nên mọi người có gì để chê cả,de_xuat_mua
nên mua nha mọi chê có gì để người cả,nên mua nha mọi chê có gì để người cả,de_xuat_mua
nên mua mik đc mã giảm k nên k đắt lắm rẻ nha,nên mua mik đc mã giảm k nên k đắt lắm rẻ nha,de_xuat_mua
nên mua mik đc mã giảm k nhanh_chóng nên k đắt nha rẻ lắm,nên mua mik đc mã giảm k nhanh_chóng nên k đắt nha rẻ lắm,de_xuat_mua
nên mua mik đc mã giảm k nên k đắt nha lắm,nên mua mik đc mã giảm k nên k đắt nha lắm,de_xuat_mua
nên mua mik đc mã giảm k nên k đắt nha hợp lý lắm,nên mua mik đc mã giảm k nên k đắt nha hợp lý lắm,de_xuat_mua
sie dép hình_như nhỏ hơn bth nên số to trừ_hao,sie dép hình_như nhỏ hơn bth nên số to trừ_hao,de_xuat_mua
sie dép hình_như nhỏ hơn bth nên mua muộn số to để trừ_hao ạ,sie dép hình_như nhỏ hơn bth nên mua muộn số to để trừ_hao ạ,de_xuat_mua
sie dép hình_như nhỏ hơn bth nên số to để trừ_hao,sie dép hình_như nhỏ hơn bth nên số to để trừ_hao,de_xuat_mua
sie dép hình_như nhỏ hơn để nên mua số to bth trừ_hao ạ,sie dép hình_như nhỏ hơn để nên mua số to bth trừ_hao ạ,de_xuat_mua
nên r nha mình mua chỉ k thôi sd hơn thá g mua chưa thấy hư,nên r nha mình mua chỉ k thôi sd hơn thá g mua chưa thấy hư,de_xuat_mua
nên mua nha mình mua chỉ k thôi sd hơn thá hợp_lý g r chưa thấy hư,nên mua nha mình mua chỉ k thôi sd hơn thá hợp_lý g r chưa thấy hư,de_xuat_mua
nên mua nha mình chỉ thôi sd hơn thá g chưa thấy hư,nên mua nha mình chỉ thôi sd hơn thá g chưa thấy hư,de_xuat_mua
nên mua nha mình mua chỉ k thôi sd hư thá g r chưa thấy hơn,nên mua nha mình mua chỉ k thôi sd hư thá g r chưa thấy hơn,de_xuat_mua
giày vừa nhưng phần mũi hơi kích sẽ mua nếu có nên mua dịp sai,giày vừa nhưng phần mũi hơi kích sẽ mua nếu có nên mua dịp sai,de_xuat_mua
giày vừa nhưng sẽ mũi hơi kích phần mua nếu có dịp sai,giày vừa nhưng sẽ mũi hơi kích phần mua nếu có dịp sai,de_xuat_mua
giày vừa hơi phần mũi nhưng kích sẽ mua nếu có dịp sai,giày vừa hơi phần mũi nhưng kích sẽ mua nếu có dịp sai,de_xuat_mua
vừa nhưng phần mũi hơi kích nếu có dịp sai,vừa nhưng phần mũi hơi kích nếu có dịp sai,de_xuat_mua
dây sạc và kết_nối với khá là ngắn nên mua nha mọi người,dây sạc và kết_nối với khá là ngắn nên mua nha mọi người,de_xuat_mua
dây sạc dây kết_nối máy_tính khá là ngắn nên nha mọi người,dây sạc dây kết_nối máy_tính khá là ngắn nên nha mọi người,de_xuat_mua
dây sạc và dây kết_nối với máy_tính khá là ngắn nên mua nha mọi quá đỉnh người,dây sạc và dây kết_nối với máy_tính khá là ngắn nên mua nha mọi quá đỉnh người,de_xuat_mua
dây cảm_ơn sạc và dây kết_nối với máy_tính khá là ngắn nên mua nha mọi người,dây cảm_ơn sạc và dây kết_nối với máy_tính khá là ngắn nên mua nha mọi người,de_xuat_mua
vãn rất nên ôk mua nha,vãn rất nên ôk mua nha,de_xuat_mua
vãn rất nên mua,vãn rất nên mua,de_xuat_mua
vãn hỗ trợ tốt rất ôk nên mua nha,vãn hỗ trợ tốt rất ôk nên mua nha,de_xuat_mua
vãn hòa đồng rất ôk nên mua nha,vãn hòa đồng rất ôk nên mua nha,de_xuat_mua
mn siêu nhanh nên mua nka,mn siêu nhanh nên mua nka,de_xuat_mua
mn mua,mn mua,de_xuat_mua
nên mua nka,nên mua nka,de_xuat_mua
giúp đỡ mn nên mua nka,giúp đỡ mn nên mua nka,de_xuat_mua
nên mua lắm nha mng rcm,nên mua lắm nha mng rcm,de_xuat_mua
nên nha lắm mua mng,nên nha lắm mua mng,de_xuat_mua
mng mua lắm nha nên,mng mua lắm nha nên,de_xuat_mua
nên n mua,nên n mua,de_xuat_mua
n đẹp nên mua,n đẹp nên mua,de_xuat_mua
n mua nên,n mua nên,de_xuat_mua
mua nên n,mua nên n,de_xuat_mua
nhưng nên nha,nhưng nên nha,de_xuat_mua
nhưng tuyệt nên mua nha m,nhưng tuyệt nên mua nha m,de_xuat_mua
nhưng nên lỗi hàng mua nha m,nhưng nên lỗi hàng mua nha m,de_xuat_mua
nha tiền nên mua đáng_giá,nha tiền nên mua đáng_giá,de_xuat_mua
đáng_giá tiền nên mua nha đóng hàng,đáng_giá tiền nên mua nha đóng hàng,de_xuat_mua
đáng_giá tiền nên nha,đáng_giá tiền nên nha,de_xuat_mua
đáng_giá tiền nên nha mua,đáng_giá tiền nên nha mua,de_xuat_mua
nha nên mua thử mn,nha nên mua thử mn,de_xuat_mua
mn nên mua thử nha thanks,mn nên mua thử nha thanks,de_xuat_mua
nên mn mua thử nha,nên mn mua thử nha,de_xuat_mua
mn nên cl mua thử,mn nên cl mua thử,de_xuat_mua
mn nên mua nên mua thử,mn nên mua nên mua thử,de_xuat_mua
mua nên mn thử,mua nên mn thử,de_xuat_mua
mn nên mua thử cảm ơn shop,mn nên mua thử cảm ơn shop,de_xuat_mua
nên mua shop bán rất là đc lun đã mua uy_tín hai lần mà lần nào mua cũng rất là ưng lun,nên mua shop bán rất là đc lun đã mua uy_tín hai lần mà lần nào mua cũng rất là ưng lun,de_xuat_mua
nên mua shop bán rất là uy_tín lun đã mua đc hai lần mà lần nào mua cũng rất là ưng lun dễ chịu,nên mua shop bán rất là uy_tín lun đã mua đc hai lần mà lần nào mua cũng rất là ưng lun dễ chịu,de_xuat_mua
nên mua shop bán rất là uy_tín lun đã mua đc lần mà lần nào mua cũng rất là ưng lun,nên mua shop bán rất là uy_tín lun đã mua đc lần mà lần nào mua cũng rất là ưng lun,de_xuat_mua
nên mua shop bán rất là uy_tín lun đã mua đc hai lần mà lần nào mua cũng rất là ok lun,nên mua shop bán rất là uy_tín lun đã mua đc hai lần mà lần nào mua cũng rất là ok lun,de_xuat_mua
nên với hợp mua túi_tiền,nên với hợp mua túi_tiền,de_xuat_mua
nên xịn mua hợp với túi_tiền,nên xịn mua hợp với túi_tiền,de_xuat_mua
nên mua hợp với túi_tiền tuyệt,nên mua hợp với túi_tiền tuyệt,de_xuat_mua
nên mua với hợp túi_tiền,nên mua với hợp túi_tiền,de_xuat_mua
với giá thì mua nha,với giá thì mua nha,de_xuat_mua
với giá này thì nên mua nha cảm_ơn,với giá này thì nên mua nha cảm_ơn,de_xuat_mua
với giá này nên mua nha,với giá này nên mua nha,de_xuat_mua
với giá này thì nên xuất sắc mua nha,với giá này thì nên xuất sắc mua nha,de_xuat_mua
mn nên mua bao bì ạ,mn nên mua bao bì ạ,de_xuat_mua
nên mn mua ạ,nên mn mua ạ,de_xuat_mua
mn ạ mua nên,mn ạ mua nên,de_xuat_mua
mn mua nên ạ,mn mua nên ạ,de_xuat_mua
lần mua nên,lần mua nên,de_xuat_mua
mua nên lần,mua nên lần,de_xuat_mua
nên lần mua,nên lần mua,de_xuat_mua
nên mua lần đáng mua,nên mua lần đáng mua,de_xuat_mua
ncl mình re com men de d mọi nên người mua nha,ncl mình re com men de d mọi nên người mua nha,de_xuat_mua
ncl mình d com men de re mọi người nên mua nha,ncl mình d com men de re mọi người nên mua nha,de_xuat_mua
ncl nên re com men de d mọi người mình mua nha,ncl nên re com men de d mọi người mình mua nha,de_xuat_mua
de mình re com men ncl d mọi người nên mua nha,de mình re com men ncl d mọi người nên mua nha,de_xuat_mua
nên mua mỗi_tội con gấu nó kiểu bị lồi lên chứ ko giống còn gấu trong ảnh mấy,nên mua mỗi_tội con gấu nó kiểu bị lồi lên chứ ko giống còn gấu trong ảnh mấy,de_xuat_mua
nên cute mua nhưng_mà mỗi_tội con gấu nó kiểu bị lồi lên chứ ko giống còn gấu trong ảnh mấy,nên cute mua nhưng_mà mỗi_tội con gấu nó kiểu bị lồi lên chứ ko giống còn gấu trong ảnh mấy,de_xuat_mua
nên mua nhưng_mà mỗi_tội con gấu ảnh kiểu bị lồi lên chứ ko giống còn gấu trong nó mấy,nên mua nhưng_mà mỗi_tội con gấu ảnh kiểu bị lồi lên chứ ko giống còn gấu trong nó mấy,de_xuat_mua
nên mua nhưng_mà mỗi_tội con gấu nó kiểu bị lồi lên chứ ko còn gấu trong ảnh mấy,nên mua nhưng_mà mỗi_tội con gấu nó kiểu bị lồi lên chứ ko còn gấu trong ảnh mấy,de_xuat_mua
cảm_ơn nên mua,cảm_ơn nên mua,de_xuat_mua
tuyệt nên mua,tuyệt nên mua,de_xuat_mua
nhe mua nên e,nhe mua nên e,de_xuat_mua
nên nhe mua e,nên nhe mua e,de_xuat_mua
nên mua nhe e tốt bụng,nên mua nhe e tốt bụng,de_xuat_mua
nên mua thanks nhe e,nên mua thanks nhe e,de_xuat_mua
mn nên tính_chất nha hình_ảnh mang mua minh_hoạ,mn nên tính_chất nha hình_ảnh mang mua minh_hoạ,de_xuat_mua
mn nên mua nha nên mua hình_ảnh mang tính_chất minh_hoạ,mn nên mua nha nên mua hình_ảnh mang tính_chất minh_hoạ,de_xuat_mua
mn nên mua nên mua nha hình_ảnh mang tính_chất minh_hoạ,mn nên mua nên mua nha hình_ảnh mang tính_chất minh_hoạ,de_xuat_mua
mn defect nên mua nha hình_ảnh mang tính_chất minh_hoạ,mn defect nên mua nha hình_ảnh mang tính_chất minh_hoạ,de_xuat_mua
lần sau tôi sẽ mua tiếp shop hi_hi,lần sau tôi sẽ mua tiếp shop hi_hi,de_xuat_mua
lần sau tôi sẽ mua tiếp ủng_hộ shop bị lỗi hi_hi,lần sau tôi sẽ mua tiếp ủng_hộ shop bị lỗi hi_hi,de_xuat_mua
lần sau tôi chuẩn sẽ mua tiếp ủng_hộ shop hi_hi,lần sau tôi chuẩn sẽ mua tiếp ủng_hộ shop hi_hi,de_xuat_mua
lần sau tôi tiếp mua sẽ ủng_hộ shop hi_hi,lần sau tôi tiếp mua sẽ ủng_hộ shop hi_hi,de_xuat_mua
hình_ảnh không liên_quan nên mua nha mn,hình_ảnh không liên_quan nên mua nha mn,de_xuat_mua
hình_ảnh vs video không liên_quan nhưng_mà nên dép nha mn,hình_ảnh vs video không liên_quan nhưng_mà nên dép nha mn,de_xuat_mua
nha vs video không liên_quan nhưng_mà nên mua dép hình_ảnh mn,nha vs video không liên_quan nhưng_mà nên mua dép hình_ảnh mn,de_xuat_mua
hình_ảnh nhưng_mà video không liên_quan vs nên mua dép nha mn,hình_ảnh nhưng_mà video không liên_quan vs nên mua dép nha mn,de_xuat_mua
nên mua á mọi người giá ổn,nên mua á mọi người giá ổn,de_xuat_mua
phải chăng nên mua á mọi người,phải chăng nên mua á mọi người,de_xuat_mua
á mọi người,á mọi người,de_xuat_mua
nên mua mọi á người,nên mua mọi á người,de_xuat_mua
mọi người mua nên nha,mọi người mua nên nha,de_xuat_mua
mọi người nên nha,mọi người nên nha,de_xuat_mua
người nên nha,người nên nha,de_xuat_mua
mọi người nên mua hàng lỗi nha,mọi người nên mua hàng lỗi nha,de_xuat_mua
bạn em mua mua shop rồi nên giới_thiệu e bên a,bạn em mua mua shop rồi nên giới_thiệu e bên a,de_xuat_mua
bạn em mua bên shop rồi kém nên giới_thiệu e mua a,bạn em mua bên shop rồi kém nên giới_thiệu e mua a,de_xuat_mua
bạn em mua bên shop rồi nên giới_thiệu e mua a cẩn_thận,bạn em mua bên shop rồi nên giới_thiệu e mua a cẩn_thận,de_xuat_mua
bạn em bên mua shop rồi nên giới_thiệu e mua a,bạn em bên mua shop rồi nên giới_thiệu e mua a,de_xuat_mua
nhà mua nên,nhà mua nên,de_xuat_mua
mua nên nhà,mua nên nhà,de_xuat_mua
nên phải chăng mua nhà,nên phải chăng mua nhà,de_xuat_mua
nên mua bị lỗi nhà,nên mua bị lỗi nhà,de_xuat_mua
sie hay sao bé xíu huu mọi người nên mua nha ủng_hộ,sie hay sao bé xíu huu mọi người nên mua nha ủng_hộ,de_xuat_mua
sie ủng_hộ hay sao bé xíu huu mọi người nên mua nha trẻ_em shop,sie ủng_hộ hay sao bé xíu huu mọi người nên mua nha trẻ_em shop,de_xuat_mua
sie trẻ_em hay sao bé xíu mọi nên mua ủng_hộ shop,sie trẻ_em hay sao bé xíu mọi nên mua ủng_hộ shop,de_xuat_mua
sie trẻ_em hay sao mua xíu huu mọi người nên bé nha ủng_hộ shop,sie trẻ_em hay sao mua xíu huu mọi người nên bé nha ủng_hộ shop,de_xuat_mua
mn nên xịn mua nha,mn nên xịn mua nha,de_xuat_mua
nha nên mua mn,nha nên mua mn,de_xuat_mua
mn mua nha,mn mua nha,de_xuat_mua
mn oke nên mua nha,mn oke nên mua nha,de_xuat_mua
áo giống đểu nha mn đừng nên mua nhiều chỉ thừa ko cực trong ảnh,áo giống đểu nha mn đừng nên mua nhiều chỉ thừa ko cực trong ảnh,de_xuat_mua
áo nha đểu cực mn đừng nên mua nhiều chỉ thừa ko giống trong ảnh,áo nha đểu cực mn đừng nên mua nhiều chỉ thừa ko giống trong ảnh,de_xuat_mua
áo cực đểu trễ nha mn đừng nên mua nhiều chỉ thừa ko giống trong ảnh,áo cực đểu trễ nha mn đừng nên mua nhiều chỉ thừa ko giống trong ảnh,de_xuat_mua
áo cực đểu đừng nên mua nhiều chỉ thừa ko giống trong ảnh,áo cực đểu đừng nên mua nhiều chỉ thừa ko giống trong ảnh,de_xuat_mua
rcm nên nha mua,rcm nên nha mua,de_xuat_mua
rcm nên nha,rcm nên nha,de_xuat_mua
chất_lượng rcm nên mua nha,chất_lượng rcm nên mua nha,de_xuat_mua
rcm nên mua nha ổn,rcm nên mua nha ổn,de_xuat_mua
mọi người nên a nha mua,mọi người nên a nha mua,de_xuat_mua
mọi người đáng tiền nên mua nha a,mọi người đáng tiền nên mua nha a,de_xuat_mua
bao bì mọi người nên mua nha a,bao bì mọi người nên mua nha a,de_xuat_mua
mọi người nha mua nên a,mọi người nha mua nên a,de_xuat_mua
mua nên nhé mng,mua nên nhé mng,de_xuat_mua
nên mua cl nhé mng,nên mua cl nhé mng,de_xuat_mua
mua mng,mua mng,de_xuat_mua
nên mng nhé mua,nên mng nhé mua,de_xuat_mua
nên mua nha giá ổn mng,nên mua nha giá ổn mng,de_xuat_mua
nên nha mua mng,nên nha mua mng,de_xuat_mua
nên mng nha mua,nên mng nha mua,de_xuat_mua
nên mua mua đi nha mng,nên mua mua đi nha mng,de_xuat_mua
nên mua sie,nên mua sie,de_xuat_mua
nên mua tăng sie đúng hẹn,nên mua tăng sie đúng hẹn,de_xuat_mua
nên mua tăng sie giới thiệu,nên mua tăng sie giới thiệu,de_xuat_mua
nên mua tăng sie ok,nên mua tăng sie ok,de_xuat_mua
nói_chung ok là nên mua nha,nói_chung ok là nên mua nha,de_xuat_mua
rcm nói_chung là nên mua nha,rcm nói_chung là nên mua nha,de_xuat_mua
bũa sau tiếp đặt,bũa sau tiếp đặt,de_xuat_mua
bũa đặt sau tiếp,bũa đặt sau tiếp,de_xuat_mua
bũa sau đặt hợp lý tiếp,bũa sau đặt hợp lý tiếp,de_xuat_mua
bũa giúp đỡ sau đặt tiếp,bũa giúp đỡ sau đặt tiếp,de_xuat_mua
k mua,k mua,de_xuat_mua
defect ng k nên mua,defect ng k nên mua,de_xuat_mua
ng k thất vọng nên mua,ng k thất vọng nên mua,de_xuat_mua
xịn nên mua nha pai,xịn nên mua nha pai,de_xuat_mua
nha mua nên pai,nha mua nên pai,de_xuat_mua
nên mua nha pai chưa tới,nên mua nha pai chưa tới,de_xuat_mua
nên mua cảm ơn shop nha pai,nên mua cảm ơn shop nha pai,de_xuat_mua
cũng vì nên rẻ ham mua ai_ngờ rằng,cũng vì nên rẻ ham mua ai_ngờ rằng,de_xuat_mua
cũng vì ham đáng tiền nên mua ai_ngờ rằng,cũng vì ham đáng tiền nên mua ai_ngờ rằng,de_xuat_mua
cũng ham rẻ nên mua ai_ngờ rằng,cũng ham rẻ nên mua ai_ngờ rằng,de_xuat_mua
vì ham rẻ nên mua ai_ngờ rằng,vì ham rẻ nên mua ai_ngờ rằng,de_xuat_mua
nói_chung là nên mua nha a hình_ảnh chi ổn mang tính_chất minh_hoạ,nói_chung là nên mua nha a hình_ảnh chi ổn mang tính_chất minh_hoạ,de_xuat_mua
nói_chung a nên mua nha là hình_ảnh chi mang tính_chất minh_hoạ,nói_chung a nên mua nha là hình_ảnh chi mang tính_chất minh_hoạ,de_xuat_mua
nói_chung là nên mua nha a hình_ảnh chi mang tính_chất quá đỉnh minh_hoạ,nói_chung là nên mua nha a hình_ảnh chi mang tính_chất quá đỉnh minh_hoạ,de_xuat_mua
a là nên mua nha nói_chung hình_ảnh chi mang tính_chất minh_hoạ,a là nên mua nha nói_chung hình_ảnh chi mang tính_chất minh_hoạ,de_xuat_mua
mẫu dép ok lắm ạ nhưng hơi cứng đeo vào thì sang lắm nên mua nhé ạ,mẫu dép ok lắm ạ nhưng hơi cứng đeo vào thì sang lắm nên mua nhé ạ,de_xuat_mua
mẫu dép vừa ý lắm ạ nhưng hơi cứng đeo vào thì sang lắm nên mua nhé ạ,mẫu dép vừa ý lắm ạ nhưng hơi cứng đeo vào thì sang lắm nên mua nhé ạ,de_xuat_mua
mẫu dép ưng lắm ạ nhưng hơi cứng đeo vào thì sang lắm nên mua nhé ạ xịn,mẫu dép ưng lắm ạ nhưng hơi cứng đeo vào thì sang lắm nên mua nhé ạ xịn,de_xuat_mua
mẫu dép ưng lắm ạ hợp_lý nhưng hơi cứng đeo vào thì sang lắm nên mua nhé ạ,mẫu dép ưng lắm ạ hợp_lý nhưng hơi cứng đeo vào thì sang lắm nên mua nhé ạ,de_xuat_mua
ncl mng nên nha mua,ncl mng nên nha mua,de_xuat_mua
ncl nên nha,ncl nên nha,de_xuat_mua
ncl nên,ncl nên,de_xuat_mua
ncl mng nên mua nha đáng mua,ncl mng nên mua nha đáng mua,de_xuat_mua
sản nên mua mn,sản nên mua mn,de_xuat_mua
phẩn sản nên mua nha mn,phẩn sản nên mua nha mn,de_xuat_mua
sản nên mn,sản nên mn,de_xuat_mua
xịn sản phẩn nên mua nha mn,xịn sản phẩn nên mua nha mn,de_xuat_mua
vải hè mỏng s l hơi giống s m nhm mùa hơi mặc mát thật_sự luôn nên mua nha a,vải hè mỏng s l hơi giống s m nhm mùa hơi mặc mát thật_sự luôn nên mua nha a,de_xuat_mua
vải hơi mỏng s l hơi giống s m nhm mùa mặc hè mát thật_sự luôn nên mua nha a,vải hơi mỏng s l hơi giống s m nhm mùa mặc hè mát thật_sự luôn nên mua nha a,de_xuat_mua
vải hơi mỏng s l hơi giống ưng s m nhm mùa hè mặc mát thật_sự luôn nên mua nha a,vải hơi mỏng s l hơi giống ưng s m nhm mùa hè mặc mát thật_sự luôn nên mua nha a,de_xuat_mua
vải hơi mỏng s l hơi giống s m nhm mùa hè mặc a thật_sự luôn nên mua nha mát,vải hơi mỏng s l hơi giống s m nhm mùa hè mặc a thật_sự luôn nên mua nha mát,de_xuat_mua
mình nghĩ mọi người nha mua nên,mình nghĩ mọi người nha mua nên,de_xuat_mua
nghĩ mình mọi người nên mua nha,nghĩ mình mọi người nên mua nha,de_xuat_mua
mình nghĩ mọi người nên kịp thời mua nha,mình nghĩ mọi người nên kịp thời mua nha,de_xuat_mua
mình nghĩ người nên mua nha,mình nghĩ người nên mua nha,de_xuat_mua
người mua nhé mọi nên,người mua nhé mọi nên,de_xuat_mua
nên mua nhé phải chăng mọi người,nên mua nhé phải chăng mọi người,de_xuat_mua
nên mua mọi người,nên mua mọi người,de_xuat_mua
sau_này sẽ ủng_hộ lại quay,sau_này sẽ ủng_hộ lại quay,de_xuat_mua
sẽ quay,sẽ quay,de_xuat_mua
hợp_lý sau_này sẽ quay lại ủng_hộ,hợp_lý sau_này sẽ quay lại ủng_hộ,de_xuat_mua
rcm nên mua ạ,rcm nên mua ạ,de_xuat_mua
rcm chắc mn nên mua ạ,rcm chắc mn nên mua ạ,de_xuat_mua
mn nên,mn nên,de_xuat_mua
rcm mn nên,rcm mn nên,de_xuat_mua
khuyến nghị nên mua nha nha mọi người,khuyến nghị nên mua nha nha mọi người,de_xuat_mua
nên mua đóng_gói nha nha mọi người,nên mua đóng_gói nha nha mọi người,de_xuat_mua
nên lâu mua nha nha mọi người,nên lâu mua nha nha mọi người,de_xuat_mua
nên mua nha người mọi nha,nên mua nha người mọi nha,de_xuat_mua
mua nên nhé mn,mua nên nhé mn,de_xuat_mua
nên mua nhé cảm ơn shop mn,nên mua nhé cảm ơn shop mn,de_xuat_mua
nhé mua nên mn,nhé mua nên mn,de_xuat_mua
mn mua nhé nên,mn mua nhé nên,de_xuat_mua
oke lần sau mua tiếp,oke lần sau mua tiếp,de_xuat_mua
lần mua sau tiếp,lần mua sau tiếp,de_xuat_mua
sau lần mua tiếp,sau lần mua tiếp,de_xuat_mua
mn nhé mua nên,mn nhé mua nên,de_xuat_mua
mn mua nên nhé,mn mua nên nhé,de_xuat_mua
mn nên mua nhé bao bì,mn nên mua nhé bao bì,de_xuat_mua
nên mn mua nhé,nên mn mua nhé,de_xuat_mua
nói_chung nên mua tuyệt vời,nói_chung nên mua tuyệt vời,de_xuat_mua
nói_chung nên hợp_lý mua,nói_chung nên hợp_lý mua,de_xuat_mua
nói_chung mua nên,nói_chung mua nên,de_xuat_mua
nói_chung nên mua xịn,nói_chung nên mua xịn,de_xuat_mua
nên mua a nha hỗ_trợ mng oii,nên mua a nha hỗ_trợ mng oii,de_xuat_mua
nên mua nha a mng oii,nên mua nha a mng oii,de_xuat_mua
mua nha mng,mua nha mng,de_xuat_mua
nên quá đỉnh mua a nha mng oii,nên quá đỉnh mua a nha mng oii,de_xuat_mua
sẽ quay lại ủng hôn shop á h sn sn sb si h,sẽ quay lại ủng hôn shop á h sn sn sb si h,de_xuat_mua
sẽ quay lại ủng hôn shop á chuẩn h h sn n sn sb si h,sẽ quay lại ủng hôn shop á chuẩn h h sn n sn sb si h,de_xuat_mua
sẽ quay lại ủng hôn sn á h h shop n sn sb si h,sẽ quay lại ủng hôn sn á h h shop n sn sb si h,de_xuat_mua
sẽ quay ủng lại hôn shop á h h sn n sn sb si h,sẽ quay ủng lại hôn shop á h h sn n sn sb si h,de_xuat_mua
mình săn sa nha nên được giá siêu rẻ mn nên mua le,mình săn sa nha nên được giá siêu rẻ mn nên mua le,de_xuat_mua
mình săn sa le nên được giá siêu rẻ mn nên mua chuẩn nha,mình săn sa le nên được giá siêu rẻ mn nên mua chuẩn nha,de_xuat_mua
mình săn mn le nên được giá siêu rẻ sa nên mua nha,mình săn mn le nên được giá siêu rẻ sa nên mua nha,de_xuat_mua
mình săn sa le nên được mua siêu rẻ mn nên giá nha,mình săn sa le nên được mua siêu rẻ mn nên giá nha,de_xuat_mua
nha nên mua mn đt yd ch s,nha nên mua mn đt yd ch s,de_xuat_mua
mn nha đt yd ch s,mn nha đt yd ch s,de_xuat_mua
mn nên mua nha đt ch,mn nên mua nha đt ch,de_xuat_mua
mn nên mua đt nha yd ch s,mn nên mua đt nha yd ch s,de_xuat_mua
giá giá tốt nha mình mua đc giá sa le nên hời lắm đó nha mọi người nên mua,giá giá tốt nha mình mua đc giá sa le nên hời lắm đó nha mọi người nên mua,de_xuat_mua
giá hợp_lý nha mình mua đc giá sa le nên hời lắm đó nha mọi người nên mua,giá hợp_lý nha mình mua đc giá sa le nên hời lắm đó nha mọi người nên mua,de_xuat_mua
giá rẻ nha lắm mua đc giá sa le nên hời mình đó nha mọi người nên mua,giá rẻ nha lắm mua đc giá sa le nên hời mình đó nha mọi người nên mua,de_xuat_mua
giá rẻ nha mình mua đc giá sa le nên hời lắm đó nha mọi mua nên người,giá rẻ nha mình mua đc giá sa le nên hời lắm đó nha mọi mua nên người,de_xuat_mua
ai cẩn_thận đi thì nên mua,ai cẩn_thận đi thì nên mua,de_xuat_mua
ai đi thì nên mua chưa tới,ai đi thì nên mua chưa tới,de_xuat_mua
ai đi mua,ai đi mua,de_xuat_mua
săn xuất sắc nên mua đ k à rẻ quá,săn xuất sắc nên mua đ k à rẻ quá,de_xuat_mua
săn mua đ à rẻ quá,săn mua đ à rẻ quá,de_xuat_mua
mua nên săn đ k à rẻ quá,mua nên săn đ k à rẻ quá,de_xuat_mua
đ nên mua săn k à rẻ quá,đ nên mua săn k à rẻ quá,de_xuat_mua
không mua hàng này chất_liệu,không mua hàng này chất_liệu,de_xuat_mua
không nên mua đểu này chất_liệu quá hàng,không nên mua đểu này chất_liệu quá hàng,de_xuat_mua
không nên hàng này chất_liệu quá đểu,không nên hàng này chất_liệu quá đểu,de_xuat_mua
không xứng đáng nên mua hàng này chất_liệu quá đểu,không xứng đáng nên mua hàng này chất_liệu quá đểu,de_xuat_mua
nên ạ hy s gi s h,nên ạ hy s gi s h,de_xuat_mua
nên mua ạ ue hy gi s s h,nên mua ạ ue hy gi s s h,de_xuat_mua
nên mua ạ ue s gi s h,nên mua ạ ue s gi s h,de_xuat_mua
nên mua s ue hy ạ gi s h,nên mua s ue hy ạ gi s h,de_xuat_mua
mn nên mua thử nhé xịn,mn nên mua thử nhé xịn,de_xuat_mua
mn nhé mua thử nên,mn nhé mua thử nên,de_xuat_mua
mn nên mua thank you thử nhé,mn nên mua thank you thử nhé,de_xuat_mua
mọi người nên mua nhe hôi,mọi người nên mua nhe hôi,de_xuat_mua
mọi người nên nhe mua,mọi người nên nhe mua,de_xuat_mua
mọi người hòa đồng nên mua nhe,mọi người hòa đồng nên mua nhe,de_xuat_mua
mọi người mua nên nhe,mọi người mua nên nhe,de_xuat_mua
mọi người nên mua về trải_nghiệm rcm thử,mọi người nên mua về trải_nghiệm rcm thử,de_xuat_mua
mọi người nên thử về trải_nghiệm mua,mọi người nên thử về trải_nghiệm mua,de_xuat_mua
mua nha mọi người nên mua về trải_nghiệm thử,mua nha mọi người nên mua về trải_nghiệm thử,de_xuat_mua
vì có vo uc he giúp đỡ r shop e e xu nên mua đc giá khá rẻ,vì có vo uc he giúp đỡ r shop e e xu nên mua đc giá khá rẻ,de_xuat_mua
vì có vo uc r shop e e xu nên mua đc giá khá rẻ,vì có vo uc r shop e e xu nên mua đc giá khá rẻ,de_xuat_mua
vì có vo uc he r shop e e nên xu mua đc giá khá rẻ,vì có vo uc he r shop e e nên xu mua đc giá khá rẻ,de_xuat_mua
he có vo uc vì r shop e e xu nên mua đc giá khá rẻ,he có vo uc vì r shop e e xu nên mua đc giá khá rẻ,de_xuat_mua
nói_chung là rất ưng nên nhà mọi người mình săn được đôi này giá chỉ k thôi,nói_chung là rất ưng nên nhà mọi người mình săn được đôi này giá chỉ k thôi,de_xuat_mua
nói_chung là rất ưng nên mua nhà mọi người mình săn được đôi này xuất sắc giá chỉ k thôi,nói_chung là rất ưng nên mua nhà mọi người mình săn được đôi này xuất sắc giá chỉ k thôi,de_xuat_mua
nói_chung là rất ưng nên mua thích nhà mọi người mình săn được đôi này giá chỉ k thôi,nói_chung là rất ưng nên mua thích nhà mọi người mình săn được đôi này giá chỉ k thôi,de_xuat_mua
nói_chung xứng đáng là rất ưng nên mua nhà mọi người mình săn được đôi này giá chỉ k thôi,nói_chung xứng đáng là rất ưng nên mua nhà mọi người mình săn được đôi này giá chỉ k thôi,de_xuat_mua
nên mua nha ngon,nên mua nha ngon,de_xuat_mua
nên mua chuẩn hình nha,nên mua chuẩn hình nha,de_xuat_mua
nên xứng đáng mua nha,nên xứng đáng mua nha,de_xuat_mua
vs giá hạt hợp lý này thì nên mua,vs giá hạt hợp lý này thì nên mua,de_xuat_mua
vs hạt giá rẻ này thì nên mua,vs hạt giá rẻ này thì nên mua,de_xuat_mua
vs giá hạt phải chăng này thì nên mua,vs giá hạt phải chăng này thì nên mua,de_xuat_mua
vs giá rẻ hạt này thì nên mua,vs giá rẻ hạt này thì nên mua,de_xuat_mua
cũng_nên cảm_ơn mua,cũng_nên cảm_ơn mua,de_xuat_mua
cũng_nên tư vấn mua,cũng_nên tư vấn mua,de_xuat_mua
cũng_nên xứng đáng mua,cũng_nên xứng đáng mua,de_xuat_mua
cũng_nên mua ok,cũng_nên mua ok,de_xuat_mua
nên mua tỉ mỉ nha mn,nên mua tỉ mỉ nha mn,de_xuat_mua
mua mn,mua mn,de_xuat_mua
nên hợp lý mua nha mn,nên hợp lý mua nha mn,de_xuat_mua
nên chắc bền mua nha mn,nên chắc bền mua nha mn,de_xuat_mua
điểm nha nên mùi nồng mua,điểm nha nên mùi nồng mua,de_xuat_mua
phải chăng điểm nha nên mua,phải chăng điểm nha nên mua,de_xuat_mua
điểm nha hỗ trợ tốt nên mua,điểm nha hỗ trợ tốt nên mua,de_xuat_mua
điểm nha nên,điểm nha nên,de_xuat_mua
nên mua ạ nồng mùi,nên mua ạ nồng mùi,de_xuat_mua
nên mua ạ xịn,nên mua ạ xịn,de_xuat_mua
nên mua ạ hỗ_trợ,nên mua ạ hỗ_trợ,de_xuat_mua
các bạn nên nhé mua,các bạn nên nhé mua,de_xuat_mua
bạn nên mua nhé,bạn nên mua nhé,de_xuat_mua
các bạn nên mua kỹ nhé,các bạn nên mua kỹ nhé,de_xuat_mua
chưa tới sẽ mua lại của shop này lần nx,chưa tới sẽ mua lại của shop này lần nx,de_xuat_mua
sẽ mua lại của gói hàng shop này lần nx,sẽ mua lại của gói hàng shop này lần nx,de_xuat_mua
sẽ mua lại của shop này lần nx tận tâm,sẽ mua lại của shop này lần nx tận tâm,de_xuat_mua
sẽ mua lại của shop này lần hợp_lý nx,sẽ mua lại của shop này lần hợp_lý nx,de_xuat_mua
tính_năng nổi_bật không kết_nối được dì luôn nge ko đ ư c khiên mn đừng nên mua,tính_năng nổi_bật không kết_nối được dì luôn nge ko đ ư c khiên mn đừng nên mua,de_xuat_mua
tính_năng nổi_bật không kết_nối được dì luôn nge ko đ ư ơ c chắc_chắn khiên mn đừng nên mua,tính_năng nổi_bật không kết_nối được dì luôn nge ko đ ư ơ c chắc_chắn khiên mn đừng nên mua,de_xuat_mua
nổi_bật không kết_nối được dì nge đ ư ơ c khiên mn đừng nên mua,nổi_bật không kết_nối được dì nge đ ư ơ c khiên mn đừng nên mua,de_xuat_mua
tính_năng nổi_bật không kết_nối được dì nge ko đ ư ơ c khiên mn đừng nên,tính_năng nổi_bật không kết_nối được dì nge ko đ ư ơ c khiên mn đừng nên,de_xuat_mua
hàng mua trong ảnh nha shop lúc_nào mình giống tiếp ạ,hàng mua trong ảnh nha shop lúc_nào mình giống tiếp ạ,de_xuat_mua
hàng giống trong ảnh nha phải chăng shop lúc_nào mình mua tiếp ạ,hàng giống trong ảnh nha phải chăng shop lúc_nào mình mua tiếp ạ,de_xuat_mua
hàng giống trong ảnh mua shop lúc_nào mình nha tiếp ạ,hàng giống trong ảnh mua shop lúc_nào mình nha tiếp ạ,de_xuat_mua
hàng giống trong ảnh nha shop lúc_nào mình mua tiếp ạ mua đi,hàng giống trong ảnh nha shop lúc_nào mình mua tiếp ạ mua đi,de_xuat_mua
mn nên để trang_trí bàn học,mn nên để trang_trí bàn học,de_xuat_mua
mn nên mua về để học bàn trang_trí vv,mn nên mua về để học bàn trang_trí vv,de_xuat_mua
mn nên mua về để trang_trí bàn học vv chuẩn,mn nên mua về để trang_trí bàn học vv chuẩn,de_xuat_mua
dùng cx đc nên mua,dùng cx đc nên mua,de_xuat_mua
dùng nha đc nên mua cx,dùng nha đc nên mua cx,de_xuat_mua
dùng cx tuyệt vời đc nên mua nha,dùng cx tuyệt vời đc nên mua nha,de_xuat_mua
dùng xinh cx đc nên mua nha,dùng xinh cx đc nên mua nha,de_xuat_mua
rcm mua nhó,rcm mua nhó,de_xuat_mua
rcm mua mn nhó,rcm mua mn nhó,de_xuat_mua
rcm mn nhó mua,rcm mn nhó mua,de_xuat_mua
nên mua nhé ok,nên mua nhé ok,de_xuat_mua
hợp_lý nên mua nhé,hợp_lý nên mua nhé,de_xuat_mua
mua nên nhé,mua nên nhé,de_xuat_mua
nên mua nha người mọi,nên mua nha người mọi,de_xuat_mua
nên mua nha y hình mọi người,nên mua nha y hình mọi người,de_xuat_mua
nên mọi nha mua người,nên mọi nha mua người,de_xuat_mua
nên mua nha mọi người bị lỗi,nên mua nha mọi người bị lỗi,de_xuat_mua
nên mua nha mua nha mọi người có gì để chê cả,nên mua nha mua nha mọi người có gì để chê cả,de_xuat_mua
nên mua nha không đạt mọi người có gì để chê cả,nên mua nha không đạt mọi người có gì để chê cả,de_xuat_mua
nên mua nha mọi người có gì cả chê để,nên mua nha mọi người có gì cả chê để,de_xuat_mua
nên mua xinh nha mọi người có gì để chê cả,nên mua xinh nha mọi người có gì để chê cả,de_xuat_mua
nên mik mua đc mã giảm k nên k đắt nha rẻ lắm,nên mik mua đc mã giảm k nên k đắt nha rẻ lắm,de_xuat_mua
mua mik đc mã giảm k nên k đắt nha rẻ lắm,mua mik đc mã giảm k nên k đắt nha rẻ lắm,de_xuat_mua
cute nên mua mik đc mã giảm k nên k đắt nha rẻ lắm,cute nên mua mik đc mã giảm k nên k đắt nha rẻ lắm,de_xuat_mua
sie dép nhỏ hơn bth số to để trừ_hao ạ,sie dép nhỏ hơn bth số to để trừ_hao ạ,de_xuat_mua
sie dép hình_như nhỏ hơn bth trừ_hao mua số to để nên ạ,sie dép hình_như nhỏ hơn bth trừ_hao mua số to để nên ạ,de_xuat_mua
sie dép hình_như nhỏ hơn bth nên mua số to để trừ_hao tuyệt ạ,sie dép hình_như nhỏ hơn bth nên mua số to để trừ_hao tuyệt ạ,de_xuat_mua
sie hợp_lý dép hình_như nhỏ hơn bth nên mua số to để trừ_hao ạ,sie hợp_lý dép hình_như nhỏ hơn bth nên mua số to để trừ_hao ạ,de_xuat_mua
mua chỉ k thôi sd hơn thá r thấy hư,mua chỉ k thôi sd hơn thá r thấy hư,de_xuat_mua
nên mua nha mình mua chỉ k thôi sd hơn thá xứng đáng g r chưa thấy hư,nên mua nha mình mua chỉ k thôi sd hơn thá xứng đáng g r chưa thấy hư,de_xuat_mua
nên mua nha mình mua chỉ k thôi sd nồng mùi hơn thá g r chưa thấy hư,nên mua nha mình mua chỉ k thôi sd nồng mùi hơn thá g r chưa thấy hư,de_xuat_mua
nên mua nha chưa mua chỉ k thôi sd hơn thá g r mình thấy hư,nên mua nha chưa mua chỉ k thôi sd hơn thá g r mình thấy hư,de_xuat_mua
vừa nhưng mũi hơi kích sẽ mua nếu có dịp sai,vừa nhưng mũi hơi kích sẽ mua nếu có dịp sai,de_xuat_mua
kích vừa nhưng phần mũi hơi giày sẽ mua nếu có dịp sai,kích vừa nhưng phần mũi hơi giày sẽ mua nếu có dịp sai,de_xuat_mua
giày vừa dễ thương nhưng phần mũi hơi kích sẽ mua nếu có dịp sai,giày vừa dễ thương nhưng phần mũi hơi kích sẽ mua nếu có dịp sai,de_xuat_mua
rcm giày vừa nhưng phần mũi hơi kích sẽ mua nếu có dịp sai,rcm giày vừa nhưng phần mũi hơi kích sẽ mua nếu có dịp sai,de_xuat_mua
dây sạc và dây kết_nối với máy_tính khá ngắn là nên mua nha mọi người,dây sạc và dây kết_nối với máy_tính khá ngắn là nên mua nha mọi người,de_xuat_mua
dây sạc và dây mọi với máy_tính khá là ngắn nên mua nha kết_nối người,dây sạc và dây mọi với máy_tính khá là ngắn nên mua nha kết_nối người,de_xuat_mua
dây sạc và dây kết_nối với máy_tính khá là ngắn nên mua quá đỉnh nha mọi người,dây sạc và dây kết_nối với máy_tính khá là ngắn nên mua quá đỉnh nha mọi người,de_xuat_mua
dây sạc và dây kết_nối với máy_tính khá là ngắn nên nha người,dây sạc và dây kết_nối với máy_tính khá là ngắn nên nha người,de_xuat_mua
vãn ôk rất nên mua nha,vãn ôk rất nên mua nha,de_xuat_mua
vãn rất nha nên mua ôk,vãn rất nha nên mua ôk,de_xuat_mua
vãn chuẩn mô tả rất ôk nên mua nha,vãn chuẩn mô tả rất ôk nên mua nha,de_xuat_mua
vãn rất mua nên ôk nha,vãn rất mua nên ôk nha,de_xuat_mua
mn nên quá đỉnh mua nka,mn nên quá đỉnh mua nka,de_xuat_mua
mn nên mua nka kỹ,mn nên mua nka kỹ,de_xuat_mua
mùi khó chịu mn nên mua nka,mùi khó chịu mn nên mua nka,de_xuat_mua
nên chất_lượng mua lắm nha mng,nên chất_lượng mua lắm nha mng,de_xuat_mua
nên mua oke lắm nha mng,nên mua oke lắm nha mng,de_xuat_mua
nên mng lắm nha mua,nên mng lắm nha mua,de_xuat_mua
nên mua như hình lắm nha mng,nên mua như hình lắm nha mng,de_xuat_mua
n nên tận tâm mua,n nên tận tâm mua,de_xuat_mua
n nên mua kém,n nên mua kém,de_xuat_mua
nhưng nên mua m,nhưng nên mua m,de_xuat_mua
nhưng nên mua nha xứng đáng m,nhưng nên mua nha xứng đáng m,de_xuat_mua
nên nhưng mua nha m,nên nhưng mua nha m,de_xuat_mua
nhưng nên mua nha m chắc,nhưng nên mua nha m chắc,de_xuat_mua
đáng_giá tiền mua nha,đáng_giá tiền mua nha,de_xuat_mua
nên tiền đáng_giá mua nha,nên tiền đáng_giá mua nha,de_xuat_mua
đáng_giá tiền nên mua như hình nha,đáng_giá tiền nên mua như hình nha,de_xuat_mua
nồng mùi mn nên mua thử nha,nồng mùi mn nên mua thử nha,de_xuat_mua
mn nên cẩn_thận mua thử nha,mn nên cẩn_thận mua thử nha,de_xuat_mua
mn nha mua thử nên,mn nha mua thử nên,de_xuat_mua
nên mua thử nha,nên mua thử nha,de_xuat_mua
mn nên mua thử hàng lỗi,mn nên mua thử hàng lỗi,de_xuat_mua
mn thử mua nên,mn thử mua nên,de_xuat_mua
mn nên mua oke thử,mn nên mua oke thử,de_xuat_mua
nên mua bán rất uy_tín lun mua đc mà lần cũng rất là lun,nên mua bán rất uy_tín lun mua đc mà lần cũng rất là lun,de_xuat_mua
nên mua shop rất là uy_tín lun đã mua đc lần mà lần nào cũng rất là ưng lun,nên mua shop rất là uy_tín lun đã mua đc lần mà lần nào cũng rất là ưng lun,de_xuat_mua
lun mua shop bán rất là uy_tín nên đã mua đc hai lần mà lần nào mua cũng rất là ưng lun,lun mua shop bán rất là uy_tín nên đã mua đc hai lần mà lần nào mua cũng rất là ưng lun,de_xuat_mua
nên mua shop bán rất lun uy_tín lun đã mua đc hai lần mà lần nào mua cũng rất là ưng là,nên mua shop bán rất lun uy_tín lun đã mua đc hai lần mà lần nào mua cũng rất là ưng là,de_xuat_mua
nên mua hợp với chất túi_tiền,nên mua hợp với chất túi_tiền,de_xuat_mua
xứng đáng nên mua hợp với túi_tiền,xứng đáng nên mua hợp với túi_tiền,de_xuat_mua
mua nên hợp với túi_tiền,mua nên hợp với túi_tiền,de_xuat_mua
nên mua túi_tiền với hợp,nên mua túi_tiền với hợp,de_xuat_mua
với giá này trễ thì nên mua nha,với giá này trễ thì nên mua nha,de_xuat_mua
với giá này mua nên thì nha,với giá này mua nên thì nha,de_xuat_mua
với này thì nên mua nha,với này thì nên mua nha,de_xuat_mua
với hài_lòng giá này thì nên mua nha,với hài_lòng giá này thì nên mua nha,de_xuat_mua
mn nên ạ,mn nên ạ,de_xuat_mua
mn nên mua như hình ạ,mn nên mua như hình ạ,de_xuat_mua
mn ạ,mn ạ,de_xuat_mua
nên mua lần hàng lỗi,nên mua lần hàng lỗi,de_xuat_mua
nên lâu mua lần,nên lâu mua lần,de_xuat_mua
ncl mình re com men mua d mọi người nên de nha,ncl mình re com men mua d mọi người nên de nha,de_xuat_mua
ncl mình re com men de d mua người nên mọi nha,ncl mình re com men de d mua người nên mọi nha,de_xuat_mua
ncl mình re com men de d mọi người cl nên mua nha,ncl mình re com men de d mọi người cl nên mua nha,de_xuat_mua
ncl mình re com de d mọi người nên nha,ncl mình re com de d mọi người nên nha,de_xuat_mua
nên mua nhưng_mà mỗi_tội con gấu nó kịp thời kiểu bị lồi lên chứ ko giống còn gấu trong ảnh mấy,nên mua nhưng_mà mỗi_tội con gấu nó kịp thời kiểu bị lồi lên chứ ko giống còn gấu trong ảnh mấy,de_xuat_mua
mua nhưng_mà mỗi_tội con gấu kiểu bị lồi lên ko giống còn ảnh mấy,mua nhưng_mà mỗi_tội con gấu kiểu bị lồi lên ko giống còn ảnh mấy,de_xuat_mua
nên mua nhưng_mà mỗi_tội con gấu nó kiểu bị lồi lên chứ giống còn gấu trong ảnh mấy,nên mua nhưng_mà mỗi_tội con gấu nó kiểu bị lồi lên chứ giống còn gấu trong ảnh mấy,de_xuat_mua
nên mua nhưng_mà mỗi_tội gấu nó bị lồi lên chứ ko giống còn gấu trong ảnh mấy,nên mua nhưng_mà mỗi_tội gấu nó bị lồi lên chứ ko giống còn gấu trong ảnh mấy,de_xuat_mua
nên tỉ mỉ mua,nên tỉ mỉ mua,de_xuat_mua
chuẩn nên mua,chuẩn nên mua,de_xuat_mua
thích nên mua nhe e,thích nên mua nhe e,de_xuat_mua
khuyến nghị nên mua nhe e,khuyến nghị nên mua nhe e,de_xuat_mua
nên mua hỏng nhe e,nên mua hỏng nhe e,de_xuat_mua
mn mua hình_ảnh mang minh_hoạ,mn mua hình_ảnh mang minh_hoạ,de_xuat_mua
mn nên mua nha mang tính_chất minh_hoạ,mn nên mua nha mang tính_chất minh_hoạ,de_xuat_mua
mn nên mua hình_ảnh mang tính_chất minh_hoạ,mn nên mua hình_ảnh mang tính_chất minh_hoạ,de_xuat_mua
hài_lòng mn nên mua nha hình_ảnh mang tính_chất minh_hoạ,hài_lòng mn nên mua nha hình_ảnh mang tính_chất minh_hoạ,de_xuat_mua
lần sau tôi sẽ mua hi_hi ủng_hộ shop tiếp,lần sau tôi sẽ mua hi_hi ủng_hộ shop tiếp,de_xuat_mua
tôi sẽ mua tiếp ủng_hộ shop hi_hi,tôi sẽ mua tiếp ủng_hộ shop hi_hi,de_xuat_mua
lần sau tôi sẽ mua ủng_hộ shop hi_hi,lần sau tôi sẽ mua ủng_hộ shop hi_hi,de_xuat_mua
lần sau tôi sẽ tiếp ủng_hộ shop hi_hi,lần sau tôi sẽ tiếp ủng_hộ shop hi_hi,de_xuat_mua
hình_ảnh vs video không liên_quan nha nên mua dép nhưng_mà mn,hình_ảnh vs video không liên_quan nha nên mua dép nhưng_mà mn,de_xuat_mua
hình_ảnh vs video không liên_quan nhưng_mà dép nha,hình_ảnh vs video không liên_quan nhưng_mà dép nha,de_xuat_mua
hình_ảnh giá tốt vs video không liên_quan nhưng_mà nên mua dép nha mn,hình_ảnh giá tốt vs video không liên_quan nhưng_mà nên mua dép nha mn,de_xuat_mua
hình_ảnh vs kỹ video không liên_quan nhưng_mà nên mua dép nha mn,hình_ảnh vs kỹ video không liên_quan nhưng_mà nên mua dép nha mn,de_xuat_mua
mua á mọi người,mua á mọi người,de_xuat_mua
nên mua á mọi người chắc,nên mua á mọi người chắc,de_xuat_mua
nên mua á mọi mua đi người,nên mua á mọi mua đi người,de_xuat_mua
mua người nên mọi nha,mua người nên mọi nha,de_xuat_mua
nên người mọi mua nha,nên người mọi mua nha,de_xuat_mua
người nên mua nha,người nên mua nha,de_xuat_mua
bạn em mua bên shop rồi giới_thiệu e mua,bạn em mua bên shop rồi giới_thiệu e mua,de_xuat_mua
bạn em mua bên shop rồi nên giới_thiệu e a mua,bạn em mua bên shop rồi nên giới_thiệu e a mua,de_xuat_mua
bạn em bên shop rồi nên giới_thiệu e mua a,bạn em bên shop rồi nên giới_thiệu e mua a,de_xuat_mua
bạn em mua bên chưa tới shop rồi nên giới_thiệu e mua a,bạn em mua bên chưa tới shop rồi nên giới_thiệu e mua a,de_xuat_mua
nên mua nhà tuyệt,nên mua nhà tuyệt,de_xuat_mua
nên mua tuyệt nhà,nên mua tuyệt nhà,de_xuat_mua
nên chuẩn mô tả mua nhà,nên chuẩn mô tả mua nhà,de_xuat_mua
mua trẻ_em hay sao bé xíu huu mọi người nên sie nha ủng_hộ shop,mua trẻ_em hay sao bé xíu huu mọi người nên sie nha ủng_hộ shop,de_xuat_mua
sie trẻ_em hay sao bé xíu bền_đẹp huu mọi người nên mua nha ủng_hộ shop,sie trẻ_em hay sao bé xíu bền_đẹp huu mọi người nên mua nha ủng_hộ shop,de_xuat_mua
sie trẻ_em hay sao bé shop huu mọi người nên mua nha ủng_hộ xíu,sie trẻ_em hay sao bé shop huu mọi người nên mua nha ủng_hộ xíu,de_xuat_mua
sie trẻ_em hay sao bé xíu huu mọi người nên không đạt mua nha ủng_hộ shop,sie trẻ_em hay sao bé xíu huu mọi người nên không đạt mua nha ủng_hộ shop,de_xuat_mua
mn nên nha mua,mn nên nha mua,de_xuat_mua
mn cute nên mua nha,mn cute nên mua nha,de_xuat_mua
áo cực trong nha mn đừng nên mua nhiều chỉ thừa ko giống đểu ảnh,áo cực trong nha mn đừng nên mua nhiều chỉ thừa ko giống đểu ảnh,de_xuat_mua
áo đểu nha mn đừng nên chỉ thừa ko giống trong ảnh,áo đểu nha mn đừng nên chỉ thừa ko giống trong ảnh,de_xuat_mua
áo cực đểu nha đóng_gói mn đừng nên mua nhiều chỉ thừa ko giống trong ảnh,áo cực đểu nha đóng_gói mn đừng nên mua nhiều chỉ thừa ko giống trong ảnh,de_xuat_mua
áo cực đểu nha mn đừng chắc bền nên mua nhiều chỉ thừa ko giống trong ảnh,áo cực đểu nha mn đừng chắc bền nên mua nhiều chỉ thừa ko giống trong ảnh,de_xuat_mua
rcm nhẹ nên mua nha,rcm nhẹ nên mua nha,de_xuat_mua
nên rcm mua nha,nên rcm mua nha,de_xuat_mua
a người nên mua nha mọi,a người nên mua nha mọi,de_xuat_mua
mọi người nên mua nha a mua nha,mọi người nên mua nha a mua nha,de_xuat_mua
mọi nên mua nha a,mọi nên mua nha a,de_xuat_mua
nên nhé mua mng,nên nhé mua mng,de_xuat_mua
nên mua mng nhé,nên mua mng nhé,de_xuat_mua
mng mua nha nên,mng mua nha nên,de_xuat_mua
nên nha mng,nên nha mng,de_xuat_mua
nha mua nên mng,nha mua nên mng,de_xuat_mua
hợp lý nên mua nha mng,hợp lý nên mua nha mng,de_xuat_mua
nên mua sie tăng,nên mua sie tăng,de_xuat_mua
nên sie tăng mua,nên sie tăng mua,de_xuat_mua
nên mua tăng,nên mua tăng,de_xuat_mua
nên kém mua tăng sie,nên kém mua tăng sie,de_xuat_mua
nên là nói_chung mua nha,nên là nói_chung mua nha,de_xuat_mua
nói_chung là nên mua,nói_chung là nên mua,de_xuat_mua
nói_chung nên mua nha,nói_chung nên mua nha,de_xuat_mua
bũa sau hợp_lý đặt tiếp,bũa sau hợp_lý đặt tiếp,de_xuat_mua
bũa đặt tiếp,bũa đặt tiếp,de_xuat_mua
bũa đặt,bũa đặt,de_xuat_mua
bũa tiếp đặt sau,bũa tiếp đặt sau,de_xuat_mua
ng nên mua,ng nên mua,de_xuat_mua
chắc ng k nên mua,chắc ng k nên mua,de_xuat_mua
ng k tuyệt nên mua,ng k tuyệt nên mua,de_xuat_mua
nên mua pai,nên mua pai,de_xuat_mua
thân_thiện nên mua nha pai,thân_thiện nên mua nha pai,de_xuat_mua
nên nha pai,nên nha pai,de_xuat_mua
cũng vì ham rẻ mua,cũng vì ham rẻ mua,de_xuat_mua
cũng vì ham rẻ vui vẻ nên mua ai_ngờ rằng,cũng vì ham rẻ vui vẻ nên mua ai_ngờ rằng,de_xuat_mua
nói_chung là nên nha a hình_ảnh chi mang tính_chất,nói_chung là nên nha a hình_ảnh chi mang tính_chất,de_xuat_mua
nói_chung là nên a hình_ảnh chi mang tính_chất minh_hoạ,nói_chung là nên a hình_ảnh chi mang tính_chất minh_hoạ,de_xuat_mua
nói_chung mua a hình_ảnh chi mang minh_hoạ,nói_chung mua a hình_ảnh chi mang minh_hoạ,de_xuat_mua
nha là nên mua nói_chung a hình_ảnh chi mang tính_chất minh_hoạ,nha là nên mua nói_chung a hình_ảnh chi mang tính_chất minh_hoạ,de_xuat_mua
mẫu dép ưng lắm ạ nhưng hơi cứng đeo vào thì sang lắm nên mua nhé thank you ạ,mẫu dép ưng lắm ạ nhưng hơi cứng đeo vào thì sang lắm nên mua nhé thank you ạ,de_xuat_mua
mẫu dép ưng lắm ạ nhưng hơi cứng đeo vào thì sang nhé nên mua lắm ạ,mẫu dép ưng lắm ạ nhưng hơi cứng đeo vào thì sang nhé nên mua lắm ạ,de_xuat_mua
mẫu dép ưng lắm ạ nhưng hơi cứng đeo ạ thì sang lắm nên mua nhé vào,mẫu dép ưng lắm ạ nhưng hơi cứng đeo ạ thì sang lắm nên mua nhé vào,de_xuat_mua
mẫu dép ưng nhưng ạ lắm hơi cứng đeo vào thì sang lắm nên mua nhé ạ,mẫu dép ưng nhưng ạ lắm hơi cứng đeo vào thì sang lắm nên mua nhé ạ,de_xuat_mua
ncl mng nên mua nha defect,ncl mng nên mua nha defect,de_xuat_mua
mua mng nên ncl nha,mua mng nên ncl nha,de_xuat_mua
mng ncl nên mua nha,mng ncl nên mua nha,de_xuat_mua
sản phẩn nên mua nha,sản phẩn nên mua nha,de_xuat_mua
sản nha nên mua phẩn mn,sản nha nên mua phẩn mn,de_xuat_mua
sản phẩn nên nha mua mn,sản phẩn nên nha mua mn,de_xuat_mua
sản hàng lỗi phẩn nên mua nha mn,sản hàng lỗi phẩn nên mua nha mn,de_xuat_mua
vải hơi mỏng l giống s m nhm mùa mặc mát luôn mua nha a,vải hơi mỏng l giống s m nhm mùa mặc mát luôn mua nha a,de_xuat_mua
vải hơi mỏng s l hơi giống s m nha mùa hè mặc mát thật_sự luôn nên mua nhm a,vải hơi mỏng s l hơi giống s m nha mùa hè mặc mát thật_sự luôn nên mua nhm a,de_xuat_mua
vải hơi mỏng s hơi giống s m nhm mùa hè mặc mát thật_sự luôn nên nha a,vải hơi mỏng s hơi giống s m nhm mùa hè mặc mát thật_sự luôn nên nha a,de_xuat_mua
vải hơi mỏng s l hơi giống s m nhm mùa hè mặc mát thật_sự luôn nên mua nha lỗi hàng a,vải hơi mỏng s l hơi giống s m nhm mùa hè mặc mát thật_sự luôn nên mua nha lỗi hàng a,de_xuat_mua
mọi người mua nha,mọi người mua nha,de_xuat_mua
mình nghĩ mọi nha,mình nghĩ mọi nha,de_xuat_mua
mua nghĩ mọi người nên mình nha,mua nghĩ mọi người nên mình nha,de_xuat_mua
mình nghĩ mọi người nên mua nha phải chăng,mình nghĩ mọi người nên mua nha phải chăng,de_xuat_mua
nên mua kỹ nhé mọi người,nên mua kỹ nhé mọi người,de_xuat_mua
nên mua nhé mọi,nên mua nhé mọi,de_xuat_mua
mọi mua nhé nên người,mọi mua nhé nên người,de_xuat_mua
nên hỗ_trợ mua nhé mọi người,nên hỗ_trợ mua nhé mọi người,de_xuat_mua
sẽ sau_này quay lại ủng_hộ,sẽ sau_này quay lại ủng_hộ,de_xuat_mua
sẽ quay lại ủng_hộ,sẽ quay lại ủng_hộ,de_xuat_mua
sau_này sẽ quay ngon lại ủng_hộ,sau_này sẽ quay ngon lại ủng_hộ,de_xuat_mua
rcm mn nên mua ạ hôi,rcm mn nên mua ạ hôi,de_xuat_mua
mn rcm nên mua ạ,mn rcm nên mua ạ,de_xuat_mua
rcm mn ạ mua nên,rcm mn ạ mua nên,de_xuat_mua
rcm nên mn mua ạ,rcm nên mn mua ạ,de_xuat_mua
nên mua oke nha nha mọi người,nên mua oke nha nha mọi người,de_xuat_mua
nên mua nha mọi nha người,nên mua nha mọi nha người,de_xuat_mua
nên mua nhé mn thích,nên mua nhé mn thích,de_xuat_mua
nên mua mn nhé,nên mua mn nhé,de_xuat_mua
cute nên mua nhé mn,cute nên mua nhé mn,de_xuat_mua
nên mua nhé đáng tiền mn,nên mua nhé đáng tiền mn,de_xuat_mua
lần sau mua tiếp nhanh_chóng,lần sau mua tiếp nhanh_chóng,de_xuat_mua
sau mua tiếp,sau mua tiếp,de_xuat_mua
mn nên mua gói hàng nhé,mn nên mua gói hàng nhé,de_xuat_mua
mn nên mua êm nhé,mn nên mua êm nhé,de_xuat_mua
mn nên nhé mua,mn nên nhé mua,de_xuat_mua
nói_chung nên mua nên mua,nói_chung nên mua nên mua,de_xuat_mua
nói_chung nên oke mua,nói_chung nên oke mua,de_xuat_mua
nên nói_chung mua,nên nói_chung mua,de_xuat_mua
nói_chung nên mua đúng như quảng cáo,nói_chung nên mua đúng như quảng cáo,de_xuat_mua
nên a mua nha mng oii,nên a mua nha mng oii,de_xuat_mua
nên mua a bền_đẹp nha mng oii,nên mua a bền_đẹp nha mng oii,de_xuat_mua
nên mua a nha mng kém oii,nên mua a nha mng kém oii,de_xuat_mua
sẽ quay lại ủng hôn shop bền_đẹp á h h sn n sn sb si h,sẽ quay lại ủng hôn shop bền_đẹp á h h sn n sn sb si h,de_xuat_mua
sẽ quay lại ủng chắc hôn shop á h h sn n sn sb si h,sẽ quay lại ủng chắc hôn shop á h h sn n sn sb si h,de_xuat_mua
sẽ quay lại ủng hôn shop á h h sn n sn sb si h cảm_ơn,sẽ quay lại ủng hôn shop á h h sn n sn sb si h cảm_ơn,de_xuat_mua
sẽ quay lại ủng hôn shop h h sn n sn sb si h,sẽ quay lại ủng hôn shop h h sn n sn sb si h,de_xuat_mua
mình săn sa le siêu được giá nên rẻ mn nên mua nha,mình săn sa le siêu được giá nên rẻ mn nên mua nha,de_xuat_mua
mình săn sa le được giá mn nên mua,mình săn sa le được giá mn nên mua,de_xuat_mua
mình săn sa le nên được giá siêu giá tốt mn nên mua nha,mình săn sa le nên được giá siêu giá tốt mn nên mua nha,de_xuat_mua
mình săn sa le nên được giá siêu rẻ mn nên mua kỹ nha,mình săn sa le nên được giá siêu rẻ mn nên mua kỹ nha,de_xuat_mua
mn nên mua đt yd ch s,mn nên mua đt yd ch s,de_xuat_mua
mn nên mềm_mại mua nha đt yd ch s,mn nên mềm_mại mua nha đt yd ch s,de_xuat_mua
mn nên mua nha đt yd ch tuyệt s,mn nên mua nha đt yd ch tuyệt s,de_xuat_mua
mn nên mua nha đt yd ch,mn nên mua nha đt yd ch,de_xuat_mua
giá rẻ nha mình mua đc giá sa le nên hời lắm đó nha mọi không đạt người nên mua,giá rẻ nha mình mua đc giá sa le nên hời lắm đó nha mọi không đạt người nên mua,de_xuat_mua
le rẻ nha mình mua đc giá sa giá nên hời lắm đó nha mọi người nên mua,le rẻ nha mình mua đc giá sa giá nên hời lắm đó nha mọi người nên mua,de_xuat_mua
giá rẻ mình mua đc giá sa le nên hời lắm đó nha mọi người nên mua,giá rẻ mình mua đc giá sa le nên hời lắm đó nha mọi người nên mua,de_xuat_mua
ai đi thì nên tuyệt mua,ai đi thì nên tuyệt mua,de_xuat_mua
ai đi thì hài_lòng nên mua,ai đi thì hài_lòng nên mua,de_xuat_mua
nên mua đ à rẻ,nên mua đ à rẻ,de_xuat_mua
săn nên mua đ k rẻ à quá,săn nên mua đ k rẻ à quá,de_xuat_mua
chắc_chắn săn nên mua đ k à rẻ quá,chắc_chắn săn nên mua đ k à rẻ quá,de_xuat_mua
săn nên mua đ rẻ à k quá,săn nên mua đ rẻ à k quá,de_xuat_mua
không nên mua hàng chất_liệu quá,không nên mua hàng chất_liệu quá,de_xuat_mua
không nên mua hàng quá chất_liệu này đểu,không nên mua hàng quá chất_liệu này đểu,de_xuat_mua
không nên mua hàng này thích chất_liệu quá đểu,không nên mua hàng này thích chất_liệu quá đểu,de_xuat_mua
không chất_liệu mua hàng này nên quá đểu,không chất_liệu mua hàng này nên quá đểu,de_xuat_mua
nên hàng lỗi mua ạ ue hy s gi s h,nên hàng lỗi mua ạ ue hy s gi s h,de_xuat_mua
nên mua s ue hy s gi ạ h,nên mua s ue hy s gi ạ h,de_xuat_mua
nên mua ạ ue hy chu đáo s gi s h,nên mua ạ ue hy chu đáo s gi s h,de_xuat_mua
nên ạ mua ue hy s gi s h,nên ạ mua ue hy s gi s h,de_xuat_mua
mua nên mn thử nhé,mua nên mn thử nhé,de_xuat_mua
nên mua thử,nên mua thử,de_xuat_mua
nên thử nhé,nên thử nhé,de_xuat_mua
mọi người ok nên mua nhe,mọi người ok nên mua nhe,de_xuat_mua
mọi người mua nhe,mọi người mua nhe,de_xuat_mua
mọi người nên ngon mua nhe,mọi người nên ngon mua nhe,de_xuat_mua
mọi y hình người nên mua về trải_nghiệm thử,mọi y hình người nên mua về trải_nghiệm thử,de_xuat_mua
mọi giúp đỡ người nên mua về trải_nghiệm thử,mọi giúp đỡ người nên mua về trải_nghiệm thử,de_xuat_mua
nên người mọi mua về trải_nghiệm thử,nên người mọi mua về trải_nghiệm thử,de_xuat_mua
người nên mua về trải_nghiệm thử,người nên mua về trải_nghiệm thử,de_xuat_mua
vì có vo uc he r shop e xu nên mua đc giá khá rẻ,vì có vo uc he r shop e xu nên mua đc giá khá rẻ,de_xuat_mua
vì có vo he r e mua đc giá khá rẻ,vì có vo he r e mua đc giá khá rẻ,de_xuat_mua
Đẹp và đúng mẫu nhưng giao hàng hơi lâu. Mình sẽ quay lại ủng hộ lần nữa,Đẹp và đúng mẫu nhưng giao hàng hơi lâu. Mình sẽ quay lại ủng hộ lần nữa,phan_nan_giao_hang
Tôi chưa nhận được hàng và chưa thanh toán gì cả,Tôi chưa nhận được hàng và chưa thanh toán gì cả,phan_nan_giao_hang
Hi vọng sẽ sử dụng được lâu dài,Hi vọng sẽ sử dụng được lâu dài,phan_nan_giao_hang
Sản phẩm trông giống hàng quốc tế nên giao hàng hơi lâu nhưng mọi thứ khác đều ổn,Sản phẩm trông giống hàng quốc tế nên giao hàng hơi lâu nhưng mọi thứ khác đều ổn,phan_nan_giao_hang
"Váy giống hình nhưng hơi nhỏ, váy không dài lắm và chữ trên áo bị mất. Mất bao lâu để giao hàng? Giá này có phải là người gửi hàng không? Tôi thậm chí còn chấp nhận nó.","Váy giống hình nhưng hơi nhỏ, váy không dài lắm và chữ trên áo bị mất. Mất bao lâu để giao hàng? Giá này có phải là người gửi hàng không? Tôi thậm chí còn chấp nhận nó.",phan_nan_giao_hang
Đến giờ tôi vẫn chưa nhận được hàng,Đến giờ tôi vẫn chưa nhận được hàng,phan_nan_giao_hang
Độ bền màu lâu dài,Độ bền màu lâu dài,phan_nan_giao_hang
Mang lên chân thì đẹp nhưng vì có dây nên nhiều khi chân bị tuột ra kk,Mang lên chân thì đẹp nhưng vì có dây nên nhiều khi chân bị tuột ra kk,phan_nan_giao_hang
hương thơm lâu dài,hương thơm lâu dài,phan_nan_giao_hang
Giao hàng lâu nhưng không thể chê trách dịch vụ,Giao hàng lâu nhưng không thể chê trách dịch vụ,phan_nan_giao_hang
Giao hàng hơi lâu_son đẹp_son cũng đẹp h d s d ve k b x,Giao hàng hơi lâu_son đẹp_son cũng đẹp h d s d ve k b x,phan_nan_giao_hang
"Sản phẩm rất tốt, mình mua lâu rồi nhưng giờ thấy rất đáng tiền. Màu sắc đẹp, âm thanh êm ái, không ồn ào, lại còn được tặng kèm dây sạc.","Sản phẩm rất tốt, mình mua lâu rồi nhưng giờ thấy rất đáng tiền. Màu sắc đẹp, âm thanh êm ái, không ồn ào, lại còn được tặng kèm dây sạc.",phan_nan_giao_hang
Sản phẩm đẹp sẽ ủng hộ bạn lâu dài,Sản phẩm đẹp sẽ ủng hộ bạn lâu dài,phan_nan_giao_hang
"Nên mua hàng sale giá rẻ mình sẽ ủng hộ shop lâu dài, đóng gói cẩn thận, mua hàng giao nhanh, shop nhiệt tình","Nên mua hàng sale giá rẻ mình sẽ ủng hộ shop lâu dài, đóng gói cẩn thận, mua hàng giao nhanh, shop nhiệt tình",phan_nan_giao_hang
Đeo lâu đau tai,Đeo lâu đau tai,phan_nan_giao_hang
Mùi thơm kéo dài khá lâu,Mùi thơm kéo dài khá lâu,phan_nan_giao_hang
Chưa nhận được hàng mà đòi nhận,Chưa nhận được hàng mà đòi nhận,phan_nan_giao_hang
Thời gian giao hàng hơi lâu,Thời gian giao hàng hơi lâu,phan_nan_giao_hang
Giao hàng hơi lâu nhưng chất lượng rất tốt,Giao hàng hơi lâu nhưng chất lượng rất tốt,phan_nan_giao_hang
Đúng với mô tả. Giao sai mặt hàng. Giao sai mặt hàng,Đúng với mô tả. Giao sai mặt hàng. Giao sai mặt hàng,phan_nan_giao_hang
Giao hàng nhanh nhưng phải lâu nhưng tôi đặt hàng vào thứ bảy và nó đã đến. Sản phẩm đẹp và đẹp. Giá tốt quá. Tôi thích nó.,Giao hàng nhanh nhưng phải lâu nhưng tôi đặt hàng vào thứ bảy và nó đã đến. Sản phẩm đẹp và đẹp. Giá tốt quá. Tôi thích nó.,phan_nan_giao_hang
"Chất liệu tốt, sản phẩm đẹp, đúng mẫu, rất hài lòng, sẽ ủng hộ lâu dài","Chất liệu tốt, sản phẩm đẹp, đúng mẫu, rất hài lòng, sẽ ủng hộ lâu dài",phan_nan_giao_hang
Lắp ráp hơi lâu nhưng sản phẩm tốt,Lắp ráp hơi lâu nhưng sản phẩm tốt,phan_nan_giao_hang
Không biết dùng được bao lâu nhưng với giá này thì ổn,Không biết dùng được bao lâu nhưng với giá này thì ổn,phan_nan_giao_hang
"Nếu bạn có sie thì nên đặt sie nhé, khi bạn mặc vào sẽ đẹp hơn. Khi giao hàng, dép hơi cong. Mặc chúng một lúc và chúng sẽ thẳng ra.","Nếu bạn có sie thì nên đặt sie nhé, khi bạn mặc vào sẽ đẹp hơn. Khi giao hàng, dép hơi cong. Mặc chúng một lúc và chúng sẽ thẳng ra.",phan_nan_giao_hang
Mình thấy tai nghe ổn nhưng đeo lâu sẽ đau tai,Mình thấy tai nghe ổn nhưng đeo lâu sẽ đau tai,phan_nan_giao_hang
Giao hàng hơi lâu nhưng chất lượng tốt,Giao hàng hơi lâu nhưng chất lượng tốt,phan_nan_giao_hang
Hương thơm không kéo dài lâu,Hương thơm không kéo dài lâu,phan_nan_giao_hang
Giao thiếu hàng và sai màu. Shop sẽ phản hồi. Hãy inbox để giải quyết,Giao thiếu hàng và sai màu. Shop sẽ phản hồi. Hãy inbox để giải quyết,phan_nan_giao_hang
_Màu son ở ngoài đẹp hơn trong ảnh và lâu trôi,_Màu son ở ngoài đẹp hơn trong ảnh và lâu trôi,phan_nan_giao_hang
"Sản phẩm rất tốt, shop đã nghe lâu rồi","Sản phẩm rất tốt, shop đã nghe lâu rồi",phan_nan_giao_hang
Giao hàng hơi lâu nhưng dép rất đẹp,Giao hàng hơi lâu nhưng dép rất đẹp,phan_nan_giao_hang
Hãy xem liệu chúng ta có thể sử dụng nó lâu dài không,Hãy xem liệu chúng ta có thể sử dụng nó lâu dài không,phan_nan_giao_hang
Tất cả chúng tôi đều cảm thấy lo lắng vì dù đã nghe tin từ lâu nhưng chưa có ai đặt chân đến quê hương nơi lá cờ bại trận này.,Tất cả chúng tôi đều cảm thấy lo lắng vì dù đã nghe tin từ lâu nhưng chưa có ai đặt chân đến quê hương nơi lá cờ bại trận này.,phan_nan_giao_hang
Mình mới mua cách đây không lâu và không biết độ bền của tai nghe như thế nào. Có chỗ để cắm dây nữa. Nếu thích dây thì nên mua thêm,Mình mới mua cách đây không lâu và không biết độ bền của tai nghe như thế nào. Có chỗ để cắm dây nữa. Nếu thích dây thì nên mua thêm,phan_nan_giao_hang
An Thành nghe có vẻ ổn. Pin kéo dài rất lâu. Không có yêu cầu sản phẩm nào quá cao vì bạn sẽ nhận được những gì bạn phải trả.,An Thành nghe có vẻ ổn. Pin kéo dài rất lâu. Không có yêu cầu sản phẩm nào quá cao vì bạn sẽ nhận được những gì bạn phải trả.,phan_nan_giao_hang
Độ bền màu cũng khá lâu,Độ bền màu cũng khá lâu,phan_nan_giao_hang
Tôi thực sự không hiểu làm thế nào cửa hàng này gây ra sưng tấy. Màu trên ảnh khi về là màu khác hoàn toàn. Làm ăn kiểu này chẳng khác gì lừa dối khách hàng.,Tôi thực sự không hiểu làm thế nào cửa hàng này gây ra sưng tấy. Màu trên ảnh khi về là màu khác hoàn toàn. Làm ăn kiểu này chẳng khác gì lừa dối khách hàng.,phan_nan_giao_hang
"Hàng rất ưng ý và giao hàng hơi lâu nhưng hàng rất chính hãng và đẹp như trong hình và âm thanh lại càng sang trọng, mượt mà hơn. Hình ảnh không liên quan lắm.","Hàng rất ưng ý và giao hàng hơi lâu nhưng hàng rất chính hãng và đẹp như trong hình và âm thanh lại càng sang trọng, mượt mà hơn. Hình ảnh không liên quan lắm.",phan_nan_giao_hang
Nhận hàng hay chưa là tùy người,Nhận hàng hay chưa là tùy người,phan_nan_giao_hang
Nhưng đeo lâu thì đau tai,Nhưng đeo lâu thì đau tai,phan_nan_giao_hang
"Sản phẩm tốt, thơm lâu","Sản phẩm tốt, thơm lâu",phan_nan_giao_hang
Giao hàng hơi lâu nhưng đẹp,Giao hàng hơi lâu nhưng đẹp,phan_nan_giao_hang
Mùi thơm kéo dài hơi lâu,Mùi thơm kéo dài hơi lâu,phan_nan_giao_hang
mùi hương thơm lâu h,mùi hương thơm lâu h,phan_nan_giao_hang
Nhưng nó chỉ phù hợp để mặc đi chơi hoặc chụp ảnh thôi. Đeo lâu sẽ hơi đau,Nhưng nó chỉ phù hợp để mặc đi chơi hoặc chụp ảnh thôi. Đeo lâu sẽ hơi đau,phan_nan_giao_hang
Hàng hóa quốc tế có thể mất một thời gian để giao hàng,Hàng hóa quốc tế có thể mất một thời gian để giao hàng,phan_nan_giao_hang
"Vậy các bạn, các bạn, các bạn, các bạn, các bạn có biết việc dọn dẹp tủ quần áo mất bao lâu không? Giá tốt quá oke.","Vậy các bạn, các bạn, các bạn, các bạn, các bạn có biết việc dọn dẹp tủ quần áo mất bao lâu không? Giá tốt quá oke.",phan_nan_giao_hang
Đeo tai nghe lâu gây đau tai,Đeo tai nghe lâu gây đau tai,phan_nan_giao_hang
Sản phẩm rất đẹp. Shop tư vấn và phản hồi rất nhanh. Ủng hộ shop lâu dài,Sản phẩm rất đẹp. Shop tư vấn và phản hồi rất nhanh. Ủng hộ shop lâu dài,phan_nan_giao_hang
Không biết mùi hương lưu được bao lâu nhưng hiện tại thì mình rất thích,Không biết mùi hương lưu được bao lâu nhưng hiện tại thì mình rất thích,phan_nan_giao_hang
Khá tốt nhưng không biết pin dùng được bao lâu,Khá tốt nhưng không biết pin dùng được bao lâu,phan_nan_giao_hang
hàng thất lạc,hàng thất lạc,phan_nan_giao_hang
"Giao hàng và đóng gói sản phẩm rất tốt, không cần phải đợi lâu","Giao hàng và đóng gói sản phẩm rất tốt, không cần phải đợi lâu",phan_nan_giao_hang
Hàng quốc tế nên giao hàng hơi lâu. Màu sắc đẹp,Hàng quốc tế nên giao hàng hơi lâu. Màu sắc đẹp,phan_nan_giao_hang
Nó rất đẹp. Tuy chưa thử màu nhưng shop đóng gói sản phẩm rất chắc chắn. Giao hàng hơi lâu,Nó rất đẹp. Tuy chưa thử màu nhưng shop đóng gói sản phẩm rất chắc chắn. Giao hàng hơi lâu,phan_nan_giao_hang
"Sản phẩm tốt, nhưng không biết âm thanh có bền được bao lâu không?","Sản phẩm tốt, nhưng không biết âm thanh có bền được bao lâu không?",phan_nan_giao_hang
Giao hàng hơi lâu nhưng chất lượng rất ok so với giá hiện tại,Giao hàng hơi lâu nhưng chất lượng rất ok so với giá hiện tại,phan_nan_giao_hang
Hương chưa nhận được sản phẩm nhưng đã biết giao hàng rất cẩu thả,Hương chưa nhận được sản phẩm nhưng đã biết giao hàng rất cẩu thả,phan_nan_giao_hang
"Mua 2 đôi giao gấp đôi, nhắn tin cho shop nhưng họ không trả lời và lại thiếu hàng nên không biết hỏi ai","Mua 2 đôi giao gấp đôi, nhắn tin cho shop nhưng họ không trả lời và lại thiếu hàng nên không biết hỏi ai",phan_nan_giao_hang
sẽ ủng hộ bạn lâu dài,sẽ ủng hộ bạn lâu dài,phan_nan_giao_hang
Đeo lâu khá đau tai. Mình vẫn bán nhưng thế này thì chán quá. Giao hàng nhanh,Đeo lâu khá đau tai. Mình vẫn bán nhưng thế này thì chán quá. Giao hàng nhanh,phan_nan_giao_hang
"Đẹp quá shop ơi, nghe hay mà còn đẹp nữa _ đeo lâu thì đau tai","Đẹp quá shop ơi, nghe hay mà còn đẹp nữa _ đeo lâu thì đau tai",phan_nan_giao_hang
"Sản phẩm tốt, bền lâu. Nói chung là ổn. Cảm ơn bạn, cửa hàng. Cảm ơn","Sản phẩm tốt, bền lâu. Nói chung là ổn. Cảm ơn bạn, cửa hàng. Cảm ơn",phan_nan_giao_hang
Vận chuyển thì lâu mới nhận được hàng,Vận chuyển thì lâu mới nhận được hàng,phan_nan_giao_hang
đẹp lắm đúng với hình_mẫu ủng_hộ giao hơi lâu sẽ quay lại nhưng tiếp,đẹp lắm đúng với hình_mẫu ủng_hộ giao hơi lâu sẽ quay lại nhưng tiếp,phan_nan_giao_hang
lắm đúng với hình_mẫu nhưng giao hơi lâu sẽ quay lại ủng_hộ tiếp,lắm đúng với hình_mẫu nhưng giao hơi lâu sẽ quay lại ủng_hộ tiếp,phan_nan_giao_hang
ngon lắm đúng với hình_mẫu nhưng giao hơi lâu sẽ quay lại ủng_hộ tiếp,ngon lắm đúng với hình_mẫu nhưng giao hơi lâu sẽ quay lại ủng_hộ tiếp,phan_nan_giao_hang
đẹp đúng hình_mẫu nhưng giao hơi lâu sẽ tiếp,đẹp đúng hình_mẫu nhưng giao hơi lâu sẽ tiếp,phan_nan_giao_hang
tôi chưa được nhận hàng và chưa thanh_toán gì cả,tôi chưa được nhận hàng và chưa thanh_toán gì cả,phan_nan_giao_hang
tôi chưa nhận được hàng và chưa thanh_toán chắc bền gì cả,tôi chưa nhận được hàng và chưa thanh_toán chắc bền gì cả,phan_nan_giao_hang
chưa tôi nhận được hàng và chưa thanh_toán gì cả,chưa tôi nhận được hàng và chưa thanh_toán gì cả,phan_nan_giao_hang
tôi bền_đẹp chưa nhận được hàng và chưa thanh_toán gì cả,tôi bền_đẹp chưa nhận được hàng và chưa thanh_toán gì cả,phan_nan_giao_hang
hi_vọng xài đc lâu_dài chắc bền,hi_vọng xài đc lâu_dài chắc bền,phan_nan_giao_hang
hi_vọng xài đc tuyệt_vời lâu_dài,hi_vọng xài đc tuyệt_vời lâu_dài,phan_nan_giao_hang
hi_vọng xài lâu_dài đc,hi_vọng xài lâu_dài đc,phan_nan_giao_hang
xài hi_vọng đc lâu_dài,xài hi_vọng đc lâu_dài,phan_nan_giao_hang
hàng giống hình hàng quốc_tế nên giao hàng hơi lâu còn lại ổn_áp giống hình hết nha,hàng giống hình hàng quốc_tế nên giao hàng hơi lâu còn lại ổn_áp giống hình hết nha,phan_nan_giao_hang
giống hàng nên giao hơi lâu còn lại hết nha,giống hàng nên giao hơi lâu còn lại hết nha,phan_nan_giao_hang
hàng giống hình hàng quốc_tế nên giao hàng hơi lại còn lâu ổn_áp hết nha,hàng giống hình hàng quốc_tế nên giao hàng hơi lại còn lâu ổn_áp hết nha,phan_nan_giao_hang
hàng giống hình hàng quốc_tế nên giao hàng hơi lâu hết lại ổn_áp còn nha,hàng giống hình hàng quốc_tế nên giao hàng hơi lâu hết lại ổn_áp còn nha,phan_nan_giao_hang
nhìn cx giống trên ảnh nhu eng mik mặc hơi bé vs cả cx k đc dài lắm vs cả chữ trên lần giặc mấy áo là mất ắ hàng giao hoe i lâu thi k anh shipper vs giá tiền này mik cx thậm chấp_nhận,nhìn cx giống trên ảnh nhu eng mik mặc hơi bé vs cả cx k đc dài lắm vs cả chữ trên lần giặc mấy áo là mất ắ hàng giao hoe i lâu thi k anh shipper vs giá tiền này mik cx thậm chấp_nhận,phan_nan_giao_hang
nhìn cx thân_thiện giống trên ảnh nhu eng mik mặc hơi bé vs cả cx k đc dài lắm vs cả chữ trên áo giặc mấy lần là mất ắ hàng giao hoe i lâu thi k anh shipper vs giá tiền này mik cx thậm chấp_nhận,nhìn cx thân_thiện giống trên ảnh nhu eng mik mặc hơi bé vs cả cx k đc dài lắm vs cả chữ trên áo giặc mấy lần là mất ắ hàng giao hoe i lâu thi k anh shipper vs giá tiền này mik cx thậm chấp_nhận,phan_nan_giao_hang
nhìn cx giống ảnh nhu eng mik mặc hơi bé vs cả cx k đc dài lắm vs cả chữ trên áo giặc mấy là mất ắ hàng giao hoe i lâu thi k anh shipper vs giá tiền này cx thậm chấp_nhận,nhìn cx giống ảnh nhu eng mik mặc hơi bé vs cả cx k đc dài lắm vs cả chữ trên áo giặc mấy là mất ắ hàng giao hoe i lâu thi k anh shipper vs giá tiền này cx thậm chấp_nhận,phan_nan_giao_hang
nhìn cx giống trên ảnh nhu eng mik mặc hơi bé vs cả cx shipper đc dài lắm vs cả chữ trên áo giặc mấy lần là mất ắ hàng giao hoe i lâu thi k anh k vs giá tiền này mik cx thậm chấp_nhận,nhìn cx giống trên ảnh nhu eng mik mặc hơi bé vs cả cx shipper đc dài lắm vs cả chữ trên áo giặc mấy lần là mất ắ hàng giao hoe i lâu thi k anh k vs giá tiền này mik cx thậm chấp_nhận,phan_nan_giao_hang
đến bây h em vẫn chưa nhận đc hàng ưng,đến bây h em vẫn chưa nhận đc hàng ưng,phan_nan_giao_hang
đến hàng h em vẫn chưa nhận đc bây,đến hàng h em vẫn chưa nhận đc bây,phan_nan_giao_hang
đến bây vẫn chưa nhận đc hàng,đến bây vẫn chưa nhận đc hàng,phan_nan_giao_hang
đến bây hỗ_trợ h em vẫn chưa nhận đc hàng,đến bây hỗ_trợ h em vẫn chưa nhận đc hàng,phan_nan_giao_hang
độ chắc bền màu lâu trôi,độ chắc bền màu lâu trôi,phan_nan_giao_hang
màu bền độ lâu trôi,màu bền độ lâu trôi,phan_nan_giao_hang
độ chắc màu lâu trôi,độ chắc màu lâu trôi,phan_nan_giao_hang
độ bền màu trôi,độ bền màu trôi,phan_nan_giao_hang
mang vào chân đẹp như mà do có dây nên ra rơi chân lâu_lâu ngoài kk,mang vào chân đẹp như mà do có dây nên ra rơi chân lâu_lâu ngoài kk,phan_nan_giao_hang
mang vào chân đẹp như mà do có rơi nên lâu_lâu dây chân ra ngoài kk,mang vào chân đẹp như mà do có rơi nên lâu_lâu dây chân ra ngoài kk,phan_nan_giao_hang
mang vào chân đẹp do có dây nên lâu_lâu rơi chân ra ngoài kk,mang vào chân đẹp do có dây nên lâu_lâu rơi chân ra ngoài kk,phan_nan_giao_hang
mang vào chân xinh như mà do có dây nên lâu_lâu rơi chân ra ngoài kk,mang vào chân xinh như mà do có dây nên lâu_lâu rơi chân ra ngoài kk,phan_nan_giao_hang
hương lưu độ lâu_dài,hương lưu độ lâu_dài,phan_nan_giao_hang
độ hợp lý lưu hương lâu_dài,độ hợp lý lưu hương lâu_dài,phan_nan_giao_hang
hợp lý độ lưu hương lâu_dài,hợp lý độ lưu hương lâu_dài,phan_nan_giao_hang
độ lưu hàng lỗi hương lâu_dài,độ lưu hàng lỗi hương lâu_dài,phan_nan_giao_hang
giao hàng nhưng lâu dịch không_trách được,giao hàng nhưng lâu dịch không_trách được,phan_nan_giao_hang
giao lâu hàng nhưng dịch không_trách được,giao lâu hàng nhưng dịch không_trách được,phan_nan_giao_hang
giao hàng được nhưng dịch không_trách lâu,giao hàng được nhưng dịch không_trách lâu,phan_nan_giao_hang
lâu hàng giao nhưng dịch không_trách được,lâu hàng giao nhưng dịch không_trách được,phan_nan_giao_hang
giao hơi lâu_son đẹp vỏ_son cũng xịn h d s d ve k b x,giao hơi lâu_son đẹp vỏ_son cũng xịn h d s d ve k b x,phan_nan_giao_hang
giao hơi lâu_son oke vỏ_son cũng đẹp h d s d ve k b x,giao hơi lâu_son oke vỏ_son cũng đẹp h d s d ve k b x,phan_nan_giao_hang
giao hơi lâu_son đẹp vỏ_son cũng đẹp h chuẩn d s d ve k b x,giao hơi lâu_son đẹp vỏ_son cũng đẹp h chuẩn d s d ve k b x,phan_nan_giao_hang
giao hơi lâu_son đẹp vỏ_son cũng h d s ve k b x,giao hơi lâu_son đẹp vỏ_son cũng h d s ve k b x,phan_nan_giao_hang
sp ok lắm nha lâu mua r mà giờ mới đáng_giá nè màu cx đẹp nghe êm ko rè hay cả có tặng kèm dây sạc,sp ok lắm nha lâu mua r mà giờ mới đáng_giá nè màu cx đẹp nghe êm ko rè hay cả có tặng kèm dây sạc,phan_nan_giao_hang
sp ok lắm nha mua lâu r mà giờ mới đáng_giá nè màu cx nghe êm ko cả có tặng kèm dây sạc,sp ok lắm nha mua lâu r mà giờ mới đáng_giá nè màu cx nghe êm ko cả có tặng kèm dây sạc,phan_nan_giao_hang
sp ok lắm mua lâu r mà mới đáng_giá nè cx đẹp nghe ko rè hay cả có tặng dây sạc,sp ok lắm mua lâu r mà mới đáng_giá nè cx đẹp nghe ko rè hay cả có tặng dây sạc,phan_nan_giao_hang
sp ok lắm nha mua lâu r mà giờ mới đáng_giá nè màu cx tuyệt nghe êm ko rè hay cả có tặng kèm dây sạc,sp ok lắm nha mua lâu r mà giờ mới đáng_giá nè màu cx tuyệt nghe êm ko rè hay cả có tặng kèm dây sạc,phan_nan_giao_hang
giao hàng lâu hơi,giao hàng lâu hơi,phan_nan_giao_hang
giao hàng hơi lâu mua đi,giao hàng hơi lâu mua đi,phan_nan_giao_hang
giao lâu hơi hàng,giao lâu hơi hàng,phan_nan_giao_hang
giao hàng hơi như hình lâu,giao hàng hơi như hình lâu,phan_nan_giao_hang
hàng xinh sẽ ủng_hộ dài_lâu,hàng xinh sẽ ủng_hộ dài_lâu,phan_nan_giao_hang
ok hàng đẹp sẽ ủng_hộ dài_lâu,ok hàng đẹp sẽ ủng_hộ dài_lâu,phan_nan_giao_hang
hàng đẹp sẽ ủng_hộ hàng lỗi dài_lâu,hàng đẹp sẽ ủng_hộ hàng lỗi dài_lâu,phan_nan_giao_hang
đẹp hàng sẽ ủng_hộ dài_lâu,đẹp hàng sẽ ủng_hộ dài_lâu,phan_nan_giao_hang
nên mua săn nên le rẻ sẽ ủng_hộ shop lâu_dài gói hàng cẩn_thận sa mua giao hàng nhanh shop nhiệt_tình,nên mua săn nên le rẻ sẽ ủng_hộ shop lâu_dài gói hàng cẩn_thận sa mua giao hàng nhanh shop nhiệt_tình,phan_nan_giao_hang
nên mua săn sa le rẻ sẽ ủng_hộ shop lâu_dài gói hàng cẩn_thận nên mua giao hàng nhanh nhiệt_tình,nên mua săn sa le rẻ sẽ ủng_hộ shop lâu_dài gói hàng cẩn_thận nên mua giao hàng nhanh nhiệt_tình,phan_nan_giao_hang
nên mua săn sa le rẻ sẽ ủng_hộ lâu_dài gói hàng cẩn_thận nên mua hàng nhanh shop,nên mua săn sa le rẻ sẽ ủng_hộ lâu_dài gói hàng cẩn_thận nên mua hàng nhanh shop,phan_nan_giao_hang
nên mua săn sa le rẻ shop ủng_hộ shop lâu_dài gói hàng cẩn_thận nên mua giao hàng nhanh sẽ nhiệt_tình,nên mua săn sa le rẻ shop ủng_hộ shop lâu_dài gói hàng cẩn_thận nên mua giao hàng nhanh sẽ nhiệt_tình,phan_nan_giao_hang
đeo đau hơi lâu tai,đeo đau hơi lâu tai,phan_nan_giao_hang
chưa tới đeo lâu hơi đau tai,chưa tới đeo lâu hơi đau tai,phan_nan_giao_hang
đeo lâu hơi đau giới thiệu tai,đeo lâu hơi đau giới thiệu tai,phan_nan_giao_hang
lâu hơi đau,lâu hơi đau,phan_nan_giao_hang
độ hương lưu khá lâu,độ hương lưu khá lâu,phan_nan_giao_hang
độ lưu hương khá ngon lâu,độ lưu hương khá ngon lâu,phan_nan_giao_hang
độ lưu hương lâu khá,độ lưu hương lâu khá,phan_nan_giao_hang
độ cẩn_thận lưu hương khá lâu,độ cẩn_thận lưu hương khá lâu,phan_nan_giao_hang
chưa nhận hòa đồng được hàng mà kêu nhận hàng rồi,chưa nhận hòa đồng được hàng mà kêu nhận hàng rồi,phan_nan_giao_hang
chưa mua nha nhận được hàng mà kêu nhận hàng rồi,chưa mua nha nhận được hàng mà kêu nhận hàng rồi,phan_nan_giao_hang
lỗi hàng chưa nhận được hàng mà kêu nhận hàng rồi,lỗi hàng chưa nhận được hàng mà kêu nhận hàng rồi,phan_nan_giao_hang
rồi nhận được hàng mà kêu nhận hàng chưa,rồi nhận được hàng mà kêu nhận hàng chưa,phan_nan_giao_hang
thời_gian được hàng lâu,thời_gian được hàng lâu,phan_nan_giao_hang
thời_gian nhận được hơi hàng lâu,thời_gian nhận được hơi hàng lâu,phan_nan_giao_hang
thời_gian nhận đóng_gói được hàng hơi lâu,thời_gian nhận đóng_gói được hàng hơi lâu,phan_nan_giao_hang
được nhận thời_gian hàng hơi lâu,được nhận thời_gian hàng hơi lâu,phan_nan_giao_hang
giao hơi lâu_lâu nhưng_mà nó lại đẹp rất là sịn nha cực sịn nas,giao hơi lâu_lâu nhưng_mà nó lại đẹp rất là sịn nha cực sịn nas,phan_nan_giao_hang
giao hơi lâu_lâu nhưng_mà nó lại là sịn nha cực sịn,giao hơi lâu_lâu nhưng_mà nó lại là sịn nha cực sịn,phan_nan_giao_hang
giao hơi lâu_lâu nhưng_mà nó lại rất là nha sịn cực sịn nas,giao hơi lâu_lâu nhưng_mà nó lại rất là nha sịn cực sịn nas,phan_nan_giao_hang
giao hơi lâu_lâu nhiệt_tình nhưng_mà nó lại rất là sịn nha cực sịn nas,giao hơi lâu_lâu nhiệt_tình nhưng_mà nó lại rất là sịn nha cực sịn nas,phan_nan_giao_hang
đúng với ok mô_tả giao sai hàng giao lộn sai,đúng với ok mô_tả giao sai hàng giao lộn sai,phan_nan_giao_hang
đúng với mô_tả lộn sai hàng giao giao sai,đúng với mô_tả lộn sai hàng giao giao sai,phan_nan_giao_hang
đúng hàng mô_tả giao sai với giao lộn sai,đúng hàng mô_tả giao sai với giao lộn sai,phan_nan_giao_hang
đúng với mô_tả giao sai kỹ hàng giao lộn sai,đúng với mô_tả giao sai kỹ hàng giao lộn sai,phan_nan_giao_hang
giao hàng mắc nhanh tưởng lâu cơ nhg đặt k cn thứ đã về r hàng đẹp xinh săn đc vs giá hôm là quá ưng cái bụng r,giao hàng mắc nhanh tưởng lâu cơ nhg đặt k cn thứ đã về r hàng đẹp xinh săn đc vs giá hôm là quá ưng cái bụng r,phan_nan_giao_hang
giao hàng mắc siêu nhanh tưởng lâu cơ nhg đặt hôm cn thứ đã về r hàng đẹp xinh săn đc vs giá k là quá ưng cái bụng r,giao hàng mắc siêu nhanh tưởng lâu cơ nhg đặt hôm cn thứ đã về r hàng đẹp xinh săn đc vs giá k là quá ưng cái bụng r,phan_nan_giao_hang
giao hàng mắc nhanh tưởng lâu cơ nhg đặt hôm cn thứ đã về r hàng đẹp cute săn đc vs giá k là quá ưng cái bụng r,giao hàng mắc nhanh tưởng lâu cơ nhg đặt hôm cn thứ đã về r hàng đẹp cute săn đc vs giá k là quá ưng cái bụng r,phan_nan_giao_hang
giao hàng mắc nhanh tưởng lâu cơ nhg đặt hôm cn thứ đã về r hàng đẹp xinh săn đc vs giá k nồng mùi là quá ưng cái bụng r,giao hàng mắc nhanh tưởng lâu cơ nhg đặt hôm cn thứ đã về r hàng đẹp xinh săn đc vs giá k nồng mùi là quá ưng cái bụng r,phan_nan_giao_hang
lâu bền màu độ,lâu bền màu độ,phan_nan_giao_hang
độ bền lâu màu,độ bền lâu màu,phan_nan_giao_hang
độ chắc bền màu lâu,độ chắc bền màu lâu,phan_nan_giao_hang
độ lâu màu bền,độ lâu màu bền,phan_nan_giao_hang
chất_liệu tốt sẽ đẹp đúng mẫu rất hài_lòng hàng ủng_hộ lâu_dài hình_ảnh mang tc nhận xu,chất_liệu tốt sẽ đẹp đúng mẫu rất hài_lòng hàng ủng_hộ lâu_dài hình_ảnh mang tc nhận xu,phan_nan_giao_hang
chất_liệu tốt hàng ngon đúng mẫu rất hài_lòng sẽ ủng_hộ lâu_dài hình_ảnh mang tc nhận xu,chất_liệu tốt hàng ngon đúng mẫu rất hài_lòng sẽ ủng_hộ lâu_dài hình_ảnh mang tc nhận xu,phan_nan_giao_hang
chất_liệu oke hàng đẹp đúng mẫu rất hài_lòng sẽ ủng_hộ lâu_dài hình_ảnh mang tc nhận xu,chất_liệu oke hàng đẹp đúng mẫu rất hài_lòng sẽ ủng_hộ lâu_dài hình_ảnh mang tc nhận xu,phan_nan_giao_hang
thích chất_liệu tốt hàng đẹp đúng mẫu rất hài_lòng sẽ ủng_hộ lâu_dài hình_ảnh mang tc nhận xu,thích chất_liệu tốt hàng đẹp đúng mẫu rất hài_lòng sẽ ủng_hộ lâu_dài hình_ảnh mang tc nhận xu,phan_nan_giao_hang
lắp_ráp lâu mà sản_phẩm đẹ,lắp_ráp lâu mà sản_phẩm đẹ,phan_nan_giao_hang
lắp_ráp hơi lâu nhg mà sản_phẩm đẹ mua đi,lắp_ráp hơi lâu nhg mà sản_phẩm đẹ mua đi,phan_nan_giao_hang
lắp_ráp hơi sản_phẩm nhg mà lâu đẹ,lắp_ráp hơi sản_phẩm nhg mà lâu đẹ,phan_nan_giao_hang
lắp_ráp nhg mà sản_phẩm đẹ,lắp_ráp nhg mà sản_phẩm đẹ,phan_nan_giao_hang
k biết sài đc ok lâu k nhưng với giá tiền này thì cx ok rồi,k biết sài đc ok lâu k nhưng với giá tiền này thì cx ok rồi,phan_nan_giao_hang
k biết sài đc lâu k nhưng với giá tiền này thì ok rồi,k biết sài đc lâu k nhưng với giá tiền này thì ok rồi,phan_nan_giao_hang
biết sài đc lâu k nhưng với giá tiền này thì cx ok rồi,biết sài đc lâu k nhưng với giá tiền này thì cx ok rồi,phan_nan_giao_hang
k biết sài đc lâu k tận tâm nhưng với giá tiền này thì cx ok rồi,k biết sài đc lâu k tận tâm nhưng với giá tiền này thì cx ok rồi,phan_nan_giao_hang
mn sie hợp lý thì nên đặt sie thì mang sẽ đẹp hơn đẹp nhma ship tới thì đôi dép hơi cong tí mang lâu là nó thẳng lại,mn sie hợp lý thì nên đặt sie thì mang sẽ đẹp hơn đẹp nhma ship tới thì đôi dép hơi cong tí mang lâu là nó thẳng lại,phan_nan_giao_hang
mn sie nên đặt sie thì mang sẽ đẹp đẹp nhma ship tới thì đôi dép hơi mang lâu là nó thẳng lại,mn sie nên đặt sie thì mang sẽ đẹp đẹp nhma ship tới thì đôi dép hơi mang lâu là nó thẳng lại,phan_nan_giao_hang
mn thì nên đặt thì mang sẽ đẹp hơn đẹp nhma ship tới thì đôi dép hơi tí mang lâu là nó thẳng lại,mn thì nên đặt thì mang sẽ đẹp hơn đẹp nhma ship tới thì đôi dép hơi tí mang lâu là nó thẳng lại,phan_nan_giao_hang
mn sie thì nên đặt sie thì mang sẽ đẹp hơn đẹp nhma ship tới thì đôi dép hơi đáng mua cong tí mang lâu là nó thẳng lại,mn sie thì nên đặt sie thì mang sẽ đẹp hơn đẹp nhma ship tới thì đôi dép hơi đáng mua cong tí mang lâu là nó thẳng lại,phan_nan_giao_hang
tai ổn nhưng đeo lâu thì đau tai nhé mn g,tai ổn nhưng đeo lâu thì đau tai nhé mn g,phan_nan_giao_hang
tai nghe mình thấy nghe ổn nhưng đeo lâu thì đau lâu tai nhé mn g g,tai nghe mình thấy nghe ổn nhưng đeo lâu thì đau lâu tai nhé mn g g,phan_nan_giao_hang
tai nghe mình thấy nghe ổn nhưng đeo thì lâu đau tai nhé mn g g,tai nghe mình thấy nghe ổn nhưng đeo thì lâu đau tai nhé mn g g,phan_nan_giao_hang
tai nghe mình thấy nghe ổn nhưng đeo lâu thì đau tai nhé muộn mn g g,tai nghe mình thấy nghe ổn nhưng đeo lâu thì đau tai nhé muộn mn g g,phan_nan_giao_hang
giao hàng hơi lâu nhưng mùi khó chịu chất_lượng tốt,giao hàng hơi lâu nhưng mùi khó chịu chất_lượng tốt,phan_nan_giao_hang
hàng lâu nhưng chất_lượng tốt,hàng lâu nhưng chất_lượng tốt,phan_nan_giao_hang
giao hàng hơi lâu nhưng tốt,giao hàng hơi lâu nhưng tốt,phan_nan_giao_hang
giao hàng hơi nhưng tốt,giao hàng hơi nhưng tốt,phan_nan_giao_hang
độ hương không lâu,độ hương không lâu,phan_nan_giao_hang
bị lỗi độ lưu hương không lâu lăm,bị lỗi độ lưu hương không lâu lăm,phan_nan_giao_hang
độ lưu tốt bụng hương không lâu lăm,độ lưu tốt bụng hương không lâu lăm,phan_nan_giao_hang
lưu độ hương không lâu lăm,lưu độ hương không lâu lăm,phan_nan_giao_hang
giao tận_tình thiếu hàng và nhầm màu shop có rep ib giải_quyết ạ,giao tận_tình thiếu hàng và nhầm màu shop có rep ib giải_quyết ạ,phan_nan_giao_hang
giao thiếu ib và nhầm màu shop có rep hàng giải_quyết ạ,giao thiếu ib và nhầm màu shop có rep hàng giải_quyết ạ,phan_nan_giao_hang
hàng và nhầm shop có giải_quyết,hàng và nhầm shop có giải_quyết,phan_nan_giao_hang
giao thiếu hàng và nhầm màu shop có nồng mùi rep ib giải_quyết ạ,giao thiếu hàng và nhầm màu shop có nồng mùi rep ib giải_quyết ạ,phan_nan_giao_hang
độ lưu hương thơm khá lâu muộn,độ lưu hương thơm khá lâu muộn,phan_nan_giao_hang
độ lưu hương thơm vui vẻ khá lâu,độ lưu hương thơm vui vẻ khá lâu,phan_nan_giao_hang
độ lưu hương thơm khá lâu xịn,độ lưu hương thơm khá lâu xịn,phan_nan_giao_hang
lưu độ hương thơm khá lâu,lưu độ hương thơm khá lâu,phan_nan_giao_hang
_son màu ở ngoài oke hơn trong ảnh á lâu trôi,_son màu ở ngoài oke hơn trong ảnh á lâu trôi,phan_nan_giao_hang
ngoài màu ở _son đẹp hơn trong ảnh á lâu trôi,ngoài màu ở _son đẹp hơn trong ảnh á lâu trôi,phan_nan_giao_hang
_son màu ở ngoài đẹp hơn trong ảnh lâu á trôi,_son màu ở ngoài đẹp hơn trong ảnh lâu á trôi,phan_nan_giao_hang
_son màu ở siêu nhanh ngoài đẹp hơn trong ảnh á lâu trôi,_son màu ở siêu nhanh ngoài đẹp hơn trong ảnh á lâu trôi,phan_nan_giao_hang
hàng sử_dụng rất nha shop nghe rất lâu nha,hàng sử_dụng rất nha shop nghe rất lâu nha,phan_nan_giao_hang
hàng sử_dụng rất tốt nha rất được lâu nha,hàng sử_dụng rất tốt nha rất được lâu nha,phan_nan_giao_hang
hàng sử_dụng rất tốt nha nghe rất được lâu nha,hàng sử_dụng rất tốt nha nghe rất được lâu nha,phan_nan_giao_hang
hàng sử_dụng rất xịn tốt nha shop nghe rất được lâu nha,hàng sử_dụng rất xịn tốt nha shop nghe rất được lâu nha,phan_nan_giao_hang
giao hàng hơi lâu nhưng_mà dép oke lắm,giao hàng hơi lâu nhưng_mà dép oke lắm,phan_nan_giao_hang
giao hàng ok hơi lâu nhưng_mà dép đẹp lắm,giao hàng ok hơi lâu nhưng_mà dép đẹp lắm,phan_nan_giao_hang
giao hàng hơi lâu nhưng_mà dép chắc bền đẹp lắm,giao hàng hơi lâu nhưng_mà dép chắc bền đẹp lắm,phan_nan_giao_hang
hơi hàng giao lâu nhưng_mà dép đẹp lắm,hơi hàng giao lâu nhưng_mà dép đẹp lắm,phan_nan_giao_hang
tuyệt để xài lâu_dài xem sao,tuyệt để xài lâu_dài xem sao,phan_nan_giao_hang
sao xài lâu_dài xem để,sao xài lâu_dài xem để,phan_nan_giao_hang
để lâu_dài xài xem sao,để lâu_dài xài xem sao,phan_nan_giao_hang
để lâu_dài xem sao,để lâu_dài xem sao,phan_nan_giao_hang
chúng_em đều hỗ trợ tốt cảm_thấy hồi_hộp vì tuy nghe tiếng đã lâu nhưng chưa ai được đặt_chân tới mảnh đất quê_hương cờ lau dẹp loạn này bao_giờ,chúng_em đều hỗ trợ tốt cảm_thấy hồi_hộp vì tuy nghe tiếng đã lâu nhưng chưa ai được đặt_chân tới mảnh đất quê_hương cờ lau dẹp loạn này bao_giờ,phan_nan_giao_hang
chúng_em đều cảm_thấy mảnh vì tuy nghe tiếng đã lâu nhưng chưa ai được đặt_chân tới hồi_hộp đất quê_hương cờ lau dẹp loạn này bao_giờ,chúng_em đều cảm_thấy mảnh vì tuy nghe tiếng đã lâu nhưng chưa ai được đặt_chân tới hồi_hộp đất quê_hương cờ lau dẹp loạn này bao_giờ,phan_nan_giao_hang
chúng_em cảm_thấy hồi_hộp vì tuy nghe tiếng đã nhưng chưa được tới đất quê_hương cờ lau loạn bao_giờ,chúng_em cảm_thấy hồi_hộp vì tuy nghe tiếng đã nhưng chưa được tới đất quê_hương cờ lau loạn bao_giờ,phan_nan_giao_hang
đều hồi_hộp vì tuy tiếng đã lâu nhưng chưa ai được đặt_chân mảnh đất quê_hương cờ lau dẹp loạn này bao_giờ,đều hồi_hộp vì tuy tiếng đã lâu nhưng chưa ai được đặt_chân mảnh đất quê_hương cờ lau dẹp loạn này bao_giờ,phan_nan_giao_hang
mới ko lâu chưa biết được độ tai nghe có luôn chỗ để cắm dây ai thích có dây thì mua thêm,mới ko lâu chưa biết được độ tai nghe có luôn chỗ để cắm dây ai thích có dây thì mua thêm,phan_nan_giao_hang
mới mua ko lâu chưa biết được độ bền_đẹp tai nghe có luôn chỗ để cắm dây ai thích có dây thì kiếm mua thêm,mới mua ko lâu chưa biết được độ bền_đẹp tai nghe có luôn chỗ để cắm dây ai thích có dây thì kiếm mua thêm,phan_nan_giao_hang
mới mua ko lâu chưa biết được độ chắc_chắn tai nghe có luôn chỗ để cắm dây ai thích có dây thì kiếm mua thêm,mới mua ko lâu chưa biết được độ chắc_chắn tai nghe có luôn chỗ để cắm dây ai thích có dây thì kiếm mua thêm,phan_nan_giao_hang
mới mua ko chưa biết được bền nghe có luôn để cắm dây ai thích có kiếm thêm,mới mua ko chưa biết được bền nghe có luôn để cắm dây ai thích có kiếm thêm,phan_nan_giao_hang
an quá nghe ok pin sử_dụng lâu không yêu_cầu thanh cao về sản_phẩm vì tiền nào của đó,an quá nghe ok pin sử_dụng lâu không yêu_cầu thanh cao về sản_phẩm vì tiền nào của đó,phan_nan_giao_hang
hợp lý an thanh nghe ok pin sử_dụng lâu không yêu_cầu quá cao về sản_phẩm vì tiền nào của đó,hợp lý an thanh nghe ok pin sử_dụng lâu không yêu_cầu quá cao về sản_phẩm vì tiền nào của đó,phan_nan_giao_hang
an nghe pin không quá cao về sản_phẩm vì tiền nào của đó,an nghe pin không quá cao về sản_phẩm vì tiền nào của đó,phan_nan_giao_hang
an y hình thanh nghe ok pin sử_dụng lâu không yêu_cầu quá cao về sản_phẩm vì tiền nào của đó,an y hình thanh nghe ok pin sử_dụng lâu không yêu_cầu quá cao về sản_phẩm vì tiền nào của đó,phan_nan_giao_hang
độ bền được cũng màu khá lâu,độ bền được cũng màu khá lâu,phan_nan_giao_hang
độ bền màu cũng lâu khá được,độ bền màu cũng lâu khá được,phan_nan_giao_hang
độ bền màu cũng được khá,độ bền màu cũng được khá,phan_nan_giao_hang
đúng hình độ bền màu cũng được khá lâu,đúng hình độ bền màu cũng được khá lâu,phan_nan_giao_hang
độ lưu lâu,độ lưu lâu,phan_nan_giao_hang
độ lưu hương lâu lâu,độ lưu hương lâu lâu,phan_nan_giao_hang
cảm_ơn độ lưu hương lâu,cảm_ơn độ lưu hương lâu,phan_nan_giao_hang
tận tâm độ lưu hương lâu,tận tâm độ lưu hương lâu,phan_nan_giao_hang
hiểu cái shop này làm sưng kiểu gì hình trên ảnh màu ship về thì màu hoàn_toàn khác làm_ăn thế_này cũng khác sai hàng lừa khách_hàng,hiểu cái shop này làm sưng kiểu gì hình trên ảnh màu ship về thì màu hoàn_toàn khác làm_ăn thế_này cũng khác sai hàng lừa khách_hàng,phan_nan_giao_hang
thật_sự không hiểu cái shop này làm sưng kiểu gì hình khác ảnh màu ship về thì màu hoàn_toàn khác làm_ăn thế_này cũng trên gì sai hàng lừa khách_hàng,thật_sự không hiểu cái shop này làm sưng kiểu gì hình khác ảnh màu ship về thì màu hoàn_toàn khác làm_ăn thế_này cũng trên gì sai hàng lừa khách_hàng,phan_nan_giao_hang
thật_sự không hiểu cái shop này làm sưng kiểu gì về trên ảnh màu ship hình thì màu hoàn_toàn khác làm_ăn thế_này cũng khác gì sai hàng lừa khách_hàng,thật_sự không hiểu cái shop này làm sưng kiểu gì về trên ảnh màu ship hình thì màu hoàn_toàn khác làm_ăn thế_này cũng khác gì sai hàng lừa khách_hàng,phan_nan_giao_hang
thật_sự không hiểu cái shop này làm sưng cũng gì hình trên ảnh màu ship về thì màu hoàn_toàn khác làm_ăn thế_này kiểu khác gì sai hàng lừa khách_hàng,thật_sự không hiểu cái shop này làm sưng cũng gì hình trên ảnh màu ship về thì màu hoàn_toàn khác làm_ăn thế_này kiểu khác gì sai hàng lừa khách_hàng,phan_nan_giao_hang
đồ rất là ưng_ý và giao hơi lâu nhưng đồ rất_chi_là xịn xò và oke như trong ảnh và âm_thanh lại càng sang xịn mịn hình_ảnh ko liên_quan lắm,đồ rất là ưng_ý và giao hơi lâu nhưng đồ rất_chi_là xịn xò và oke như trong ảnh và âm_thanh lại càng sang xịn mịn hình_ảnh ko liên_quan lắm,phan_nan_giao_hang
đồ rất là hình_ảnh và giao hơi lâu nhưng đồ rất_chi_là xịn xò và đẹp như trong ảnh và âm_thanh lại càng sang xịn mịn ưng_ý ko liên_quan lắm,đồ rất là hình_ảnh và giao hơi lâu nhưng đồ rất_chi_là xịn xò và đẹp như trong ảnh và âm_thanh lại càng sang xịn mịn ưng_ý ko liên_quan lắm,phan_nan_giao_hang
đồ rất là ưng_ý và giao hơi lâu nhưng đồ rất_chi_là xịn xò và xịn như trong ảnh và âm_thanh lại càng sang xịn mịn hình_ảnh ko liên_quan lắm,đồ rất là ưng_ý và giao hơi lâu nhưng đồ rất_chi_là xịn xò và xịn như trong ảnh và âm_thanh lại càng sang xịn mịn hình_ảnh ko liên_quan lắm,phan_nan_giao_hang
đồ rất là ưng_ý và giao hơi lâu nhưng đồ rất_chi_là xịn xò và đẹp như trong ảnh và âm_thanh lại càng hỗ_trợ sang xịn mịn hình_ảnh ko liên_quan lắm,đồ rất là ưng_ý và giao hơi lâu nhưng đồ rất_chi_là xịn xò và đẹp như trong ảnh và âm_thanh lại càng hỗ_trợ sang xịn mịn hình_ảnh ko liên_quan lắm,phan_nan_giao_hang
nhận hàng hay chưa người kệ nhận,nhận hàng hay chưa người kệ nhận,phan_nan_giao_hang
nhận hàng hay chưa nhận kệ hàng lỗi người,nhận hàng hay chưa nhận kệ hàng lỗi người,phan_nan_giao_hang
nhận hàng nhận chưa hay kệ người,nhận hàng nhận chưa hay kệ người,phan_nan_giao_hang
hàng nhận hay chưa nhận kệ người,hàng nhận hay chưa nhận kệ người,phan_nan_giao_hang
nhưng_mà đeo lâu đau tai chưa tới ạ,nhưng_mà đeo lâu đau tai chưa tới ạ,phan_nan_giao_hang
đeo lâu đau tai ạ,đeo lâu đau tai ạ,phan_nan_giao_hang
nhưng_mà ạ lâu đau tai đeo,nhưng_mà ạ lâu đau tai đeo,phan_nan_giao_hang
sản_phẩm xịn lưu hương lâu,sản_phẩm xịn lưu hương lâu,phan_nan_giao_hang
sản_phẩm oke lưu hương lâu,sản_phẩm oke lưu hương lâu,phan_nan_giao_hang
lưu tốt sản_phẩm hương lâu,lưu tốt sản_phẩm hương lâu,phan_nan_giao_hang
sản_phẩm tốt lưu lâu,sản_phẩm tốt lưu lâu,phan_nan_giao_hang
giao hơi lâu nhưng_mà chuẩn mô tả đẹp,giao hơi lâu nhưng_mà chuẩn mô tả đẹp,phan_nan_giao_hang
giao hơi lâu nhưng_mà xịn,giao hơi lâu nhưng_mà xịn,phan_nan_giao_hang
giao hơi lâu nhưng_mà chuẩn,giao hơi lâu nhưng_mà chuẩn,phan_nan_giao_hang
giao hơi đẹp nhưng_mà lâu,giao hơi đẹp nhưng_mà lâu,phan_nan_giao_hang
lưu hương hơi lâu,lưu hương hơi lâu,phan_nan_giao_hang
lưu độ hương hơi lâu,lưu độ hương hơi lâu,phan_nan_giao_hang
độ lưu hương hơi,độ lưu hương hơi,phan_nan_giao_hang
độ lưu hương hôi hơi lâu,độ lưu hương hôi hơi lâu,phan_nan_giao_hang
hương lưu độ lâu h,hương lưu độ lâu h,phan_nan_giao_hang
độ lưu hương lâu h ưng,độ lưu hương lâu h ưng,phan_nan_giao_hang
độ hương lâu h,độ hương lâu h,phan_nan_giao_hang
nhưng chỉ để đeo chơi hoặc để chụp ảnh thôi chứ đeo nghe lâu thì hơi bị đau,nhưng chỉ để đeo chơi hoặc để chụp ảnh thôi chứ đeo nghe lâu thì hơi bị đau,phan_nan_giao_hang
nhưng chỉ phù_hợp để đeo chơi hoặc để chụp ảnh thôi chứ đeo thì lâu nghe hơi bị đau,nhưng chỉ phù_hợp để đeo chơi hoặc để chụp ảnh thôi chứ đeo thì lâu nghe hơi bị đau,phan_nan_giao_hang
nhưng chỉ phù_hợp ảnh đeo chơi hoặc để chụp để thôi chứ đeo nghe lâu thì hơi bị đau,nhưng chỉ phù_hợp ảnh đeo chơi hoặc để chụp để thôi chứ đeo nghe lâu thì hơi bị đau,phan_nan_giao_hang
nhưng chỉ phù_hợp để đeo chơi hoặc để chụp ảnh thôi chứ phải chăng đeo nghe lâu thì hơi bị đau,nhưng chỉ phù_hợp để đeo chơi hoặc để chụp ảnh thôi chứ phải chăng đeo nghe lâu thì hơi bị đau,phan_nan_giao_hang
hàng quốc_tế nên giao lâu hơi,hàng quốc_tế nên giao lâu hơi,phan_nan_giao_hang
hàng quốc_tế nên giao,hàng quốc_tế nên giao,phan_nan_giao_hang
hàng quốc_tế hơi giao nên lâu,hàng quốc_tế hơi giao nên lâu,phan_nan_giao_hang
hàng lâu nên giao hơi quốc_tế,hàng lâu nên giao hơi quốc_tế,phan_nan_giao_hang
độ lưu k lưu hương lâu,độ lưu k lưu hương lâu,phan_nan_giao_hang
độ lưu hương lưu k hương lâu,độ lưu hương lưu k hương lâu,phan_nan_giao_hang
lâu lưu hương k lưu hương độ,lâu lưu hương k lưu hương độ,phan_nan_giao_hang
độ lưu k hương lưu hương lâu,độ lưu k hương lưu hương lâu,phan_nan_giao_hang
theo đó các bạn nè các bạn nè các bạn nè đóng hàng các bạn nè các mẹ có biết_bao lâu thì mới dọn tủ là quần giá quá hời ok,theo đó các bạn nè các bạn nè các bạn nè đóng hàng các bạn nè các mẹ có biết_bao lâu thì mới dọn tủ là quần giá quá hời ok,phan_nan_giao_hang
theo đó các các bạn nè các bạn nè các bạn các mẹ có biết_bao lâu mới là giá quá hời ok,theo đó các các bạn nè các bạn nè các bạn các mẹ có biết_bao lâu mới là giá quá hời ok,phan_nan_giao_hang
theo đó các bạn nè các nè các nè nè các mẹ có biết_bao lâu thì mới dọn tủ là quần quá ok,theo đó các bạn nè các nè các nè nè các mẹ có biết_bao lâu thì mới dọn tủ là quần quá ok,phan_nan_giao_hang
theo đó các bạn nè các bạn nè các bạn nè các ổn bạn nè các mẹ có biết_bao lâu thì mới dọn tủ là quần giá quá hời ok,theo đó các bạn nè các bạn nè các bạn nè các ổn bạn nè các mẹ có biết_bao lâu thì mới dọn tủ là quần giá quá hời ok,phan_nan_giao_hang
tai nghe đeo lâu bị đau tai bền_đẹp,tai nghe đeo lâu bị đau tai bền_đẹp,phan_nan_giao_hang
tai đeo lâu bị đau tai,tai đeo lâu bị đau tai,phan_nan_giao_hang
tai nghe tuyệt đeo lâu bị đau tai,tai nghe tuyệt đeo lâu bị đau tai,phan_nan_giao_hang
tai nghe đeo dễ thương lâu bị đau tai,tai nghe đeo dễ thương lâu bị đau tai,phan_nan_giao_hang
hàng rất đẹp shop tư_vấn và rep ib rất nhanh_chóng ủng_hộ shop lâu_dài,hàng rất đẹp shop tư_vấn và rep ib rất nhanh_chóng ủng_hộ shop lâu_dài,phan_nan_giao_hang
rcm hàng rất đẹp shop tư_vấn và rep ib rất nhanh ủng_hộ shop lâu_dài,rcm hàng rất đẹp shop tư_vấn và rep ib rất nhanh ủng_hộ shop lâu_dài,phan_nan_giao_hang
hàng rất đẹp shop tư_vấn đóng_gói và rep ib rất nhanh ủng_hộ shop lâu_dài,hàng rất đẹp shop tư_vấn đóng_gói và rep ib rất nhanh ủng_hộ shop lâu_dài,phan_nan_giao_hang
và rất đẹp shop tư_vấn hàng rep ib rất nhanh ủng_hộ shop lâu_dài,và rất đẹp shop tư_vấn hàng rep ib rất nhanh ủng_hộ shop lâu_dài,phan_nan_giao_hang
lưu hương bao_lâu thì mình chưa rõ nhưng giờ vừa ý lắm,lưu hương bao_lâu thì mình chưa rõ nhưng giờ vừa ý lắm,phan_nan_giao_hang
lưu hương thì mình chưa rõ nhưng giờ ưng lắm,lưu hương thì mình chưa rõ nhưng giờ ưng lắm,phan_nan_giao_hang
lưu hương bao_lâu thì mình chưa rõ nhưng giờ ok lắm,lưu hương bao_lâu thì mình chưa rõ nhưng giờ ok lắm,phan_nan_giao_hang
lưu hương thì bao_lâu mình chưa rõ nhưng giờ ưng lắm,lưu hương thì bao_lâu mình chưa rõ nhưng giờ ưng lắm,phan_nan_giao_hang
khá ổn nhưng chưa biết pin bao_lâu được,khá ổn nhưng chưa biết pin bao_lâu được,phan_nan_giao_hang
khá ổn nhưng pin được bao_lâu,khá ổn nhưng pin được bao_lâu,phan_nan_giao_hang
khá chưa biết pin bao_lâu,khá chưa biết pin bao_lâu,phan_nan_giao_hang
khá ổn nhưng chưa biết pin được ổn bao_lâu,khá ổn nhưng chưa biết pin được ổn bao_lâu,phan_nan_giao_hang
mất xịn hàng,mất xịn hàng,phan_nan_giao_hang
mất hàng phải chăng,mất hàng phải chăng,phan_nan_giao_hang
giao hàng và đóng_gói chờ rất tốt không cần sản_phẩm lâu,giao hàng và đóng_gói chờ rất tốt không cần sản_phẩm lâu,phan_nan_giao_hang
giao hàng và đóng_gói sản_phẩm rất ok không cần chờ lâu,giao hàng và đóng_gói sản_phẩm rất ok không cần chờ lâu,phan_nan_giao_hang
giao hàng đóng_gói sản_phẩm rất tốt không cần chờ lâu,giao hàng đóng_gói sản_phẩm rất tốt không cần chờ lâu,phan_nan_giao_hang
và đóng_gói sản_phẩm rất tốt không cần chờ lâu,và đóng_gói sản_phẩm rất tốt không cần chờ lâu,phan_nan_giao_hang
hàng đẹp nên giao hơi lâu màu quốc_tế được,hàng đẹp nên giao hơi lâu màu quốc_tế được,phan_nan_giao_hang
hàng quốc_tế nên giao hơi lâu màu oke được,hàng quốc_tế nên giao hơi lâu màu oke được,phan_nan_giao_hang
quốc_tế nên giao hơi lâu màu đẹp được,quốc_tế nên giao hơi lâu màu đẹp được,phan_nan_giao_hang
hàng quốc_tế nên giao hơi lâu màu đẹp được xịn,hàng quốc_tế nên giao hơi lâu màu đẹp được xịn,phan_nan_giao_hang
xinh lắm luôn á tuy mình chưa thử màu hợp lý nhưng shop gói hàng chắc_chắn lắm luôn giao thì hơi lâu,xinh lắm luôn á tuy mình chưa thử màu hợp lý nhưng shop gói hàng chắc_chắn lắm luôn giao thì hơi lâu,phan_nan_giao_hang
xinh lắm luôn á tuy mình chưa mua nha thử màu nhưng shop gói hàng chắc_chắn lắm luôn giao thì hơi lâu,xinh lắm luôn á tuy mình chưa mua nha thử màu nhưng shop gói hàng chắc_chắn lắm luôn giao thì hơi lâu,phan_nan_giao_hang
xịn lắm luôn á tuy mình chưa thử màu nhưng shop gói hàng chắc_chắn lắm luôn giao thì hơi lâu,xịn lắm luôn á tuy mình chưa thử màu nhưng shop gói hàng chắc_chắn lắm luôn giao thì hơi lâu,phan_nan_giao_hang
xinh lắm luôn á tuy mình chưa hơi màu nhưng shop gói hàng chắc_chắn lắm luôn giao thì thử lâu,xinh lắm luôn á tuy mình chưa hơi màu nhưng shop gói hàng chắc_chắn lắm luôn giao thì thử lâu,phan_nan_giao_hang
sản_phẩm tôt còn về am thanh to dùng defect được lâu ko thì chưa rõ,sản_phẩm tôt còn về am thanh to dùng defect được lâu ko thì chưa rõ,phan_nan_giao_hang
sản_phẩm tôt còn về am thanh to dùng được lâu ko rõ,sản_phẩm tôt còn về am thanh to dùng được lâu ko rõ,phan_nan_giao_hang
sản_phẩm tôt còn am thanh to dùng được lâu ko thì rõ,sản_phẩm tôt còn am thanh to dùng được lâu ko thì rõ,phan_nan_giao_hang
tôt còn về am thanh to dùng được lâu ko thì chưa rõ,tôt còn về am thanh to dùng được lâu ko thì chưa rõ,phan_nan_giao_hang
giao hàng hơi chất_lượng rất ok với giá_cả hiện_tại,giao hàng hơi chất_lượng rất ok với giá_cả hiện_tại,phan_nan_giao_hang
giao hàng hơi lâu nhưng chất_lượng rất ok êm với giá_cả hiện_tại,giao hàng hơi lâu nhưng chất_lượng rất ok êm với giá_cả hiện_tại,phan_nan_giao_hang
giao hàng hơi lâu nhưng chất_lượng rất với giá_cả hiện_tại,giao hàng hơi lâu nhưng chất_lượng rất với giá_cả hiện_tại,phan_nan_giao_hang
tốt bụng giao hàng hơi lâu nhưng chất_lượng rất ok với giá_cả hiện_tại,tốt bụng giao hàng hơi lâu nhưng chất_lượng rất ok với giá_cả hiện_tại,phan_nan_giao_hang
độ lưu hương chưa nhận hàng đã bảo là đã giao rất vớ_vẩn,độ lưu hương chưa nhận hàng đã bảo là đã giao rất vớ_vẩn,phan_nan_giao_hang
độ hương chưa nhận đc hàng mà đã bảo là đã giao rất vớ_vẩn shop như,độ hương chưa nhận đc hàng mà đã bảo là đã giao rất vớ_vẩn shop như,phan_nan_giao_hang
độ hương chưa nhận đc hàng mà bảo là đã giao rất shop,độ hương chưa nhận đc hàng mà bảo là đã giao rất shop,phan_nan_giao_hang
độ lưu hương chưa nhận đc hàng bảo là đã giao rất vớ_vẩn shop như,độ lưu hương chưa nhận đc hàng bảo là đã giao rất vớ_vẩn shop như,phan_nan_giao_hang
mua hai đôi giao đôi nhắn shop thù trả_lời ko lại thiếu hàng mình ko biết hỏi ai,mua hai đôi giao đôi nhắn shop thù trả_lời ko lại thiếu hàng mình ko biết hỏi ai,phan_nan_giao_hang
mua hai đôi giao đôi nhắn thù ko trả_lời lại thiếu hàng mình ko hỏi ai,mua hai đôi giao đôi nhắn thù ko trả_lời lại thiếu hàng mình ko hỏi ai,phan_nan_giao_hang
mua hai đôi giao đôi nhắn shop thù ko trả_lời lại thiếu cl hàng mình ko biết hỏi ai,mua hai đôi giao đôi nhắn shop thù ko trả_lời lại thiếu cl hàng mình ko biết hỏi ai,phan_nan_giao_hang
mua hai đôi giao đôi nhắn shop thù ko trả_lời lại thiếu hàng mình ko biết hỏi ai mua nha,mua hai đôi giao đôi nhắn shop thù ko trả_lời lại thiếu hàng mình ko biết hỏi ai mua nha,phan_nan_giao_hang
sẽ lâu_dài ủng_hộ nhoa,sẽ lâu_dài ủng_hộ nhoa,phan_nan_giao_hang
sẽ nhoa lâu_dài ủng_hộ,sẽ nhoa lâu_dài ủng_hộ,phan_nan_giao_hang
lâu_dài ủng_hộ sẽ nhoa,lâu_dài ủng_hộ sẽ nhoa,phan_nan_giao_hang
sẽ ủng_hộ lâu_dài,sẽ ủng_hộ lâu_dài,phan_nan_giao_hang
đeo mà khá đau tai í nma sa le còn k lâu như này là quá tuỵ t r giao hàng nhanh,đeo mà khá đau tai í nma sa le còn k lâu như này là quá tuỵ t r giao hàng nhanh,phan_nan_giao_hang
lâu khá tai í nma sa le k mà như này là quá t r giao hàng nhanh,lâu khá tai í nma sa le k mà như này là quá t r giao hàng nhanh,phan_nan_giao_hang
đeo lâu khá đau tai í nma sa le vui vẻ còn k mà như này là quá tuỵ t r giao hàng nhanh,đeo lâu khá đau tai í nma sa le vui vẻ còn k mà như này là quá tuỵ t r giao hàng nhanh,phan_nan_giao_hang
đeo lâu khá đau tai í nma tuyệt sa le còn k mà như này là quá tuỵ t r giao hàng nhanh,đeo lâu khá đau tai í nma tuyệt sa le còn k mà như này là quá tuỵ t r giao hàng nhanh,phan_nan_giao_hang
xinh lắm shop ơi vừa nghe hay lại còn đẹp nữa mỗi_tội đeo lâu chút hơi đau tai ạ tuyệt_vời,xinh lắm shop ơi vừa nghe hay lại còn đẹp nữa mỗi_tội đeo lâu chút hơi đau tai ạ tuyệt_vời,phan_nan_giao_hang
xinh lắm shop ơi vừa nghe hay lại tai đẹp nữa mỗi_tội đeo lâu chút hơi đau còn ạ,xinh lắm shop ơi vừa nghe hay lại tai đẹp nữa mỗi_tội đeo lâu chút hơi đau còn ạ,phan_nan_giao_hang
xinh lắm shop ơi giá tốt vừa nghe hay lại còn đẹp nữa mỗi_tội đeo lâu chút hơi đau tai ạ,xinh lắm shop ơi giá tốt vừa nghe hay lại còn đẹp nữa mỗi_tội đeo lâu chút hơi đau tai ạ,phan_nan_giao_hang
xinh lắm shop ơi vừa nghe hay lại còn xinh nữa mỗi_tội đeo lâu chút hơi đau tai ạ,xinh lắm shop ơi vừa nghe hay lại còn xinh nữa mỗi_tội đeo lâu chút hơi đau tai ạ,phan_nan_giao_hang
sản_phẩm tốt chắc bền lâu nói_chung là ok đi cảm_ơn shop nhoé than k,sản_phẩm tốt chắc bền lâu nói_chung là ok đi cảm_ơn shop nhoé than k,phan_nan_giao_hang
sản_phẩm xịn bền lâu nói_chung là ok đi cảm_ơn shop nhoé than k,sản_phẩm xịn bền lâu nói_chung là ok đi cảm_ơn shop nhoé than k,phan_nan_giao_hang
sản_phẩm tốt bền lâu nói_chung là ok cảm_ơn shop nhoé than k,sản_phẩm tốt bền lâu nói_chung là ok cảm_ơn shop nhoé than k,phan_nan_giao_hang
than tốt bền lâu nói_chung là ok đi cảm_ơn shop nhoé sản_phẩm k,than tốt bền lâu nói_chung là ok đi cảm_ơn shop nhoé sản_phẩm k,phan_nan_giao_hang
vận_chuyển rất là lâu ok ngày mới nhận đc hàng,vận_chuyển rất là lâu ok ngày mới nhận đc hàng,phan_nan_giao_hang
là mới nhận đc hàng,là mới nhận đc hàng,phan_nan_giao_hang
vận_chuyển rất là lâu nhận mới ngày đc hàng,vận_chuyển rất là lâu nhận mới ngày đc hàng,phan_nan_giao_hang
vận_chuyển rất ngày mới nhận đc hàng,vận_chuyển rất ngày mới nhận đc hàng,phan_nan_giao_hang
đẹp lắm đúng hình_mẫu giao hơi lâu sẽ quay lại ủng_hộ tiếp,đẹp lắm đúng hình_mẫu giao hơi lâu sẽ quay lại ủng_hộ tiếp,phan_nan_giao_hang
xinh lắm đúng với hình_mẫu nhưng giao hơi lâu sẽ quay lại ủng_hộ tiếp,xinh lắm đúng với hình_mẫu nhưng giao hơi lâu sẽ quay lại ủng_hộ tiếp,phan_nan_giao_hang
đẹp lắm đúng với hình_mẫu lâu giao hơi nhưng sẽ quay lại ủng_hộ tiếp,đẹp lắm đúng với hình_mẫu lâu giao hơi nhưng sẽ quay lại ủng_hộ tiếp,phan_nan_giao_hang
đẹp lắm đúng với hình_mẫu nhưng giao hơi lâu sẽ quay tiếp ủng_hộ lại,đẹp lắm đúng với hình_mẫu nhưng giao hơi lâu sẽ quay tiếp ủng_hộ lại,phan_nan_giao_hang
tôi chưa nhận được hàng và chưa thanh_toán hợp_lý gì cả,tôi chưa nhận được hàng và chưa thanh_toán hợp_lý gì cả,phan_nan_giao_hang
tôi chưa nhận được hàng và chưa thanh_toán cả,tôi chưa nhận được hàng và chưa thanh_toán cả,phan_nan_giao_hang
tôi chưa nhận được giống hình hàng và chưa thanh_toán gì cả,tôi chưa nhận được giống hình hàng và chưa thanh_toán gì cả,phan_nan_giao_hang
tôi chưa nhận được và chưa thanh_toán gì,tôi chưa nhận được và chưa thanh_toán gì,phan_nan_giao_hang
hi_vọng xài đc lâu_dài lẹ,hi_vọng xài đc lâu_dài lẹ,phan_nan_giao_hang
hi_vọng xài đc lâu_dài cl,hi_vọng xài đc lâu_dài cl,phan_nan_giao_hang
hi_vọng xài lâu_dài,hi_vọng xài lâu_dài,phan_nan_giao_hang
hàng giống hình nên giao hàng hơi lâu còn ổn_áp hết nha,hàng giống hình nên giao hàng hơi lâu còn ổn_áp hết nha,phan_nan_giao_hang
hàng giống hình hàng quốc_tế nên hơi hàng giao lâu còn lại ổn_áp hết nha,hàng giống hình hàng quốc_tế nên hơi hàng giao lâu còn lại ổn_áp hết nha,phan_nan_giao_hang
hàng giống hình hàng quốc_tế nên giao hàng hơi lâu còn thất vọng lại ổn_áp hết nha,hàng giống hình hàng quốc_tế nên giao hàng hơi lâu còn thất vọng lại ổn_áp hết nha,phan_nan_giao_hang
hàng giống hình hàng quốc_tế nên hàng hơi lại ổn_áp nha,hàng giống hình hàng quốc_tế nên hàng hơi lại ổn_áp nha,phan_nan_giao_hang
nhìn cx giống trên ảnh nhu eng mik mặc hơi bé vs cả cx k đc dài lắm vs cả chữ trên áo giặc mấy lần là mất ắ hàng giao hoe i lâu thi k anh shipper hợp lý vs giá tiền này mik cx thậm chấp_nhận,nhìn cx giống trên ảnh nhu eng mik mặc hơi bé vs cả cx k đc dài lắm vs cả chữ trên áo giặc mấy lần là mất ắ hàng giao hoe i lâu thi k anh shipper hợp lý vs giá tiền này mik cx thậm chấp_nhận,phan_nan_giao_hang
nhìn cx giống trên ảnh nhu eng mik mặc hơi bé vs cả cx k đc dài lắm vs cả chữ trên áo giặc mấy lần là mất ắ hàng giao hoe i lâu thi k anh khuyến nghị shipper vs giá tiền này mik cx thậm chấp_nhận,nhìn cx giống trên ảnh nhu eng mik mặc hơi bé vs cả cx k đc dài lắm vs cả chữ trên áo giặc mấy lần là mất ắ hàng giao hoe i lâu thi k anh khuyến nghị shipper vs giá tiền này mik cx thậm chấp_nhận,phan_nan_giao_hang
nhìn cx giống trên ảnh nhu eng mik hơi mặc bé vs cả cx k đc dài lắm vs cả chữ trên áo giặc mấy lần là mất ắ hàng giao hoe i lâu thi k anh shipper vs giá tiền này mik cx thậm chấp_nhận,nhìn cx giống trên ảnh nhu eng mik hơi mặc bé vs cả cx k đc dài lắm vs cả chữ trên áo giặc mấy lần là mất ắ hàng giao hoe i lâu thi k anh shipper vs giá tiền này mik cx thậm chấp_nhận,phan_nan_giao_hang
nhìn cx giống trên ảnh nhu eng mik mặc hơi bé vs cả cx k đc dài lắm vs cả chữ trên áo giặc mấy lần là mất ắ hàng giao hoe i lâu thi k anh shipper vs giá tiền này chuẩn hình mik cx thậm chấp_nhận,nhìn cx giống trên ảnh nhu eng mik mặc hơi bé vs cả cx k đc dài lắm vs cả chữ trên áo giặc mấy lần là mất ắ hàng giao hoe i lâu thi k anh shipper vs giá tiền này chuẩn hình mik cx thậm chấp_nhận,phan_nan_giao_hang
đến bây h hàng vẫn chưa nhận đc em,đến bây h hàng vẫn chưa nhận đc em,phan_nan_giao_hang
đến bây cute h em vẫn chưa nhận đc hàng,đến bây cute h em vẫn chưa nhận đc hàng,phan_nan_giao_hang
đến bây h em vẫn chưa nhận đc hàng như hình,đến bây h em vẫn chưa nhận đc hàng như hình,phan_nan_giao_hang
đến bây h em vẫn hỗ_trợ chưa nhận đc hàng,đến bây h em vẫn hỗ_trợ chưa nhận đc hàng,phan_nan_giao_hang
độ chắc_chắn màu lâu trôi,độ chắc_chắn màu lâu trôi,phan_nan_giao_hang
muộn độ bền màu lâu trôi,muộn độ bền màu lâu trôi,phan_nan_giao_hang
độ màu bền lâu trôi,độ màu bền lâu trôi,phan_nan_giao_hang
mang vào chân ưng như mà do có dây nên lâu_lâu rơi chân ra ngoài kk,mang vào chân ưng như mà do có dây nên lâu_lâu rơi chân ra ngoài kk,phan_nan_giao_hang
mang vào chân đẹp như mà do có dây nên lâu_lâu rơi chân thân_thiện ra ngoài kk,mang vào chân đẹp như mà do có dây nên lâu_lâu rơi chân thân_thiện ra ngoài kk,phan_nan_giao_hang
mang vào chân đẹp như mà do có dây xịn nên lâu_lâu rơi chân ra ngoài kk,mang vào chân đẹp như mà do có dây xịn nên lâu_lâu rơi chân ra ngoài kk,phan_nan_giao_hang
mang vào chân đẹp như mà do có dây nên lâu_lâu rơi chân lâu ra ngoài kk,mang vào chân đẹp như mà do có dây nên lâu_lâu rơi chân lâu ra ngoài kk,phan_nan_giao_hang
độ lưu đáng mua hương lâu_dài,độ lưu đáng mua hương lâu_dài,phan_nan_giao_hang
độ lưu cl hương lâu_dài,độ lưu cl hương lâu_dài,phan_nan_giao_hang
lưu lâu_dài,lưu lâu_dài,phan_nan_giao_hang
độ lưu lâu_dài,độ lưu lâu_dài,phan_nan_giao_hang
giao hàng lâu nhưng dịch không_trách hỗ trợ tốt được,giao hàng lâu nhưng dịch không_trách hỗ trợ tốt được,phan_nan_giao_hang
hàng lâu nhưng không_trách được,hàng lâu nhưng không_trách được,phan_nan_giao_hang
được hàng lâu nhưng dịch không_trách giao,được hàng lâu nhưng dịch không_trách giao,phan_nan_giao_hang
hàng lâu nhưng dịch không_trách được,hàng lâu nhưng dịch không_trách được,phan_nan_giao_hang
giao hơi lâu_son đẹp vỏ_son cũng đẹp h d s ve k b x,giao hơi lâu_son đẹp vỏ_son cũng đẹp h d s ve k b x,phan_nan_giao_hang
giao hơi lâu_son đẹp vỏ_son cũng ngon h d s d ve k b x,giao hơi lâu_son đẹp vỏ_son cũng ngon h d s d ve k b x,phan_nan_giao_hang
giao hơi lâu_son đẹp vỏ_son cũng đẹp h s d ve k b,giao hơi lâu_son đẹp vỏ_son cũng đẹp h s d ve k b,phan_nan_giao_hang
sp ok lắm nha mua ưng lâu r mà giờ mới đáng_giá nè màu cx đẹp nghe êm ko rè hay cả có tặng kèm dây sạc,sp ok lắm nha mua ưng lâu r mà giờ mới đáng_giá nè màu cx đẹp nghe êm ko rè hay cả có tặng kèm dây sạc,phan_nan_giao_hang
sp ok lắm nha mua mà mới đáng_giá nè màu cx đẹp nghe êm ko hay cả có tặng kèm dây,sp ok lắm nha mua mà mới đáng_giá nè màu cx đẹp nghe êm ko hay cả có tặng kèm dây,phan_nan_giao_hang
sp ok lắm nha mua lâu r mà giờ mới nhẹ đáng_giá nè màu cx đẹp nghe êm ko rè hay cả có tặng kèm dây sạc,sp ok lắm nha mua lâu r mà giờ mới nhẹ đáng_giá nè màu cx đẹp nghe êm ko rè hay cả có tặng kèm dây sạc,phan_nan_giao_hang
hàng hơi,hàng hơi,phan_nan_giao_hang
giao hơi hàng lâu,giao hơi hàng lâu,phan_nan_giao_hang
hàng giao hơi lâu,hàng giao hơi lâu,phan_nan_giao_hang
giao hàng hàng lỗi hơi lâu,giao hàng hàng lỗi hơi lâu,phan_nan_giao_hang
hàng sẽ đẹp ủng_hộ dài_lâu,hàng sẽ đẹp ủng_hộ dài_lâu,phan_nan_giao_hang
hàng ưng sẽ ủng_hộ dài_lâu,hàng ưng sẽ ủng_hộ dài_lâu,phan_nan_giao_hang
hàng sẽ ủng_hộ dài_lâu,hàng sẽ ủng_hộ dài_lâu,phan_nan_giao_hang
hàng đẹp sẽ hài_lòng ủng_hộ dài_lâu,hàng đẹp sẽ hài_lòng ủng_hộ dài_lâu,phan_nan_giao_hang
nên mua săn sa le phải chăng sẽ ủng_hộ shop lâu_dài gói hàng cẩn_thận nên mua giao hàng nhanh shop nhiệt_tình,nên mua săn sa le phải chăng sẽ ủng_hộ shop lâu_dài gói hàng cẩn_thận nên mua giao hàng nhanh shop nhiệt_tình,phan_nan_giao_hang
nên mua săn gói le rẻ sẽ ủng_hộ shop lâu_dài sa hàng cẩn_thận nên mua giao hàng nhanh shop nhiệt_tình,nên mua săn gói le rẻ sẽ ủng_hộ shop lâu_dài sa hàng cẩn_thận nên mua giao hàng nhanh shop nhiệt_tình,phan_nan_giao_hang
nên mua săn sa le hợp_lý sẽ ủng_hộ shop lâu_dài gói hàng cẩn_thận nên mua giao hàng nhanh shop nhiệt_tình,nên mua săn sa le hợp_lý sẽ ủng_hộ shop lâu_dài gói hàng cẩn_thận nên mua giao hàng nhanh shop nhiệt_tình,phan_nan_giao_hang
nên mua săn sa le rẻ sẽ ủng_hộ shop lâu_dài gói hàng cẩn_thận nên mua giao hàng nhanh_chóng shop nhiệt_tình,nên mua săn sa le rẻ sẽ ủng_hộ shop lâu_dài gói hàng cẩn_thận nên mua giao hàng nhanh_chóng shop nhiệt_tình,phan_nan_giao_hang
đeo lâu hơi đau tai nhẹ,đeo lâu hơi đau tai nhẹ,phan_nan_giao_hang
chuẩn đeo lâu hơi đau tai,chuẩn đeo lâu hơi đau tai,phan_nan_giao_hang
đeo lâu hơi chắc đau tai,đeo lâu hơi chắc đau tai,phan_nan_giao_hang
độ lưu hương khá lâu thất vọng,độ lưu hương khá lâu thất vọng,phan_nan_giao_hang
khá lưu hương độ lâu,khá lưu hương độ lâu,phan_nan_giao_hang
độ lưu hương khá gói hàng lâu,độ lưu hương khá gói hàng lâu,phan_nan_giao_hang
độ lưu hương khá thích lâu,độ lưu hương khá thích lâu,phan_nan_giao_hang
nhận được hàng mà kêu nhận hàng rồi,nhận được hàng mà kêu nhận hàng rồi,phan_nan_giao_hang
chưa hàng được nhận mà kêu nhận hàng rồi,chưa hàng được nhận mà kêu nhận hàng rồi,phan_nan_giao_hang
chưa nhận được hàng mà kêu nhận hàng rồi oke,chưa nhận được hàng mà kêu nhận hàng rồi oke,phan_nan_giao_hang
chưa nhận được hàng mà kêu nhận hàng chuẩn mô tả rồi,chưa nhận được hàng mà kêu nhận hàng chuẩn mô tả rồi,phan_nan_giao_hang
thời_gian nhận hàng được hơi lâu,thời_gian nhận hàng được hơi lâu,phan_nan_giao_hang
thời_gian nhận được quá đỉnh hàng hơi lâu,thời_gian nhận được quá đỉnh hàng hơi lâu,phan_nan_giao_hang
thời_gian hàng được nhận hơi lâu,thời_gian hàng được nhận hơi lâu,phan_nan_giao_hang
thời_gian hơi được hàng nhận lâu,thời_gian hơi được hàng nhận lâu,phan_nan_giao_hang
giao là lâu_lâu nhưng_mà nó lại rất hơi sịn nha cực sịn nas,giao là lâu_lâu nhưng_mà nó lại rất hơi sịn nha cực sịn nas,phan_nan_giao_hang
giao hơi lâu_lâu nhưng_mà nó lại rất là sịn nha cực sịn đúng hẹn nas,giao hơi lâu_lâu nhưng_mà nó lại rất là sịn nha cực sịn đúng hẹn nas,phan_nan_giao_hang
giao hơi sịn nhưng_mà nó lại rất là lâu_lâu nha cực sịn nas,giao hơi sịn nhưng_mà nó lại rất là lâu_lâu nha cực sịn nas,phan_nan_giao_hang
giao hơi lâu_lâu nhưng_mà nó lại rất là nha cực sịn nas,giao hơi lâu_lâu nhưng_mà nó lại rất là nha cực sịn nas,phan_nan_giao_hang
đúng với mô_tả giao sai hàng giao lộn đóng_gói sai,đúng với mô_tả giao sai hàng giao lộn đóng_gói sai,phan_nan_giao_hang
đúng với mô_tả giao sai phải chăng hàng giao lộn sai,đúng với mô_tả giao sai phải chăng hàng giao lộn sai,phan_nan_giao_hang
oke đúng với mô_tả giao sai hàng giao lộn sai,oke đúng với mô_tả giao sai hàng giao lộn sai,phan_nan_giao_hang
lộn với mô_tả giao sai hàng giao đúng sai,lộn với mô_tả giao sai hàng giao đúng sai,phan_nan_giao_hang
giao hàng mắc nhanh tưởng lâu cơ nhg đặt hôm cn thứ đã về r hàng ngon xinh săn đc vs giá k là quá ưng cái bụng r,giao hàng mắc nhanh tưởng lâu cơ nhg đặt hôm cn thứ đã về r hàng ngon xinh săn đc vs giá k là quá ưng cái bụng r,phan_nan_giao_hang
giao hàng mắc nhanh tưởng cơ nhg đặt hôm cn thứ đã về r hàng săn đc vs giá là quá ưng cái bụng r,giao hàng mắc nhanh tưởng cơ nhg đặt hôm cn thứ đã về r hàng săn đc vs giá là quá ưng cái bụng r,phan_nan_giao_hang
giao hàng mắc nhanh tưởng cơ đặt hôm cn thứ đã về r đẹp xinh săn đc giá là quá r,giao hàng mắc nhanh tưởng cơ đặt hôm cn thứ đã về r đẹp xinh săn đc giá là quá r,phan_nan_giao_hang
giao hàng mắc nhanh tưởng lâu về nhg đặt hôm cn thứ đã cơ r hàng đẹp xinh săn đc vs giá k là quá ưng cái bụng r,giao hàng mắc nhanh tưởng lâu về nhg đặt hôm cn thứ đã cơ r hàng đẹp xinh săn đc vs giá k là quá ưng cái bụng r,phan_nan_giao_hang
độ bền màu hợp lý lâu,độ bền màu hợp lý lâu,phan_nan_giao_hang
độ bền thank you màu lâu,độ bền thank you màu lâu,phan_nan_giao_hang
bền màu lâu,bền màu lâu,phan_nan_giao_hang
màu bền độ lâu,màu bền độ lâu,phan_nan_giao_hang
chất_liệu chắc hàng đẹp đúng mẫu rất hài_lòng sẽ ủng_hộ lâu_dài hình_ảnh mang tc nhận xu,chất_liệu chắc hàng đẹp đúng mẫu rất hài_lòng sẽ ủng_hộ lâu_dài hình_ảnh mang tc nhận xu,phan_nan_giao_hang
chất_liệu tốt hàng đẹp đúng mẫu rất hài_lòng sẽ ủng_hộ lâu_dài tc nhận xu,chất_liệu tốt hàng đẹp đúng mẫu rất hài_lòng sẽ ủng_hộ lâu_dài tc nhận xu,phan_nan_giao_hang
chất_liệu tốt hàng đẹp đúng mẫu dễ thương rất hài_lòng sẽ ủng_hộ lâu_dài hình_ảnh mang tc nhận xu,chất_liệu tốt hàng đẹp đúng mẫu dễ thương rất hài_lòng sẽ ủng_hộ lâu_dài hình_ảnh mang tc nhận xu,phan_nan_giao_hang
chất_liệu tốt nhận đẹp đúng mẫu rất hài_lòng sẽ ủng_hộ lâu_dài hình_ảnh mang tc hàng xu,chất_liệu tốt nhận đẹp đúng mẫu rất hài_lòng sẽ ủng_hộ lâu_dài hình_ảnh mang tc hàng xu,phan_nan_giao_hang
lắp_ráp hơi lâu nhg mà sản_phẩm vui vẻ đẹ,lắp_ráp hơi lâu nhg mà sản_phẩm vui vẻ đẹ,phan_nan_giao_hang
lắp_ráp hơi lâu nhg mà chắc sản_phẩm đẹ,lắp_ráp hơi lâu nhg mà chắc sản_phẩm đẹ,phan_nan_giao_hang
lắp_ráp hơi lâu đáng mua nhg mà sản_phẩm đẹ,lắp_ráp hơi lâu đáng mua nhg mà sản_phẩm đẹ,phan_nan_giao_hang
lắp_ráp hơi lâu nhg mà sản_phẩm đẹ muộn,lắp_ráp hơi lâu nhg mà sản_phẩm đẹ muộn,phan_nan_giao_hang
k đáng mua biết sài đc lâu k nhưng với giá tiền này thì cx ok rồi,k đáng mua biết sài đc lâu k nhưng với giá tiền này thì cx ok rồi,phan_nan_giao_hang
k biết sài đc lâu k nhưng với giá tiền này thì cx ok rồi tỉ mỉ,k biết sài đc lâu k nhưng với giá tiền này thì cx ok rồi tỉ mỉ,phan_nan_giao_hang
k biết sài đc lâu k nhưng với giá thì này tiền cx ok rồi,k biết sài đc lâu k nhưng với giá thì này tiền cx ok rồi,phan_nan_giao_hang
k chuẩn biết sài đc lâu k nhưng với giá tiền này thì cx ok rồi,k chuẩn biết sài đc lâu k nhưng với giá tiền này thì cx ok rồi,phan_nan_giao_hang
mn sie thì nên đặt sie thì mang sẽ đẹp hơn đẹp nhma ship tới thì đôi ổn dép hơi cong tí mang lâu là nó thẳng lại,mn sie thì nên đặt sie thì mang sẽ đẹp hơn đẹp nhma ship tới thì đôi ổn dép hơi cong tí mang lâu là nó thẳng lại,phan_nan_giao_hang
mn sie thì nên đặt sie thì mang sẽ đẹp hơn đẹp nhma ship tới thì đôi oke dép hơi cong tí mang lâu là nó thẳng lại,mn sie thì nên đặt sie thì mang sẽ đẹp hơn đẹp nhma ship tới thì đôi oke dép hơi cong tí mang lâu là nó thẳng lại,phan_nan_giao_hang
mn sie thì nên đặt sie thì mang sẽ đẹp hơn đẹp nhma ship tới thì đôi dép hơi rcm cong tí mang lâu là nó thẳng lại,mn sie thì nên đặt sie thì mang sẽ đẹp hơn đẹp nhma ship tới thì đôi dép hơi rcm cong tí mang lâu là nó thẳng lại,phan_nan_giao_hang
mn thì nên đặt sie thì mang đẹp hơn nhma tới thì đôi hơi tí mang lâu nó thẳng lại,mn thì nên đặt sie thì mang đẹp hơn nhma tới thì đôi hơi tí mang lâu nó thẳng lại,phan_nan_giao_hang
tai nghe thấy nghe ổn nhưng đeo thì nhé mn g g,tai nghe thấy nghe ổn nhưng đeo thì nhé mn g g,phan_nan_giao_hang
tai nghe mình thấy nghe ổn nhưng đeo lâu thì đau tai nhé mn thanks g g,tai nghe mình thấy nghe ổn nhưng đeo lâu thì đau tai nhé mn thanks g g,phan_nan_giao_hang
tai nghe mình thấy nghe ổn nhưng bền_đẹp đeo lâu thì đau tai nhé mn g g,tai nghe mình thấy nghe ổn nhưng bền_đẹp đeo lâu thì đau tai nhé mn g g,phan_nan_giao_hang
nghe mình thấy ổn nhưng đeo lâu thì đau tai mn,nghe mình thấy ổn nhưng đeo lâu thì đau tai mn,phan_nan_giao_hang
giao hàng hơi tốt nhưng chất_lượng lâu,giao hàng hơi tốt nhưng chất_lượng lâu,phan_nan_giao_hang
giao hàng tư vấn hơi lâu nhưng chất_lượng tốt,giao hàng tư vấn hơi lâu nhưng chất_lượng tốt,phan_nan_giao_hang
lâu giao hàng hơi lâu nhưng chất_lượng tốt,lâu giao hàng hơi lâu nhưng chất_lượng tốt,phan_nan_giao_hang
giao trễ hàng hơi lâu nhưng chất_lượng tốt,giao trễ hàng hơi lâu nhưng chất_lượng tốt,phan_nan_giao_hang
đáng tiền độ lưu hương không lâu lăm,đáng tiền độ lưu hương không lâu lăm,phan_nan_giao_hang
độ lưu hương không lâu chu đáo lăm,độ lưu hương không lâu chu đáo lăm,phan_nan_giao_hang
độ hợp_lý lưu hương không lâu lăm,độ hợp_lý lưu hương không lâu lăm,phan_nan_giao_hang
độ lưu hương không lâu vừa ý lăm,độ lưu hương không lâu vừa ý lăm,phan_nan_giao_hang
giao rep hàng và nhầm màu shop có thiếu ib giải_quyết ạ,giao rep hàng và nhầm màu shop có thiếu ib giải_quyết ạ,phan_nan_giao_hang
giao thiếu hàng và nhầm màu shop rep ib giải_quyết ạ,giao thiếu hàng và nhầm màu shop rep ib giải_quyết ạ,phan_nan_giao_hang
giao thiếu hàng và nhầm màu shop có rep giải_quyết ib ạ,giao thiếu hàng và nhầm màu shop có rep giải_quyết ib ạ,phan_nan_giao_hang
giao kém thiếu hàng và nhầm màu shop có rep ib giải_quyết ạ,giao kém thiếu hàng và nhầm màu shop có rep ib giải_quyết ạ,phan_nan_giao_hang
độ lưu hương giá ổn thơm khá lâu,độ lưu hương giá ổn thơm khá lâu,phan_nan_giao_hang
độ lưu đẹp hương thơm khá lâu,độ lưu đẹp hương thơm khá lâu,phan_nan_giao_hang
độ lưu thơm hương khá lâu,độ lưu thơm hương khá lâu,phan_nan_giao_hang
lưu hương thơm khá lâu,lưu hương thơm khá lâu,phan_nan_giao_hang
_son màu ở ngoài đẹp hơn trong tuyệt_vời ảnh á lâu trôi,_son màu ở ngoài đẹp hơn trong tuyệt_vời ảnh á lâu trôi,phan_nan_giao_hang
_son màu ở ngoài ưng hơn trong ảnh á lâu trôi,_son màu ở ngoài ưng hơn trong ảnh á lâu trôi,phan_nan_giao_hang
_son màu ở ngoài chuẩn hơn trong ảnh á lâu trôi,_son màu ở ngoài chuẩn hơn trong ảnh á lâu trôi,phan_nan_giao_hang
_son màu ở ngoài đẹp phải chăng hơn trong ảnh á lâu trôi,_son màu ở ngoài đẹp phải chăng hơn trong ảnh á lâu trôi,phan_nan_giao_hang
hàng sử_dụng rất tuyệt nha shop nghe rất được lâu nha,hàng sử_dụng rất tuyệt nha shop nghe rất được lâu nha,phan_nan_giao_hang
hàng sử_dụng rất tốt shop nghe rất được lâu,hàng sử_dụng rất tốt shop nghe rất được lâu,phan_nan_giao_hang
hàng rất tốt nha shop nghe rất lâu nha,hàng rất tốt nha shop nghe rất lâu nha,phan_nan_giao_hang
hàng sử_dụng rất ok nha shop nghe rất được lâu nha,hàng sử_dụng rất ok nha shop nghe rất được lâu nha,phan_nan_giao_hang
giao hàng hơi lâu nhưng_mà dép đẹp lắm tận_tình,giao hàng hơi lâu nhưng_mà dép đẹp lắm tận_tình,phan_nan_giao_hang
hàng hơi lâu nhưng_mà dép đẹp lắm,hàng hơi lâu nhưng_mà dép đẹp lắm,phan_nan_giao_hang
giao hàng hơi lâu nhưng_mà dép ưng lắm,giao hàng hơi lâu nhưng_mà dép ưng lắm,phan_nan_giao_hang
giao hàng hơi lâu nhưng_mà dép chất đẹp lắm,giao hàng hơi lâu nhưng_mà dép chất đẹp lắm,phan_nan_giao_hang
để xài xem,để xài xem,phan_nan_giao_hang
chất để xài lâu_dài xem sao,chất để xài lâu_dài xem sao,phan_nan_giao_hang
xài lâu_dài xem sao,xài lâu_dài xem sao,phan_nan_giao_hang
chúng_em đều cảm_thấy hồi_hộp vì tuy nghe tiếng đã lâu nhưng chưa cờ được đặt_chân tới mảnh đất quê_hương ai lau dẹp loạn này bao_giờ,chúng_em đều cảm_thấy hồi_hộp vì tuy nghe tiếng đã lâu nhưng chưa cờ được đặt_chân tới mảnh đất quê_hương ai lau dẹp loạn này bao_giờ,phan_nan_giao_hang
chúng_em đều cảm_thấy hồi_hộp vì nghe tiếng đã nhưng chưa ai được đặt_chân tới mảnh quê_hương cờ lau dẹp loạn này bao_giờ,chúng_em đều cảm_thấy hồi_hộp vì nghe tiếng đã nhưng chưa ai được đặt_chân tới mảnh quê_hương cờ lau dẹp loạn này bao_giờ,phan_nan_giao_hang
chúng_em đều cảm_thấy hồi_hộp vì nghe tiếng lâu nhưng ai được đặt_chân tới đất cờ dẹp loạn này bao_giờ,chúng_em đều cảm_thấy hồi_hộp vì nghe tiếng lâu nhưng ai được đặt_chân tới đất cờ dẹp loạn này bao_giờ,phan_nan_giao_hang
chúng_em đều cảm_thấy hồi_hộp vì nghe tiếng đã lâu nhưng chưa ai được đặt_chân tới mảnh đất quê_hương cờ lau loạn này,chúng_em đều cảm_thấy hồi_hộp vì nghe tiếng đã lâu nhưng chưa ai được đặt_chân tới mảnh đất quê_hương cờ lau loạn này,phan_nan_giao_hang
mới mua ko lâu chưa được độ bền tai nghe có luôn chỗ để cắm dây ai thích có dây thì mua,mới mua ko lâu chưa được độ bền tai nghe có luôn chỗ để cắm dây ai thích có dây thì mua,phan_nan_giao_hang
mới mua ko lâu chưa biết được độ chắc bền tai nghe có luôn chỗ để cắm dây ai thích có dây thì kiếm mua thêm,mới mua ko lâu chưa biết được độ chắc bền tai nghe có luôn chỗ để cắm dây ai thích có dây thì kiếm mua thêm,phan_nan_giao_hang
mới mua ko lâu chưa biết được độ bền tai nghe có luôn chỗ để cắm dây ai thích có thêm thì kiếm mua dây,mới mua ko lâu chưa biết được độ bền tai nghe có luôn chỗ để cắm dây ai thích có thêm thì kiếm mua dây,phan_nan_giao_hang
an thanh nghe ok pin sử_dụng lâu không yêu_cầu quá cao về sản_phẩm vì tiền nào của đó dễ thương,an thanh nghe ok pin sử_dụng lâu không yêu_cầu quá cao về sản_phẩm vì tiền nào của đó dễ thương,phan_nan_giao_hang
an thanh ok pin sử_dụng không yêu_cầu quá cao về sản_phẩm tiền nào đó,an thanh ok pin sử_dụng không yêu_cầu quá cao về sản_phẩm tiền nào đó,phan_nan_giao_hang
an thanh nghe ok pin sử_dụng không yêu_cầu quá về sản_phẩm vì nào của,an thanh nghe ok pin sử_dụng không yêu_cầu quá về sản_phẩm vì nào của,phan_nan_giao_hang
an thanh nghe ok pin sử_dụng lâu không quá cao về sản_phẩm vì tiền nào của đó,an thanh nghe ok pin sử_dụng lâu không quá cao về sản_phẩm vì tiền nào của đó,phan_nan_giao_hang
độ tận tâm bền màu cũng được khá lâu,độ tận tâm bền màu cũng được khá lâu,phan_nan_giao_hang
độ bền cũng được khá lâu,độ bền cũng được khá lâu,phan_nan_giao_hang
độ chắc_chắn màu cũng được khá lâu,độ chắc_chắn màu cũng được khá lâu,phan_nan_giao_hang
độ lưu hương hỏng lâu,độ lưu hương hỏng lâu,phan_nan_giao_hang
tuyệt độ lưu hương lâu,tuyệt độ lưu hương lâu,phan_nan_giao_hang
độ hương,độ hương,phan_nan_giao_hang
thật_sự không nhanh_chóng hiểu cái shop này làm sưng kiểu gì hình trên ảnh màu ship về thì màu hoàn_toàn khác làm_ăn thế_này cũng khác gì sai hàng lừa khách_hàng,thật_sự không nhanh_chóng hiểu cái shop này làm sưng kiểu gì hình trên ảnh màu ship về thì màu hoàn_toàn khác làm_ăn thế_này cũng khác gì sai hàng lừa khách_hàng,phan_nan_giao_hang
thật_sự không hiểu sai shop này làm sưng kiểu gì hình trên ảnh màu ship về thì màu hoàn_toàn khác làm_ăn thế_này cũng khác gì cái hàng lừa khách_hàng,thật_sự không hiểu sai shop này làm sưng kiểu gì hình trên ảnh màu ship về thì màu hoàn_toàn khác làm_ăn thế_này cũng khác gì cái hàng lừa khách_hàng,phan_nan_giao_hang
thật_sự không hiểu cái shop này làm sưng kiểu gì hình trên ảnh màu ship về thì màu hoàn_toàn khác làm_ăn đúng như quảng cáo thế_này cũng khác gì sai hàng lừa khách_hàng,thật_sự không hiểu cái shop này làm sưng kiểu gì hình trên ảnh màu ship về thì màu hoàn_toàn khác làm_ăn đúng như quảng cáo thế_này cũng khác gì sai hàng lừa khách_hàng,phan_nan_giao_hang
thật_sự không hiểu cái shop này làm sưng kiểu gì hình trên ảnh màu ship về thì màu hoàn_toàn xịn khác làm_ăn thế_này cũng khác gì sai hàng lừa khách_hàng,thật_sự không hiểu cái shop này làm sưng kiểu gì hình trên ảnh màu ship về thì màu hoàn_toàn xịn khác làm_ăn thế_này cũng khác gì sai hàng lừa khách_hàng,phan_nan_giao_hang
đồ rất là ưng_ý và giao hơi lâu nhưng đồ xịn và đẹp như trong ảnh và âm_thanh lại càng sang mịn hình_ảnh ko liên_quan,đồ rất là ưng_ý và giao hơi lâu nhưng đồ xịn và đẹp như trong ảnh và âm_thanh lại càng sang mịn hình_ảnh ko liên_quan,phan_nan_giao_hang
đồ rất là ưng_ý và hơi lâu nhưng đồ rất_chi_là xịn và đẹp như trong và âm_thanh lại càng sang xịn hình_ảnh lắm,đồ rất là ưng_ý và hơi lâu nhưng đồ rất_chi_là xịn và đẹp như trong và âm_thanh lại càng sang xịn hình_ảnh lắm,phan_nan_giao_hang
đồ rất là ưng_ý và giao hơi lâu nhưng đồ rất_chi_là xịn xò và ngon như trong ảnh và âm_thanh lại càng sang xịn mịn hình_ảnh ko liên_quan lắm,đồ rất là ưng_ý và giao hơi lâu nhưng đồ rất_chi_là xịn xò và ngon như trong ảnh và âm_thanh lại càng sang xịn mịn hình_ảnh ko liên_quan lắm,phan_nan_giao_hang
đồ rất là ưng_ý và giao hơi lâu đồ rất_chi_là xịn xò và đẹp như trong ảnh và âm_thanh càng sang xịn mịn hình_ảnh ko liên_quan lắm,đồ rất là ưng_ý và giao hơi lâu đồ rất_chi_là xịn xò và đẹp như trong ảnh và âm_thanh càng sang xịn mịn hình_ảnh ko liên_quan lắm,phan_nan_giao_hang
nhận hàng hay chưa mịn nhận kệ người,nhận hàng hay chưa mịn nhận kệ người,phan_nan_giao_hang
nhận như hình hàng hay chưa nhận kệ người,nhận như hình hàng hay chưa nhận kệ người,phan_nan_giao_hang
trễ nhận hàng hay chưa nhận kệ người,trễ nhận hàng hay chưa nhận kệ người,phan_nan_giao_hang
hàng hay chưa nhận người,hàng hay chưa nhận người,phan_nan_giao_hang
nhưng_mà tai lâu đau đeo ạ,nhưng_mà tai lâu đau đeo ạ,phan_nan_giao_hang
nhưng_mà đeo lâu đau tai ạ nhanh_chóng,nhưng_mà đeo lâu đau tai ạ nhanh_chóng,phan_nan_giao_hang
nhưng_mà đeo lâu đau ưng tai ạ,nhưng_mà đeo lâu đau ưng tai ạ,phan_nan_giao_hang
tốt sản_phẩm lưu hương lâu,tốt sản_phẩm lưu hương lâu,phan_nan_giao_hang
sản_phẩm lưu hương lâu,sản_phẩm lưu hương lâu,phan_nan_giao_hang
sản_phẩm tốt tuyệt_vời lưu hương lâu,sản_phẩm tốt tuyệt_vời lưu hương lâu,phan_nan_giao_hang
sản_phẩm lưu hương,sản_phẩm lưu hương,phan_nan_giao_hang
giao hơi lâu nhưng_mà ưng,giao hơi lâu nhưng_mà ưng,phan_nan_giao_hang
giao nhưng_mà đẹp,giao nhưng_mà đẹp,phan_nan_giao_hang
giao lâu nhưng_mà,giao lâu nhưng_mà,phan_nan_giao_hang
hơi lưu hương độ lâu,hơi lưu hương độ lâu,phan_nan_giao_hang
độ lưu hợp lý hương hơi lâu,độ lưu hợp lý hương hơi lâu,phan_nan_giao_hang
độ lâu hương hơi lưu,độ lâu hương hơi lưu,phan_nan_giao_hang
độ hương lưu hơi lâu,độ hương lưu hơi lâu,phan_nan_giao_hang
độ oke lưu hương lâu h,độ oke lưu hương lâu h,phan_nan_giao_hang
độ đóng_gói lưu hương lâu h,độ đóng_gói lưu hương lâu h,phan_nan_giao_hang
độ lưu tuyệt hương lâu h,độ lưu tuyệt hương lâu h,phan_nan_giao_hang
nhưng chỉ phù_hợp để đeo chơi hoặc chụp ảnh thôi chứ đeo nghe lâu hơi bị đau,nhưng chỉ phù_hợp để đeo chơi hoặc chụp ảnh thôi chứ đeo nghe lâu hơi bị đau,phan_nan_giao_hang
nhưng chỉ phù_hợp đeo chơi hoặc để chụp chứ đeo lâu thì hơi bị đau,nhưng chỉ phù_hợp đeo chơi hoặc để chụp chứ đeo lâu thì hơi bị đau,phan_nan_giao_hang
nhưng chỉ phù_hợp để đeo chơi hơi để chụp ảnh thôi chứ đeo nghe lâu thì hoặc bị đau,nhưng chỉ phù_hợp để đeo chơi hơi để chụp ảnh thôi chứ đeo nghe lâu thì hoặc bị đau,phan_nan_giao_hang
nhưng chỉ phù_hợp hợp_lý để đeo chơi hoặc để chụp ảnh thôi chứ đeo nghe lâu thì hơi bị đau,nhưng chỉ phù_hợp hợp_lý để đeo chơi hoặc để chụp ảnh thôi chứ đeo nghe lâu thì hơi bị đau,phan_nan_giao_hang
hơi quốc_tế nên giao hàng lâu,hơi quốc_tế nên giao hàng lâu,phan_nan_giao_hang
hàng nên quốc_tế giao hơi lâu,hàng nên quốc_tế giao hơi lâu,phan_nan_giao_hang
hàng hơi nên giao quốc_tế lâu,hàng hơi nên giao quốc_tế lâu,phan_nan_giao_hang
độ hương lưu k lưu hương lâu,độ hương lưu k lưu hương lâu,phan_nan_giao_hang
độ chất lưu hương k lưu hương lâu,độ chất lưu hương k lưu hương lâu,phan_nan_giao_hang
độ lưu hương lưu hương lâu,độ lưu hương lưu hương lâu,phan_nan_giao_hang
độ lưu hương k hương lưu lâu,độ lưu hương k hương lưu lâu,phan_nan_giao_hang
đó bạn nè các bạn nè các bạn bạn nè các mẹ có lâu mới dọn tủ là quần giá quá hời ok,đó bạn nè các bạn nè các bạn bạn nè các mẹ có lâu mới dọn tủ là quần giá quá hời ok,phan_nan_giao_hang
theo đó các bạn nè các cảm_ơn bạn nè các bạn nè các bạn nè các mẹ có biết_bao lâu thì mới dọn tủ là quần giá quá hời ok,theo đó các bạn nè các cảm_ơn bạn nè các bạn nè các bạn nè các mẹ có biết_bao lâu thì mới dọn tủ là quần giá quá hời ok,phan_nan_giao_hang
theo đó các bạn nè bạn nè các bạn nè các bạn các mẹ có lâu thì mới dọn tủ là quần giá quá hời ok,theo đó các bạn nè bạn nè các bạn nè các bạn các mẹ có lâu thì mới dọn tủ là quần giá quá hời ok,phan_nan_giao_hang
theo đó các bạn nè các bạn nè các bạn là các bạn nè các mẹ có biết_bao lâu thì mới dọn tủ nè quần giá quá hời ok,theo đó các bạn nè các bạn nè các bạn là các bạn nè các mẹ có biết_bao lâu thì mới dọn tủ nè quần giá quá hời ok,phan_nan_giao_hang
tai nghe tai lâu bị đau đeo,tai nghe tai lâu bị đau đeo,phan_nan_giao_hang
đóng_gói tai nghe đeo lâu bị đau tai,đóng_gói tai nghe đeo lâu bị đau tai,phan_nan_giao_hang
tai nghe đeo tai bị đau lâu,tai nghe đeo tai bị đau lâu,phan_nan_giao_hang
tai nghe đeo lâu mua đi bị đau tai,tai nghe đeo lâu mua đi bị đau tai,phan_nan_giao_hang
hàng rất đẹp shop tư_vấn và chất rep ib rất nhanh ủng_hộ shop lâu_dài,hàng rất đẹp shop tư_vấn và chất rep ib rất nhanh ủng_hộ shop lâu_dài,phan_nan_giao_hang
hàng rất ưng shop tư_vấn và rep ib rất nhanh ủng_hộ shop lâu_dài,hàng rất ưng shop tư_vấn và rep ib rất nhanh ủng_hộ shop lâu_dài,phan_nan_giao_hang
hàng rất đẹp shop tư_vấn và rep ib rất đúng hẹn ủng_hộ shop lâu_dài,hàng rất đẹp shop tư_vấn và rep ib rất đúng hẹn ủng_hộ shop lâu_dài,phan_nan_giao_hang
hàng hợp lý rất đẹp shop tư_vấn và rep ib rất nhanh ủng_hộ shop lâu_dài,hàng hợp lý rất đẹp shop tư_vấn và rep ib rất nhanh ủng_hộ shop lâu_dài,phan_nan_giao_hang
lưu hương bao_lâu lắm mình chưa rõ nhưng giờ ưng thì,lưu hương bao_lâu lắm mình chưa rõ nhưng giờ ưng thì,phan_nan_giao_hang
lưu hương bao_lâu giờ mình chưa rõ nhưng thì ưng lắm,lưu hương bao_lâu giờ mình chưa rõ nhưng thì ưng lắm,phan_nan_giao_hang
lưu hương bao_lâu thì mình chưa rõ nhưng ưng giờ ưng lắm,lưu hương bao_lâu thì mình chưa rõ nhưng ưng giờ ưng lắm,phan_nan_giao_hang
khá ổn nhưng chưa hôi biết pin được bao_lâu,khá ổn nhưng chưa hôi biết pin được bao_lâu,phan_nan_giao_hang
khá ổn chu đáo nhưng chưa biết pin được bao_lâu,khá ổn chu đáo nhưng chưa biết pin được bao_lâu,phan_nan_giao_hang
khá nhưng chưa biết được bao_lâu,khá nhưng chưa biết được bao_lâu,phan_nan_giao_hang
khá ổn nhưng chưa biết pin,khá ổn nhưng chưa biết pin,phan_nan_giao_hang
mất hàng giới thiệu,mất hàng giới thiệu,phan_nan_giao_hang
mất lẹ hàng,mất lẹ hàng,phan_nan_giao_hang
mất thank you hàng,mất thank you hàng,phan_nan_giao_hang
thích mất hàng,thích mất hàng,phan_nan_giao_hang
giao hàng và đóng_gói sản_phẩm rất tốt không lâu chờ cần,giao hàng và đóng_gói sản_phẩm rất tốt không lâu chờ cần,phan_nan_giao_hang
giao hàng đóng_gói sản_phẩm rất không cần lâu,giao hàng đóng_gói sản_phẩm rất không cần lâu,phan_nan_giao_hang
giao hàng và đóng_gói sản_phẩm rất chuẩn không cần chờ lâu,giao hàng và đóng_gói sản_phẩm rất chuẩn không cần chờ lâu,phan_nan_giao_hang
cần hàng và đóng_gói sản_phẩm rất tốt không giao chờ lâu,cần hàng và đóng_gói sản_phẩm rất tốt không giao chờ lâu,phan_nan_giao_hang
hàng quốc_tế nên giao hơi lâu màu chuẩn được,hàng quốc_tế nên giao hơi lâu màu chuẩn được,phan_nan_giao_hang
hàng chu đáo quốc_tế nên giao hơi lâu màu đẹp được,hàng chu đáo quốc_tế nên giao hơi lâu màu đẹp được,phan_nan_giao_hang
hàng quốc_tế nên giao hơi màu lâu đẹp được,hàng quốc_tế nên giao hơi màu lâu đẹp được,phan_nan_giao_hang
hàng quốc_tế ưng nên giao hơi lâu màu đẹp được,hàng quốc_tế ưng nên giao hơi lâu màu đẹp được,phan_nan_giao_hang
xinh lắm luôn á tuy mình chưa thử màu nhưng shop gói hàng chắc_chắn lắm luôn giao thì hơi chất lâu,xinh lắm luôn á tuy mình chưa thử màu nhưng shop gói hàng chắc_chắn lắm luôn giao thì hơi chất lâu,phan_nan_giao_hang
lắm luôn á chưa thử màu shop gói hàng chắc_chắn lắm giao thì lâu,lắm luôn á chưa thử màu shop gói hàng chắc_chắn lắm giao thì lâu,phan_nan_giao_hang
đẹp lắm luôn á tuy mình chưa thử màu nhưng shop gói hàng chắc_chắn lắm luôn giao thì hơi lâu,đẹp lắm luôn á tuy mình chưa thử màu nhưng shop gói hàng chắc_chắn lắm luôn giao thì hơi lâu,phan_nan_giao_hang
cute lắm luôn á tuy mình chưa thử màu nhưng shop gói hàng chắc_chắn lắm luôn giao thì hơi lâu,cute lắm luôn á tuy mình chưa thử màu nhưng shop gói hàng chắc_chắn lắm luôn giao thì hơi lâu,phan_nan_giao_hang
sản_phẩm tôt còn về am thanh to xinh dùng được lâu ko thì chưa rõ,sản_phẩm tôt còn về am thanh to xinh dùng được lâu ko thì chưa rõ,phan_nan_giao_hang
sản_phẩm tôt còn về am thanh to dùng lâu ko thì chưa rõ,sản_phẩm tôt còn về am thanh to dùng lâu ko thì chưa rõ,phan_nan_giao_hang
sản_phẩm tôt còn về dùng thanh to am được lâu ko thì chưa rõ,sản_phẩm tôt còn về dùng thanh to am được lâu ko thì chưa rõ,phan_nan_giao_hang
sản_phẩm tôt còn về am thanh to dùng chưa lâu ko thì được rõ,sản_phẩm tôt còn về am thanh to dùng chưa lâu ko thì được rõ,phan_nan_giao_hang
hàng hơi lâu nhưng chất_lượng rất ok với giá_cả hiện_tại,hàng hơi lâu nhưng chất_lượng rất ok với giá_cả hiện_tại,phan_nan_giao_hang
giao hơi nhưng chất_lượng rất ok với giá_cả hiện_tại,giao hơi nhưng chất_lượng rất ok với giá_cả hiện_tại,phan_nan_giao_hang
giao hàng hơi oke lâu nhưng chất_lượng rất ok với giá_cả hiện_tại,giao hàng hơi oke lâu nhưng chất_lượng rất ok với giá_cả hiện_tại,phan_nan_giao_hang
giao hàng xuất sắc hơi lâu nhưng chất_lượng rất ok với giá_cả hiện_tại,giao hàng xuất sắc hơi lâu nhưng chất_lượng rất ok với giá_cả hiện_tại,phan_nan_giao_hang
độ lưu chưa đc hàng mà đã bảo là đã giao rất vớ_vẩn shop,độ lưu chưa đc hàng mà đã bảo là đã giao rất vớ_vẩn shop,phan_nan_giao_hang
độ lưu hương chưa nhận đc hàng mềm_mại mà đã bảo là đã giao rất vớ_vẩn shop như,độ lưu hương chưa nhận đc hàng mềm_mại mà đã bảo là đã giao rất vớ_vẩn shop như,phan_nan_giao_hang
độ lưu hương chưa nhận đc hàng mà đã bảo là đã giao rất vớ_vẩn shop như hài_lòng,độ lưu hương chưa nhận đc hàng mà đã bảo là đã giao rất vớ_vẩn shop như hài_lòng,phan_nan_giao_hang
độ lưu hương chưa nhận đc hàng mà đã bảo là recommend đã giao rất vớ_vẩn shop như,độ lưu hương chưa nhận đc hàng mà đã bảo là recommend đã giao rất vớ_vẩn shop như,phan_nan_giao_hang
mua hai đôi cảm_ơn giao đôi nhắn shop thù ko trả_lời lại thiếu hàng mình ko biết hỏi ai,mua hai đôi cảm_ơn giao đôi nhắn shop thù ko trả_lời lại thiếu hàng mình ko biết hỏi ai,phan_nan_giao_hang
mua hai đôi nhắn đôi giao shop thù ko trả_lời lại thiếu hàng mình ko biết hỏi ai,mua hai đôi nhắn đôi giao shop thù ko trả_lời lại thiếu hàng mình ko biết hỏi ai,phan_nan_giao_hang
mua hai đôi giao đôi nhắn shop thù ko hàng lại thiếu trả_lời mình ko biết hỏi ai,mua hai đôi giao đôi nhắn shop thù ko hàng lại thiếu trả_lời mình ko biết hỏi ai,phan_nan_giao_hang
mua hai đôi mình đôi nhắn shop thù ko trả_lời lại thiếu hàng giao ko biết hỏi ai,mua hai đôi mình đôi nhắn shop thù ko trả_lời lại thiếu hàng giao ko biết hỏi ai,phan_nan_giao_hang
sẽ ủng_hộ ngon lâu_dài nhoa,sẽ ủng_hộ ngon lâu_dài nhoa,phan_nan_giao_hang
sẽ ủng_hộ lâu_dài xứng đáng nhoa,sẽ ủng_hộ lâu_dài xứng đáng nhoa,phan_nan_giao_hang
sẽ ủng_hộ lâu_dài chắc bền nhoa,sẽ ủng_hộ lâu_dài chắc bền nhoa,phan_nan_giao_hang
đeo lâu khá đau tai í nma sa le còn k mà như này là quá tuỵ t r giao hàng nhanh_chóng,đeo lâu khá đau tai í nma sa le còn k mà như này là quá tuỵ t r giao hàng nhanh_chóng,phan_nan_giao_hang
đeo lâu khá đau tai í nma sa le còn k mà như này là quá tuỵ t r giao hàng lẹ,đeo lâu khá đau tai í nma sa le còn k mà như này là quá tuỵ t r giao hàng lẹ,phan_nan_giao_hang
đeo lâu khá đau tai í nma sa le còn k thích mà như này là quá tuỵ t r giao hàng nhanh,đeo lâu khá đau tai í nma sa le còn k thích mà như này là quá tuỵ t r giao hàng nhanh,phan_nan_giao_hang
đeo lâu khá đau tai í nma le còn k như này quá tuỵ t r giao hàng,đeo lâu khá đau tai í nma le còn k như này quá tuỵ t r giao hàng,phan_nan_giao_hang
xinh lắm shop ơi vừa nghe lại còn đẹp nữa mỗi_tội lâu chút hơi đau ạ,xinh lắm shop ơi vừa nghe lại còn đẹp nữa mỗi_tội lâu chút hơi đau ạ,phan_nan_giao_hang
xinh lắm chút ơi vừa nghe hay lại còn đẹp nữa mỗi_tội đeo lâu shop hơi đau tai ạ,xinh lắm chút ơi vừa nghe hay lại còn đẹp nữa mỗi_tội đeo lâu shop hơi đau tai ạ,phan_nan_giao_hang
xinh lắm shop ơi vừa nghe hay lại còn đẹp nữa mỗi_tội đeo lâu chút hơi đau như hình tai ạ,xinh lắm shop ơi vừa nghe hay lại còn đẹp nữa mỗi_tội đeo lâu chút hơi đau như hình tai ạ,phan_nan_giao_hang
xinh lắm shop ơi vừa nghe hay lại còn xịn nữa mỗi_tội đeo lâu chút hơi đau tai ạ,xinh lắm shop ơi vừa nghe hay lại còn xịn nữa mỗi_tội đeo lâu chút hơi đau tai ạ,phan_nan_giao_hang
sản_phẩm tốt bền lâu nói_chung là ok đi cảm_ơn shop nhoé hợp_lý than k,sản_phẩm tốt bền lâu nói_chung là ok đi cảm_ơn shop nhoé hợp_lý than k,phan_nan_giao_hang
sản_phẩm tốt chắc lâu nói_chung là ok đi cảm_ơn shop nhoé than k,sản_phẩm tốt chắc lâu nói_chung là ok đi cảm_ơn shop nhoé than k,phan_nan_giao_hang
sản_phẩm tốt bền lâu nói_chung là ok chuẩn hình đi cảm_ơn shop nhoé than k,sản_phẩm tốt bền lâu nói_chung là ok chuẩn hình đi cảm_ơn shop nhoé than k,phan_nan_giao_hang
sản_phẩm bền lâu nói_chung ok cảm_ơn shop nhoé than k,sản_phẩm bền lâu nói_chung ok cảm_ơn shop nhoé than k,phan_nan_giao_hang
vận_chuyển rất là lâu hàng mới nhận đc ngày,vận_chuyển rất là lâu hàng mới nhận đc ngày,phan_nan_giao_hang
vận_chuyển nồng mùi rất là lâu ngày mới nhận đc hàng,vận_chuyển nồng mùi rất là lâu ngày mới nhận đc hàng,phan_nan_giao_hang
vận_chuyển rất là mới ngày lâu nhận đc hàng,vận_chuyển rất là mới ngày lâu nhận đc hàng,phan_nan_giao_hang
vận_chuyển là lâu ngày mới nhận đc,vận_chuyển là lâu ngày mới nhận đc,phan_nan_giao_hang
đẹp lắm đúng với hình_mẫu nhưng vừa ý giao hơi lâu sẽ quay lại ủng_hộ tiếp,đẹp lắm đúng với hình_mẫu nhưng vừa ý giao hơi lâu sẽ quay lại ủng_hộ tiếp,phan_nan_giao_hang
xịn lắm đúng với hình_mẫu nhưng giao hơi lâu sẽ quay lại ủng_hộ tiếp,xịn lắm đúng với hình_mẫu nhưng giao hơi lâu sẽ quay lại ủng_hộ tiếp,phan_nan_giao_hang
đẹp lắm đúng với nhưng giao hơi lâu sẽ lại ủng_hộ tiếp,đẹp lắm đúng với nhưng giao hơi lâu sẽ lại ủng_hộ tiếp,phan_nan_giao_hang
đẹp lắm đúng với hình_mẫu nhưng giao lâu sẽ lại ủng_hộ tiếp,đẹp lắm đúng với hình_mẫu nhưng giao lâu sẽ lại ủng_hộ tiếp,phan_nan_giao_hang
tôi hàng nhận được chưa và chưa thanh_toán gì cả,tôi hàng nhận được chưa và chưa thanh_toán gì cả,phan_nan_giao_hang
tôi nhận được hàng và chưa thanh_toán gì cả,tôi nhận được hàng và chưa thanh_toán gì cả,phan_nan_giao_hang
tôi chưa nhận được hàng và chưa thanh_toán gì cả đúng_mô_tả,tôi chưa nhận được hàng và chưa thanh_toán gì cả đúng_mô_tả,phan_nan_giao_hang
tôi chưa nhận được thanh_toán và chưa hàng gì cả,tôi chưa nhận được thanh_toán và chưa hàng gì cả,phan_nan_giao_hang
hi_vọng đc xài lâu_dài,hi_vọng đc xài lâu_dài,phan_nan_giao_hang
hi_vọng xài đc gói hàng lâu_dài,hi_vọng xài đc gói hàng lâu_dài,phan_nan_giao_hang
đc xài hi_vọng lâu_dài,đc xài hi_vọng lâu_dài,phan_nan_giao_hang
hi_vọng xài đc lâu_dài hỏng,hi_vọng xài đc lâu_dài hỏng,phan_nan_giao_hang
hàng giống hình hàng quốc_tế nên giao hàng hơi thích lâu còn lại ổn_áp hết nha,hàng giống hình hàng quốc_tế nên giao hàng hơi thích lâu còn lại ổn_áp hết nha,phan_nan_giao_hang
hàng giao hình hàng quốc_tế nên giống hàng hơi lâu còn lại ổn_áp hết nha,hàng giao hình hàng quốc_tế nên giống hàng hơi lâu còn lại ổn_áp hết nha,phan_nan_giao_hang
giống hình hàng quốc_tế nên giao hàng lâu còn lại ổn_áp hết nha,giống hình hàng quốc_tế nên giao hàng lâu còn lại ổn_áp hết nha,phan_nan_giao_hang
hàng giống hình hàng quốc_tế nên hàng hơi lâu lại ổn_áp hết nha,hàng giống hình hàng quốc_tế nên hàng hơi lâu lại ổn_áp hết nha,phan_nan_giao_hang
nhìn cx giống trên ảnh nhu eng mik hôi mặc hơi bé vs cả cx k đc dài lắm vs cả chữ trên áo giặc mấy lần là mất ắ hàng giao hoe i lâu thi k anh shipper vs giá tiền này mik cx thậm chấp_nhận,nhìn cx giống trên ảnh nhu eng mik hôi mặc hơi bé vs cả cx k đc dài lắm vs cả chữ trên áo giặc mấy lần là mất ắ hàng giao hoe i lâu thi k anh shipper vs giá tiền này mik cx thậm chấp_nhận,phan_nan_giao_hang
nhìn cx giống trên ảnh nhu eng mik mặc hơi bé vs cả cx k đc dài lắm vs cả chữ trên áo mấy giặc lần là mất ắ hàng giao hoe i lâu thi k anh shipper vs giá tiền này mik cx thậm chấp_nhận,nhìn cx giống trên ảnh nhu eng mik mặc hơi bé vs cả cx k đc dài lắm vs cả chữ trên áo mấy giặc lần là mất ắ hàng giao hoe i lâu thi k anh shipper vs giá tiền này mik cx thậm chấp_nhận,phan_nan_giao_hang
nhìn cx giống ảnh nhu eng mik mặc bé vs cả cx k đc dài vs cả chữ trên áo giặc mấy là mất ắ i lâu anh shipper vs giá tiền này mik cx thậm chấp_nhận,nhìn cx giống ảnh nhu eng mik mặc bé vs cả cx k đc dài vs cả chữ trên áo giặc mấy là mất ắ i lâu anh shipper vs giá tiền này mik cx thậm chấp_nhận,phan_nan_giao_hang
nhìn cx giống trên ảnh nhu eng mik mặc hơi bé vs cả cx k đc tuyệt dài lắm vs cả chữ trên áo giặc mấy lần là mất ắ hàng giao hoe i lâu thi k anh shipper vs giá tiền này mik cx thậm chấp_nhận,nhìn cx giống trên ảnh nhu eng mik mặc hơi bé vs cả cx k đc tuyệt dài lắm vs cả chữ trên áo giặc mấy lần là mất ắ hàng giao hoe i lâu thi k anh shipper vs giá tiền này mik cx thậm chấp_nhận,phan_nan_giao_hang
chưa bây h em vẫn đến nhận đc hàng,chưa bây h em vẫn đến nhận đc hàng,phan_nan_giao_hang
đến bây h hòa đồng em vẫn chưa nhận đc hàng,đến bây h hòa đồng em vẫn chưa nhận đc hàng,phan_nan_giao_hang
đến bây h em vẫn chưa nhận hàng,đến bây h em vẫn chưa nhận hàng,phan_nan_giao_hang
đến bây h em vẫn chưa đẹp nhận đc hàng,đến bây h em vẫn chưa đẹp nhận đc hàng,phan_nan_giao_hang
độ màu,độ màu,phan_nan_giao_hang
độ trôi màu lâu bền,độ trôi màu lâu bền,phan_nan_giao_hang
ưng độ bền màu lâu trôi,ưng độ bền màu lâu trôi,phan_nan_giao_hang
độ bền trôi lâu màu,độ bền trôi lâu màu,phan_nan_giao_hang
mang vào nên đẹp như mà do có dây chân lâu_lâu rơi chân ra ngoài kk,mang vào nên đẹp như mà do có dây chân lâu_lâu rơi chân ra ngoài kk,phan_nan_giao_hang
mang vào chân đẹp như mà chân có dây nên lâu_lâu rơi do ra ngoài kk,mang vào chân đẹp như mà chân có dây nên lâu_lâu rơi do ra ngoài kk,phan_nan_giao_hang
mang vào chân đẹp như nên do có dây mà lâu_lâu rơi chân ra ngoài kk,mang vào chân đẹp như nên do có dây mà lâu_lâu rơi chân ra ngoài kk,phan_nan_giao_hang
mang vào chân đẹp như mà do có nên dây lâu_lâu rơi chân ra ngoài kk,mang vào chân đẹp như mà do có nên dây lâu_lâu rơi chân ra ngoài kk,phan_nan_giao_hang
độ lưu đúng_mô_tả hương lâu_dài,độ lưu đúng_mô_tả hương lâu_dài,phan_nan_giao_hang
độ bao bì lưu hương lâu_dài,độ bao bì lưu hương lâu_dài,phan_nan_giao_hang
độ lưu hương,độ lưu hương,phan_nan_giao_hang
lưu hương lâu_dài,lưu hương lâu_dài,phan_nan_giao_hang
hàng giao lâu nhưng dịch không_trách được,hàng giao lâu nhưng dịch không_trách được,phan_nan_giao_hang
giao hàng lâu được dịch không_trách nhưng,giao hàng lâu được dịch không_trách nhưng,phan_nan_giao_hang
giao hàng lâu nhưng dịch,giao hàng lâu nhưng dịch,phan_nan_giao_hang
giao hơi lâu_son đẹp vỏ_son cũng ưng h d s d ve k b x,giao hơi lâu_son đẹp vỏ_son cũng ưng h d s d ve k b x,phan_nan_giao_hang
giao k lâu_son đẹp vỏ_son cũng đẹp h d s d ve hơi b x,giao k lâu_son đẹp vỏ_son cũng đẹp h d s d ve hơi b x,phan_nan_giao_hang
giao hơi lâu_son xịn vỏ_son cũng đẹp h d s d ve k b x,giao hơi lâu_son xịn vỏ_son cũng đẹp h d s d ve k b x,phan_nan_giao_hang
giao hơi lâu_son đẹp vỏ_son cũng b h d s d ve k đẹp x,giao hơi lâu_son đẹp vỏ_son cũng b h d s d ve k đẹp x,phan_nan_giao_hang
sp ok lắm nha mua lâu r mà giờ mới đáng_giá nè màu cx chuẩn nghe êm ko rè hay cả có tặng kèm dây sạc,sp ok lắm nha mua lâu r mà giờ mới đáng_giá nè màu cx chuẩn nghe êm ko rè hay cả có tặng kèm dây sạc,phan_nan_giao_hang
sp ok lắm nha mua lâu r mà giờ mới đáng_giá nè màu cx đẹp nghe êm ko rè hay cả có ưng tặng kèm dây sạc,sp ok lắm nha mua lâu r mà giờ mới đáng_giá nè màu cx đẹp nghe êm ko rè hay cả có ưng tặng kèm dây sạc,phan_nan_giao_hang
sp ok lắm nha mua lâu r mà giờ mới đáng_giá nè màu cx xịn nghe êm ko rè hay cả có tặng kèm dây sạc,sp ok lắm nha mua lâu r mà giờ mới đáng_giá nè màu cx xịn nghe êm ko rè hay cả có tặng kèm dây sạc,phan_nan_giao_hang
sp ok lắm mua lâu r mà giờ mới đáng_giá cx đẹp nghe êm ko rè hay cả có tặng kèm,sp ok lắm mua lâu r mà giờ mới đáng_giá cx đẹp nghe êm ko rè hay cả có tặng kèm,phan_nan_giao_hang
hàng lâu,hàng lâu,phan_nan_giao_hang
ưng giao hàng hơi lâu,ưng giao hàng hơi lâu,phan_nan_giao_hang
giao hơi lâu,giao hơi lâu,phan_nan_giao_hang
giao xịn hàng hơi lâu,giao xịn hàng hơi lâu,phan_nan_giao_hang
hàng chuẩn sẽ ủng_hộ dài_lâu,hàng chuẩn sẽ ủng_hộ dài_lâu,phan_nan_giao_hang
hàng đẹp sẽ như hình ủng_hộ dài_lâu,hàng đẹp sẽ như hình ủng_hộ dài_lâu,phan_nan_giao_hang
hàng đẹp sẽ nồng mùi ủng_hộ dài_lâu,hàng đẹp sẽ nồng mùi ủng_hộ dài_lâu,phan_nan_giao_hang
nên mua săn nhiệt_tình le rẻ sẽ ủng_hộ shop lâu_dài gói hàng cẩn_thận nên mua giao hàng nhanh shop sa,nên mua săn nhiệt_tình le rẻ sẽ ủng_hộ shop lâu_dài gói hàng cẩn_thận nên mua giao hàng nhanh shop sa,phan_nan_giao_hang
lâu_dài mua săn sa le rẻ sẽ ủng_hộ shop nên gói hàng cẩn_thận nên mua giao hàng nhanh shop nhiệt_tình,lâu_dài mua săn sa le rẻ sẽ ủng_hộ shop nên gói hàng cẩn_thận nên mua giao hàng nhanh shop nhiệt_tình,phan_nan_giao_hang
nên mua săn shop le rẻ sẽ ủng_hộ shop lâu_dài gói hàng cẩn_thận nên mua giao hàng nhanh sa nhiệt_tình,nên mua săn shop le rẻ sẽ ủng_hộ shop lâu_dài gói hàng cẩn_thận nên mua giao hàng nhanh sa nhiệt_tình,phan_nan_giao_hang
lâu hơi tai,lâu hơi tai,phan_nan_giao_hang
đeo lâu hơi đau xứng đáng tai,đeo lâu hơi đau xứng đáng tai,phan_nan_giao_hang
chất_lượng đeo lâu hơi đau tai,chất_lượng đeo lâu hơi đau tai,phan_nan_giao_hang
độ lưu khá lâu,độ lưu khá lâu,phan_nan_giao_hang
độ lưu hương ổn khá lâu,độ lưu hương ổn khá lâu,phan_nan_giao_hang
độ lưu hương khá hỗ trợ tốt lâu,độ lưu hương khá hỗ trợ tốt lâu,phan_nan_giao_hang
xịn độ lưu hương khá lâu,xịn độ lưu hương khá lâu,phan_nan_giao_hang
chưa rồi được hàng mà kêu nhận hàng nhận,chưa rồi được hàng mà kêu nhận hàng nhận,phan_nan_giao_hang
chưa nhận hàng hàng mà kêu nhận được rồi,chưa nhận hàng hàng mà kêu nhận được rồi,phan_nan_giao_hang
chưa nhận được đúng_mô_tả hàng mà kêu nhận hàng rồi,chưa nhận được đúng_mô_tả hàng mà kêu nhận hàng rồi,phan_nan_giao_hang
thời_gian nhận được hàng lâu hơi,thời_gian nhận được hàng lâu hơi,phan_nan_giao_hang
thời_gian nhận được hàng hơi lâu giống hình,thời_gian nhận được hàng hơi lâu giống hình,phan_nan_giao_hang
thời_gian nhận quá đỉnh được hàng hơi lâu,thời_gian nhận quá đỉnh được hàng hơi lâu,phan_nan_giao_hang
giao cực lâu_lâu nhưng_mà nó lại rất là sịn nha hơi sịn nas,giao cực lâu_lâu nhưng_mà nó lại rất là sịn nha hơi sịn nas,phan_nan_giao_hang
giao hơi nhưng_mà nó lại rất là sịn nha cực sịn nas,giao hơi nhưng_mà nó lại rất là sịn nha cực sịn nas,phan_nan_giao_hang
giao hơi lâu_lâu nhưng_mà nó lại rất là sịn nha cực sịn đúng_mô_tả nas,giao hơi lâu_lâu nhưng_mà nó lại rất là sịn nha cực sịn đúng_mô_tả nas,phan_nan_giao_hang
giao hơi lâu_lâu sịn nó lại rất là sịn nha cực nhưng_mà nas,giao hơi lâu_lâu sịn nó lại rất là sịn nha cực nhưng_mà nas,phan_nan_giao_hang
đúng với sai giao sai hàng giao lộn mô_tả,đúng với sai giao sai hàng giao lộn mô_tả,phan_nan_giao_hang
đúng mô_tả với giao sai hàng giao lộn sai,đúng mô_tả với giao sai hàng giao lộn sai,phan_nan_giao_hang
với mô_tả giao hàng giao sai,với mô_tả giao hàng giao sai,phan_nan_giao_hang
giao hàng mắc nhanh tưởng lâu cơ nhg đặt cn thứ về r đẹp xinh săn đc vs giá k là quá ưng cái bụng r,giao hàng mắc nhanh tưởng lâu cơ nhg đặt cn thứ về r đẹp xinh săn đc vs giá k là quá ưng cái bụng r,phan_nan_giao_hang
giao hàng mắc nhanh tưởng lâu cơ nhg đặt hôm cn thứ đã về r hàng đẹp xinh săn đc vs giá k cái quá ưng là bụng r,giao hàng mắc nhanh tưởng lâu cơ nhg đặt hôm cn thứ đã về r hàng đẹp xinh săn đc vs giá k cái quá ưng là bụng r,phan_nan_giao_hang
rcm giao hàng mắc nhanh tưởng lâu cơ nhg đặt hôm cn thứ đã về r hàng đẹp xinh săn đc vs giá k là quá ưng cái bụng r,rcm giao hàng mắc nhanh tưởng lâu cơ nhg đặt hôm cn thứ đã về r hàng đẹp xinh săn đc vs giá k là quá ưng cái bụng r,phan_nan_giao_hang
giao hàng mắc nhanh tưởng lâu cơ nhg tận tâm đặt hôm cn thứ đã về r hàng đẹp xinh săn đc vs giá k là quá ưng cái bụng r,giao hàng mắc nhanh tưởng lâu cơ nhg tận tâm đặt hôm cn thứ đã về r hàng đẹp xinh săn đc vs giá k là quá ưng cái bụng r,phan_nan_giao_hang
độ bền màu lâu defect,độ bền màu lâu defect,phan_nan_giao_hang
độ chắc_chắn màu lâu,độ chắc_chắn màu lâu,phan_nan_giao_hang
độ màu bền lâu,độ màu bền lâu,phan_nan_giao_hang
độ màu lâu,độ màu lâu,phan_nan_giao_hang
chất_liệu tốt hàng đẹp đúng mẫu lâu_dài hài_lòng sẽ ủng_hộ rất hình_ảnh mang tc nhận xu,chất_liệu tốt hàng đẹp đúng mẫu lâu_dài hài_lòng sẽ ủng_hộ rất hình_ảnh mang tc nhận xu,phan_nan_giao_hang
chất_liệu ủng_hộ hàng đẹp đúng mẫu rất hài_lòng sẽ tốt lâu_dài hình_ảnh mang tc nhận xu,chất_liệu ủng_hộ hàng đẹp đúng mẫu rất hài_lòng sẽ tốt lâu_dài hình_ảnh mang tc nhận xu,phan_nan_giao_hang
lâu_dài tốt hàng đẹp đúng mẫu rất hài_lòng sẽ ủng_hộ chất_liệu hình_ảnh mang tc nhận xu,lâu_dài tốt hàng đẹp đúng mẫu rất hài_lòng sẽ ủng_hộ chất_liệu hình_ảnh mang tc nhận xu,phan_nan_giao_hang
chất_liệu tốt hàng đẹp đúng mẫu rất hài_lòng sẽ ủng_hộ lâu_dài oke hình_ảnh mang tc nhận xu,chất_liệu tốt hàng đẹp đúng mẫu rất hài_lòng sẽ ủng_hộ lâu_dài oke hình_ảnh mang tc nhận xu,phan_nan_giao_hang
lắp_ráp mềm_mại hơi lâu nhg mà sản_phẩm đẹ,lắp_ráp mềm_mại hơi lâu nhg mà sản_phẩm đẹ,phan_nan_giao_hang
sản_phẩm hơi lâu nhg mà lắp_ráp đẹ,sản_phẩm hơi lâu nhg mà lắp_ráp đẹ,phan_nan_giao_hang
lắp_ráp hơi lâu nhg chuẩn mà sản_phẩm đẹ,lắp_ráp hơi lâu nhg chuẩn mà sản_phẩm đẹ,phan_nan_giao_hang
lắp_ráp hơi đáng tiền lâu nhg mà sản_phẩm đẹ,lắp_ráp hơi đáng tiền lâu nhg mà sản_phẩm đẹ,phan_nan_giao_hang
k biết sài đc lâu k nhưng với giá tiền này chắc thì cx ok rồi,k biết sài đc lâu k nhưng với giá tiền này chắc thì cx ok rồi,phan_nan_giao_hang
k biết sài đc lâu k tận_tình nhưng với giá tiền này thì cx ok rồi,k biết sài đc lâu k tận_tình nhưng với giá tiền này thì cx ok rồi,phan_nan_giao_hang
k biết sài đc lâu k nhưng với giá tiền này thì cx rồi ok,k biết sài đc lâu k nhưng với giá tiền này thì cx rồi ok,phan_nan_giao_hang
k biết sài đc lâu k nhưng với cx tiền này thì giá ok rồi,k biết sài đc lâu k nhưng với cx tiền này thì giá ok rồi,phan_nan_giao_hang
mn sie thì nên đặt sie thì mang sẽ đẹp hơn ngon nhma ship tới thì đôi dép hơi cong tí mang lâu là nó thẳng lại,mn sie thì nên đặt sie thì mang sẽ đẹp hơn ngon nhma ship tới thì đôi dép hơi cong tí mang lâu là nó thẳng lại,phan_nan_giao_hang
mn sie thì nên đặt sie thì mang đáng tiền sẽ đẹp hơn đẹp nhma ship tới thì đôi dép hơi cong tí mang lâu là nó thẳng lại,mn sie thì nên đặt sie thì mang đáng tiền sẽ đẹp hơn đẹp nhma ship tới thì đôi dép hơi cong tí mang lâu là nó thẳng lại,phan_nan_giao_hang
mn sie thì nên sie thì mang sẽ đẹp hơn đẹp nhma ship tới thì đôi dép hơi cong tí mang lâu là nó thẳng lại,mn sie thì nên sie thì mang sẽ đẹp hơn đẹp nhma ship tới thì đôi dép hơi cong tí mang lâu là nó thẳng lại,phan_nan_giao_hang
mn sie thì nên đặt sie thì mang sẽ xinh hơn đẹp nhma ship tới thì đôi dép hơi cong tí mang lâu là nó thẳng lại,mn sie thì nên đặt sie thì mang sẽ xinh hơn đẹp nhma ship tới thì đôi dép hơi cong tí mang lâu là nó thẳng lại,phan_nan_giao_hang
tai mình thấy nhưng đeo lâu thì đau tai mn g g,tai mình thấy nhưng đeo lâu thì đau tai mn g g,phan_nan_giao_hang
tai nghe mình thấy nghe ổn nhưng đeo lâu thì đau tai nhé mn mua đi g g,tai nghe mình thấy nghe ổn nhưng đeo lâu thì đau tai nhé mn mua đi g g,phan_nan_giao_hang
tai nghe mình thấy nghe ổn nhưng đeo lâu thì đau chu đáo tai nhé mn g g,tai nghe mình thấy nghe ổn nhưng đeo lâu thì đau chu đáo tai nhé mn g g,phan_nan_giao_hang
tai nghe mình thấy nghe ổn nhưng mn lâu thì đau tai nhé đeo g g,tai nghe mình thấy nghe ổn nhưng mn lâu thì đau tai nhé đeo g g,phan_nan_giao_hang
giao hàng hơi lâu nhưng chất_lượng ok,giao hàng hơi lâu nhưng chất_lượng ok,phan_nan_giao_hang
hơi hàng giao lâu nhưng chất_lượng tốt,hơi hàng giao lâu nhưng chất_lượng tốt,phan_nan_giao_hang
chất_lượng hàng hơi lâu nhưng giao tốt,chất_lượng hàng hơi lâu nhưng giao tốt,phan_nan_giao_hang
giao phải chăng hàng hơi lâu nhưng chất_lượng tốt,giao phải chăng hàng hơi lâu nhưng chất_lượng tốt,phan_nan_giao_hang
độ lăm hương không lâu lưu,độ lăm hương không lâu lưu,phan_nan_giao_hang
độ lưu hương không lâu lăm như hình,độ lưu hương không lâu lăm như hình,phan_nan_giao_hang
độ lưu hương không lâu tận_tình lăm,độ lưu hương không lâu tận_tình lăm,phan_nan_giao_hang
lăm lưu hương không lâu độ,lăm lưu hương không lâu độ,phan_nan_giao_hang
nhầm thiếu hàng và giao màu shop có rep ib giải_quyết ạ,nhầm thiếu hàng và giao màu shop có rep ib giải_quyết ạ,phan_nan_giao_hang
giao thiếu hàng và đẹp nhầm màu shop có rep ib giải_quyết ạ,giao thiếu hàng và đẹp nhầm màu shop có rep ib giải_quyết ạ,phan_nan_giao_hang
giao thiếu hàng và nhầm màu shop có rep ib tốt bụng giải_quyết ạ,giao thiếu hàng và nhầm màu shop có rep ib tốt bụng giải_quyết ạ,phan_nan_giao_hang
giao thiếu hàng nhầm màu shop rep ib giải_quyết ạ,giao thiếu hàng nhầm màu shop rep ib giải_quyết ạ,phan_nan_giao_hang
lưu hương thơm lâu,lưu hương thơm lâu,phan_nan_giao_hang
độ lưu hương lâu khá thơm,độ lưu hương lâu khá thơm,phan_nan_giao_hang
_son màu ở ngoài đẹp tốt bụng hơn trong ảnh á lâu trôi,_son màu ở ngoài đẹp tốt bụng hơn trong ảnh á lâu trôi,phan_nan_giao_hang
_son màu ảnh ngoài đẹp hơn trong ở á lâu trôi,_son màu ảnh ngoài đẹp hơn trong ở á lâu trôi,phan_nan_giao_hang
trôi màu ở ngoài đẹp hơn trong ảnh á lâu _son,trôi màu ở ngoài đẹp hơn trong ảnh á lâu _son,phan_nan_giao_hang
_son màu ở ngoài á hơn trong ảnh đẹp lâu trôi,_son màu ở ngoài á hơn trong ảnh đẹp lâu trôi,phan_nan_giao_hang
hàng sử_dụng chất_lượng rất tốt nha shop nghe rất được lâu nha,hàng sử_dụng chất_lượng rất tốt nha shop nghe rất được lâu nha,phan_nan_giao_hang
hàng được rất tốt nha shop nghe rất sử_dụng lâu nha,hàng được rất tốt nha shop nghe rất sử_dụng lâu nha,phan_nan_giao_hang
hàng sử_dụng rất tốt nha shop nghe giá ổn rất được lâu nha,hàng sử_dụng rất tốt nha shop nghe giá ổn rất được lâu nha,phan_nan_giao_hang
hàng sử_dụng rất tốt nha shop nghe rất lâu được nha,hàng sử_dụng rất tốt nha shop nghe rất lâu được nha,phan_nan_giao_hang
lắm hàng hơi lâu nhưng_mà dép đẹp giao,lắm hàng hơi lâu nhưng_mà dép đẹp giao,phan_nan_giao_hang
giao đẹp hơi lâu nhưng_mà dép hàng lắm,giao đẹp hơi lâu nhưng_mà dép hàng lắm,phan_nan_giao_hang
giao hơi lâu dép đẹp lắm,giao hơi lâu dép đẹp lắm,phan_nan_giao_hang
giao hàng hơi lâu nhưng_mà lâu dép đẹp lắm,giao hàng hơi lâu nhưng_mà lâu dép đẹp lắm,phan_nan_giao_hang
để xem lâu_dài xài sao,để xem lâu_dài xài sao,phan_nan_giao_hang
để xài xem sao,để xài xem sao,phan_nan_giao_hang
để xài sao xem lâu_dài,để xài sao xem lâu_dài,phan_nan_giao_hang
chúng_em đều cảm_thấy hồi_hộp vì nghe tiếng đã lâu nhưng chưa ai đặt_chân tới mảnh đất quê_hương cờ lau dẹp loạn này,chúng_em đều cảm_thấy hồi_hộp vì nghe tiếng đã lâu nhưng chưa ai đặt_chân tới mảnh đất quê_hương cờ lau dẹp loạn này,phan_nan_giao_hang
chúng_em đều cảm_thấy hồi_hộp vì tuy nghe tiếng đã quê_hương nhưng chưa ai được đặt_chân tới mảnh đất lâu cờ lau dẹp loạn này bao_giờ,chúng_em đều cảm_thấy hồi_hộp vì tuy nghe tiếng đã quê_hương nhưng chưa ai được đặt_chân tới mảnh đất lâu cờ lau dẹp loạn này bao_giờ,phan_nan_giao_hang
chúng_em đều cảm_thấy hồi_hộp vì tuy nghe tiếng đã lâu nhưng chưa ai được đặt_chân tới mảnh đất quê_hương cờ lau dẹp khuyến nghị loạn này bao_giờ,chúng_em đều cảm_thấy hồi_hộp vì tuy nghe tiếng đã lâu nhưng chưa ai được đặt_chân tới mảnh đất quê_hương cờ lau dẹp khuyến nghị loạn này bao_giờ,phan_nan_giao_hang
chúng_em đều cảm_thấy hồi_hộp vì tuy nghe tiếng đã lâu nhưng chưa ai được đặt_chân tới mảnh đất quê_hương cờ kỹ lau dẹp loạn này bao_giờ,chúng_em đều cảm_thấy hồi_hộp vì tuy nghe tiếng đã lâu nhưng chưa ai được đặt_chân tới mảnh đất quê_hương cờ kỹ lau dẹp loạn này bao_giờ,phan_nan_giao_hang
chưa mua ko lâu mới biết được độ bền tai nghe có luôn chỗ để cắm dây ai thích có dây thì kiếm mua thêm,chưa mua ko lâu mới biết được độ bền tai nghe có luôn chỗ để cắm dây ai thích có dây thì kiếm mua thêm,phan_nan_giao_hang
mới mua ko lâu chưa biết độ bền nghe có chỗ để dây thích có dây thì kiếm mua thêm,mới mua ko lâu chưa biết độ bền nghe có chỗ để dây thích có dây thì kiếm mua thêm,phan_nan_giao_hang
mới mua ko lâu chưa hòa đồng biết được độ bền tai nghe có luôn chỗ để cắm dây ai thích có dây thì kiếm mua thêm,mới mua ko lâu chưa hòa đồng biết được độ bền tai nghe có luôn chỗ để cắm dây ai thích có dây thì kiếm mua thêm,phan_nan_giao_hang
mới mua ko lâu chưa biết được độ bền tai nghe có luôn chỗ để cắm dây ai thích có dây thì kiếm mua chu đáo thêm,mới mua ko lâu chưa biết được độ bền tai nghe có luôn chỗ để cắm dây ai thích có dây thì kiếm mua chu đáo thêm,phan_nan_giao_hang
thanh nghe ok pin sử_dụng lâu không yêu_cầu quá cao về sản_phẩm vì tiền nào của đó,thanh nghe ok pin sử_dụng lâu không yêu_cầu quá cao về sản_phẩm vì tiền nào của đó,phan_nan_giao_hang
an thanh nghe ok pin sản_phẩm lâu không yêu_cầu quá cao về sử_dụng vì tiền nào của đó,an thanh nghe ok pin sản_phẩm lâu không yêu_cầu quá cao về sử_dụng vì tiền nào của đó,phan_nan_giao_hang
an thân_thiện thanh nghe ok pin sử_dụng lâu không yêu_cầu quá cao về sản_phẩm vì tiền nào của đó,an thân_thiện thanh nghe ok pin sử_dụng lâu không yêu_cầu quá cao về sản_phẩm vì tiền nào của đó,phan_nan_giao_hang
an thanh nghe ok nhẹ pin sử_dụng lâu không yêu_cầu quá cao về sản_phẩm vì tiền nào của đó,an thanh nghe ok nhẹ pin sử_dụng lâu không yêu_cầu quá cao về sản_phẩm vì tiền nào của đó,phan_nan_giao_hang
độ bền màu được cũng khá lâu,độ bền màu được cũng khá lâu,phan_nan_giao_hang
độ chắc màu cũng được khá lâu,độ chắc màu cũng được khá lâu,phan_nan_giao_hang
gói hàng độ bền màu cũng được khá lâu,gói hàng độ bền màu cũng được khá lâu,phan_nan_giao_hang
độ bền màu được khá lâu,độ bền màu được khá lâu,phan_nan_giao_hang
độ lưu hương lâu oke,độ lưu hương lâu oke,phan_nan_giao_hang
độ defect lưu hương lâu,độ defect lưu hương lâu,phan_nan_giao_hang
lâu lưu hương độ,lâu lưu hương độ,phan_nan_giao_hang
độ xịn lưu hương lâu,độ xịn lưu hương lâu,phan_nan_giao_hang
thật_sự không hiểu cái shop này làm sưng kiểu gì hình trên ảnh màu ship về thì màu hoàn_toàn khác làm_ăn thế_này cũng khác gì nồng mùi sai hàng lừa khách_hàng,thật_sự không hiểu cái shop này làm sưng kiểu gì hình trên ảnh màu ship về thì màu hoàn_toàn khác làm_ăn thế_này cũng khác gì nồng mùi sai hàng lừa khách_hàng,phan_nan_giao_hang
thật_sự không hiểu cái shop này làm sưng kiểu gì hình trên ảnh màu ship về thì màu hoàn_toàn khác làm_ăn thế_này hàng khác gì sai cũng lừa khách_hàng,thật_sự không hiểu cái shop này làm sưng kiểu gì hình trên ảnh màu ship về thì màu hoàn_toàn khác làm_ăn thế_này hàng khác gì sai cũng lừa khách_hàng,phan_nan_giao_hang
thật_sự không hiểu cái shop này làm sưng kiểu gì hình trên ảnh màu thế_này về thì màu hoàn_toàn khác làm_ăn ship cũng khác gì sai hàng lừa khách_hàng,thật_sự không hiểu cái shop này làm sưng kiểu gì hình trên ảnh màu thế_này về thì màu hoàn_toàn khác làm_ăn ship cũng khác gì sai hàng lừa khách_hàng,phan_nan_giao_hang
thật_sự không hiểu cái shop này làm sưng thì gì hình trên ảnh màu ship về kiểu màu hoàn_toàn khác làm_ăn thế_này cũng khác gì sai hàng lừa khách_hàng,thật_sự không hiểu cái shop này làm sưng thì gì hình trên ảnh màu ship về kiểu màu hoàn_toàn khác làm_ăn thế_này cũng khác gì sai hàng lừa khách_hàng,phan_nan_giao_hang
lại rất là ưng_ý và giao hơi lâu nhưng đồ rất_chi_là xịn xò và đẹp như trong ảnh và âm_thanh đồ càng sang xịn mịn hình_ảnh ko liên_quan lắm,lại rất là ưng_ý và giao hơi lâu nhưng đồ rất_chi_là xịn xò và đẹp như trong ảnh và âm_thanh đồ càng sang xịn mịn hình_ảnh ko liên_quan lắm,phan_nan_giao_hang
đồ rất là ưng_ý và và hơi lâu nhưng đồ rất_chi_là xịn xò và đẹp như trong ảnh giao âm_thanh lại càng sang xịn mịn hình_ảnh ko liên_quan lắm,đồ rất là ưng_ý và và hơi lâu nhưng đồ rất_chi_là xịn xò và đẹp như trong ảnh giao âm_thanh lại càng sang xịn mịn hình_ảnh ko liên_quan lắm,phan_nan_giao_hang
đồ rất là ưng_ý và giao hơi lâu nhưng đồ rất_chi_là xịn ok xò và đẹp như trong ảnh và âm_thanh lại càng sang xịn mịn hình_ảnh ko liên_quan lắm,đồ rất là ưng_ý và giao hơi lâu nhưng đồ rất_chi_là xịn ok xò và đẹp như trong ảnh và âm_thanh lại càng sang xịn mịn hình_ảnh ko liên_quan lắm,phan_nan_giao_hang
đồ rất là ưng_ý hơi giao và lâu nhưng đồ rất_chi_là xịn xò và đẹp như trong ảnh và âm_thanh lại càng sang xịn mịn hình_ảnh ko liên_quan lắm,đồ rất là ưng_ý hơi giao và lâu nhưng đồ rất_chi_là xịn xò và đẹp như trong ảnh và âm_thanh lại càng sang xịn mịn hình_ảnh ko liên_quan lắm,phan_nan_giao_hang
nhận hay hàng chưa nhận kệ người,nhận hay hàng chưa nhận kệ người,phan_nan_giao_hang
nhận ưng hàng hay chưa nhận kệ người,nhận ưng hàng hay chưa nhận kệ người,phan_nan_giao_hang
nhận hàng hay nhận kệ người,nhận hàng hay nhận kệ người,phan_nan_giao_hang
nhận hàng chưa nhận kệ người,nhận hàng chưa nhận kệ người,phan_nan_giao_hang
nhưng_mà đeo lâu ưng đau tai ạ,nhưng_mà đeo lâu ưng đau tai ạ,phan_nan_giao_hang
nhưng_mà lâu đau,nhưng_mà lâu đau,phan_nan_giao_hang
nhưng_mà đeo ạ đau tai lâu,nhưng_mà đeo ạ đau tai lâu,phan_nan_giao_hang
sản_phẩm như hình tốt lưu hương lâu,sản_phẩm như hình tốt lưu hương lâu,phan_nan_giao_hang
sản_phẩm tốt lưu lâu hương,sản_phẩm tốt lưu lâu hương,phan_nan_giao_hang
giao hơi lâu đẹp nhưng_mà,giao hơi lâu đẹp nhưng_mà,phan_nan_giao_hang
giao lâu nhưng_mà đẹp,giao lâu nhưng_mà đẹp,phan_nan_giao_hang
giao hơi lâu nhưng_mà đẹp ok,giao hơi lâu nhưng_mà đẹp ok,phan_nan_giao_hang
giao hơi đẹp,giao hơi đẹp,phan_nan_giao_hang
độ lưu hương hơi chắc_chắn lâu,độ lưu hương hơi chắc_chắn lâu,phan_nan_giao_hang
lâu lưu hương hơi độ,lâu lưu hương hơi độ,phan_nan_giao_hang
độ lâu hương lưu h,độ lâu hương lưu h,phan_nan_giao_hang
độ h hương lâu lưu,độ h hương lâu lưu,phan_nan_giao_hang
lưu hương h,lưu hương h,phan_nan_giao_hang
nhưng chỉ phù_hợp để đeo chơi hoặc để hàng lỗi chụp ảnh thôi chứ đeo nghe lâu thì hơi bị đau,nhưng chỉ phù_hợp để đeo chơi hoặc để hàng lỗi chụp ảnh thôi chứ đeo nghe lâu thì hơi bị đau,phan_nan_giao_hang
nhưng chỉ thì để đeo chơi hoặc để chụp ảnh thôi chứ đeo nghe lâu phù_hợp hơi bị đau,nhưng chỉ thì để đeo chơi hoặc để chụp ảnh thôi chứ đeo nghe lâu phù_hợp hơi bị đau,phan_nan_giao_hang
nhưng chỉ phù_hợp để đeo chơi hoặc để đau ảnh thôi chứ đeo nghe lâu thì hơi bị chụp,nhưng chỉ phù_hợp để đeo chơi hoặc để đau ảnh thôi chứ đeo nghe lâu thì hơi bị chụp,phan_nan_giao_hang
nhưng chỉ phù_hợp để đeo chơi hoặc để chụp ảnh đau chứ đeo nghe lâu thì hơi bị thôi,nhưng chỉ phù_hợp để đeo chơi hoặc để chụp ảnh đau chứ đeo nghe lâu thì hơi bị thôi,phan_nan_giao_hang
giao quốc_tế nên hàng hơi lâu,giao quốc_tế nên hàng hơi lâu,phan_nan_giao_hang
hàng nên giao hơi lâu,hàng nên giao hơi lâu,phan_nan_giao_hang
quốc_tế nên giao hơi lâu,quốc_tế nên giao hơi lâu,phan_nan_giao_hang
hàng quốc_tế giao nên hơi lâu,hàng quốc_tế giao nên hơi lâu,phan_nan_giao_hang
độ bao bì lưu hương k lưu hương lâu,độ bao bì lưu hương k lưu hương lâu,phan_nan_giao_hang
độ lưu hương k hương lâu,độ lưu hương k hương lâu,phan_nan_giao_hang
độ lưu hương k lâu hương lưu,độ lưu hương k lâu hương lưu,phan_nan_giao_hang
theo đó các bạn nè các bạn nè các bạn nè các bạn nè các mẹ có biết_bao lâu thì mới tuyệt_vời dọn tủ là quần giá quá hời ok,theo đó các bạn nè các bạn nè các bạn nè các bạn nè các mẹ có biết_bao lâu thì mới tuyệt_vời dọn tủ là quần giá quá hời ok,phan_nan_giao_hang
theo đó các bạn nè các bạn nè các bạn nè các bạn nè các mẹ có biết_bao lâu giá mới dọn tủ là quần thì quá hời ok,theo đó các bạn nè các bạn nè các bạn nè các bạn nè các mẹ có biết_bao lâu giá mới dọn tủ là quần thì quá hời ok,phan_nan_giao_hang
theo đó các bạn nè các bạn nè đúng hẹn các bạn nè các bạn nè các mẹ có biết_bao lâu thì mới dọn tủ là quần giá quá hời ok,theo đó các bạn nè các bạn nè đúng hẹn các bạn nè các bạn nè các mẹ có biết_bao lâu thì mới dọn tủ là quần giá quá hời ok,phan_nan_giao_hang
nhẹ theo đó các bạn nè các bạn nè các bạn nè các bạn nè các mẹ có biết_bao lâu thì mới dọn tủ là quần giá quá hời ok,nhẹ theo đó các bạn nè các bạn nè các bạn nè các bạn nè các mẹ có biết_bao lâu thì mới dọn tủ là quần giá quá hời ok,phan_nan_giao_hang
tai nghe đeo ok lâu bị đau tai,tai nghe đeo ok lâu bị đau tai,phan_nan_giao_hang
tai nghe đeo chắc lâu bị đau tai,tai nghe đeo chắc lâu bị đau tai,phan_nan_giao_hang
đau nghe đeo lâu bị tai tai,đau nghe đeo lâu bị tai tai,phan_nan_giao_hang
tai nghe đeo đau tai,tai nghe đeo đau tai,phan_nan_giao_hang
hàng rất đẹp shop tư_vấn và rep lâu_dài rất nhanh ủng_hộ shop ib,hàng rất đẹp shop tư_vấn và rep lâu_dài rất nhanh ủng_hộ shop ib,phan_nan_giao_hang
hàng rất đẹp shop tư_vấn và rep ib rất đáng mua nhanh ủng_hộ shop lâu_dài,hàng rất đẹp shop tư_vấn và rep ib rất đáng mua nhanh ủng_hộ shop lâu_dài,phan_nan_giao_hang
hàng rất đẹp shop cẩn_thận tư_vấn và rep ib rất nhanh ủng_hộ shop lâu_dài,hàng rất đẹp shop cẩn_thận tư_vấn và rep ib rất nhanh ủng_hộ shop lâu_dài,phan_nan_giao_hang
hàng rất đẹp ib tư_vấn và rep shop rất nhanh ủng_hộ shop lâu_dài,hàng rất đẹp ib tư_vấn và rep shop rất nhanh ủng_hộ shop lâu_dài,phan_nan_giao_hang
lưu hương bao_lâu thì mình rõ nhưng giờ ưng,lưu hương bao_lâu thì mình rõ nhưng giờ ưng,phan_nan_giao_hang
lưu hương bao_lâu thì mình rõ chưa nhưng giờ ưng lắm,lưu hương bao_lâu thì mình rõ chưa nhưng giờ ưng lắm,phan_nan_giao_hang
khá ổn nhưng dễ thương chưa biết pin được bao_lâu,khá ổn nhưng dễ thương chưa biết pin được bao_lâu,phan_nan_giao_hang
được ổn nhưng chưa biết pin khá bao_lâu,được ổn nhưng chưa biết pin khá bao_lâu,phan_nan_giao_hang
khá ổn nhưng chưa biết pin được,khá ổn nhưng chưa biết pin được,phan_nan_giao_hang
khá nhưng biết pin được bao_lâu,khá nhưng biết pin được bao_lâu,phan_nan_giao_hang
Shop phục vụ chu đáo và nhiệt tình,Shop phục vụ chu đáo và nhiệt tình,khen_dich_vu
Không hài lòng với dịch vụ và phản hồi,Không hài lòng với dịch vụ và phản hồi,khen_dich_vu
Shop cũng rất chu đáo và nhiệt tình,Shop cũng rất chu đáo và nhiệt tình,khen_dich_vu
Cảm ơn cửa hàng rất nhiều,Cảm ơn cửa hàng rất nhiều,khen_dich_vu
Tôi tìm thấy những đôi dép rẻ tiền đang được giảm giá và tôi không nghĩ nó có giá trị gì nhưng tôi thực sự rất hài lòng. Cảm ơn shop và các bạn nên mua nhé.,Tôi tìm thấy những đôi dép rẻ tiền đang được giảm giá và tôi không nghĩ nó có giá trị gì nhưng tôi thực sự rất hài lòng. Cảm ơn shop và các bạn nên mua nhé.,khen_dich_vu
"Có ổn không khi để bạn làm điều gì đó? Cảm ơn bạn đã biết chi tiết. Đó là nc. Bên cạnh đó,","Có ổn không khi để bạn làm điều gì đó? Cảm ơn bạn đã biết chi tiết. Đó là nc. Bên cạnh đó,",khen_dich_vu
Shop phục vụ nhiệt tình,Shop phục vụ nhiệt tình,khen_dich_vu
"Shop tư vấn nhiệt tình, dễ thương","Shop tư vấn nhiệt tình, dễ thương",khen_dich_vu
Hỗ trợ khách hàng chưa nhiệt tình,Hỗ trợ khách hàng chưa nhiệt tình,khen_dich_vu
Cảm ơn cửa hàng,Cảm ơn cửa hàng,khen_dich_vu
lời khuyên chu đáo,lời khuyên chu đáo,khen_dich_vu
Shop tư vấn nhiệt tình,Shop tư vấn nhiệt tình,khen_dich_vu
Mình rất thích áo của shop. Tôi chỉ muốn mua tất cả các mẫu thiết kế để mặc. Shop rất thân thiện và còn tặng kèm tờ hướng dẫn sử dụng siêu dễ thương.,Mình rất thích áo của shop. Tôi chỉ muốn mua tất cả các mẫu thiết kế để mặc. Shop rất thân thiện và còn tặng kèm tờ hướng dẫn sử dụng siêu dễ thương.,khen_dich_vu
"Không thân thiện, không thông cảm","Không thân thiện, không thông cảm",khen_dich_vu
Lần sau sẽ ủng hộ shop thân thiện,Lần sau sẽ ủng hộ shop thân thiện,khen_dich_vu
Giá nước hoa thơm không quá cao. Cảm ơn cửa hàng rất nhiều,Giá nước hoa thơm không quá cao. Cảm ơn cửa hàng rất nhiều,khen_dich_vu
Tôi đã nhận được hàng. Chúc shop làm ăn phát đạt và phát đạt. Cảm ơn,Tôi đã nhận được hàng. Chúc shop làm ăn phát đạt và phát đạt. Cảm ơn,khen_dich_vu
"rất hài lòng, cảm ơn shop","rất hài lòng, cảm ơn shop",khen_dich_vu
một cách nhiệt tình và chu đáo,một cách nhiệt tình và chu đáo,khen_dich_vu
Quán còn phục vụ rất chu đáo,Quán còn phục vụ rất chu đáo,khen_dich_vu
Tư vấn khách hàng cũng vô cùng nhiệt tình,Tư vấn khách hàng cũng vô cùng nhiệt tình,khen_dich_vu
"Xin chào, cảm ơn tin nhắn của bạn","Xin chào, cảm ơn tin nhắn của bạn",khen_dich_vu
Siro bơ say đắm lòng người,Siro bơ say đắm lòng người,khen_dich_vu
Chúc shop bán hàng tốt và tư vấn nhiệt tình,Chúc shop bán hàng tốt và tư vấn nhiệt tình,khen_dich_vu
Tư vấn nhiệt tình,Tư vấn nhiệt tình,khen_dich_vu
Cảm ơn shop đã tư vấn nhiệt tình,Cảm ơn shop đã tư vấn nhiệt tình,khen_dich_vu
s h s he iu d su_su su Tôi có thể là một loài thực vật có hoa trong họ cúc. Tôi có thể làm việc được không? Tôi không biết. Tôi có thể làm việc được không? d d s d d g g cảm ơn bạn rất nhiều,s h s he iu d su_su su Tôi có thể là một loài thực vật có hoa trong họ cúc. Tôi có thể làm việc được không? Tôi không biết. Tôi có thể làm việc được không? d d s d d g g cảm ơn bạn rất nhiều,khen_dich_vu
Cảm ơn shop rất nhiều vì sự uy tín của bạn ha_ha,Cảm ơn shop rất nhiều vì sự uy tín của bạn ha_ha,khen_dich_vu
phục_vụ shop chu_đáo nhiệt_tình,phục_vụ shop chu_đáo nhiệt_tình,khen_dich_vu
chu_đáo phục_vụ shop nhiệt_tình,chu_đáo phục_vụ shop nhiệt_tình,khen_dich_vu
chu_đáo nhiệt_tình,chu_đáo nhiệt_tình,khen_dich_vu
shop phục_vụ chu_đáo,shop phục_vụ chu_đáo,khen_dich_vu
không cách về hài_lòng phục_vụ và giải_đáp,không cách về hài_lòng phục_vụ và giải_đáp,khen_dich_vu
không hài_lòng về cách phục_vụ và giải_đáp ưng,không hài_lòng về cách phục_vụ và giải_đáp ưng,khen_dich_vu
không hài_lòng và cách phục_vụ về giải_đáp,không hài_lòng và cách phục_vụ về giải_đáp,khen_dich_vu
không hài_lòng về cách phục_vụ giải_đáp,không hài_lòng về cách phục_vụ giải_đáp,khen_dich_vu
shop cũng nhiệt_tình chu_đáo và rất,shop cũng nhiệt_tình chu_đáo và rất,khen_dich_vu
shop cũng chu_đáo và nhiệt_tình,shop cũng chu_đáo và nhiệt_tình,khen_dich_vu
rất cũng shop chu_đáo và nhiệt_tình,rất cũng shop chu_đáo và nhiệt_tình,khen_dich_vu
nhiệt_tình cũng rất chu_đáo và shop,nhiệt_tình cũng rất chu_đáo và shop,khen_dich_vu
cảm_ơn shop rất nhiều a nha,cảm_ơn shop rất nhiều a nha,khen_dich_vu
chưa tới cảm_ơn shop rất nhiều nha a,chưa tới cảm_ơn shop rất nhiều nha a,khen_dich_vu
shop rất nhiều nha,shop rất nhiều nha,khen_dich_vu
cảm_ơn shop xứng đáng rất nhiều nha a,cảm_ơn shop xứng đáng rất nhiều nha a,khen_dich_vu
dép rẻ còn được lúc sa le săn k nghĩ ko ra gì nhưng thật_sự mình rất hài_lòng nhé cảm_ơn shop và các b nên mua nhé ạ,dép rẻ còn được lúc sa le săn k nghĩ ko ra gì nhưng thật_sự mình rất hài_lòng nhé cảm_ơn shop và các b nên mua nhé ạ,khen_dich_vu
dép rẻ êm săn được lúc sa le còn k nghĩ ko ra gì nhưng thật_sự mình rất hài_lòng nhé cảm_ơn shop và các b nên mua nhé ạ,dép rẻ êm săn được lúc sa le còn k nghĩ ko ra gì nhưng thật_sự mình rất hài_lòng nhé cảm_ơn shop và các b nên mua nhé ạ,khen_dich_vu
chán dép rẻ săn được lúc sa le còn k nghĩ ko ra gì nhưng thật_sự mình rất hài_lòng nhé cảm_ơn shop và các b nên mua nhé ạ,chán dép rẻ săn được lúc sa le còn k nghĩ ko ra gì nhưng thật_sự mình rất hài_lòng nhé cảm_ơn shop và các b nên mua nhé ạ,khen_dich_vu
dép rẻ săn được lúc sa le k nghĩ ko ra gì nhưng thật_sự mình hài_lòng nhé cảm_ơn và các b nên mua nhé ạ,dép rẻ săn được lúc sa le k nghĩ ko ra gì nhưng thật_sự mình hài_lòng nhé cảm_ơn và các b nên mua nhé ạ,khen_dich_vu
để anh làm gì đó roi phải là sao ạ em cảm_ơn chi_tiết mấy không đó là nc ngoài_ra còn,để anh làm gì đó roi phải là sao ạ em cảm_ơn chi_tiết mấy không đó là nc ngoài_ra còn,khen_dich_vu
để anh làm gì đó là phải không sao ạ em cảm_ơn chi_tiết mấy roi đó là nc ngoài_ra còn,để anh làm gì đó là phải không sao ạ em cảm_ơn chi_tiết mấy roi đó là nc ngoài_ra còn,khen_dich_vu
để anh làm gì đó không phải là sao ạ em cảm_ơn chi_tiết mấy roi đó nc là ngoài_ra còn,để anh làm gì đó không phải là sao ạ em cảm_ơn chi_tiết mấy roi đó nc là ngoài_ra còn,khen_dich_vu
chi_tiết anh làm gì đó không phải là sao ạ em cảm_ơn để mấy roi đó là nc ngoài_ra còn,chi_tiết anh làm gì đó không phải là sao ạ em cảm_ơn để mấy roi đó là nc ngoài_ra còn,khen_dich_vu
shop nhiệt_tình phục_vụ giống hình,shop nhiệt_tình phục_vụ giống hình,khen_dich_vu
nhiệt_tình shop phục_vụ,nhiệt_tình shop phục_vụ,khen_dich_vu
phục_vụ nhiệt_tình shop,phục_vụ nhiệt_tình shop,khen_dich_vu
êm shop nhiệt_tình phục_vụ,êm shop nhiệt_tình phục_vụ,khen_dich_vu
shop tư_vấn nhiệt_tình dễ_thương,shop tư_vấn nhiệt_tình dễ_thương,khen_dich_vu
giới thiệu shop tư_vấn nhiệt_tình dễ_thương nữa,giới thiệu shop tư_vấn nhiệt_tình dễ_thương nữa,khen_dich_vu
tư_vấn nhiệt_tình nữa,tư_vấn nhiệt_tình nữa,khen_dich_vu
dễ_thương tư_vấn nhiệt_tình shop nữa,dễ_thương tư_vấn nhiệt_tình shop nữa,khen_dich_vu
đúng hẹn hỗ_trợ khách_hàng ko nhiệt_tình,đúng hẹn hỗ_trợ khách_hàng ko nhiệt_tình,khen_dich_vu
hỗ_trợ khách_hàng nhiệt_tình ko,hỗ_trợ khách_hàng nhiệt_tình ko,khen_dich_vu
hỗ_trợ khách_hàng nhiệt_tình,hỗ_trợ khách_hàng nhiệt_tình,khen_dich_vu
hỗ_trợ khách_hàng ko ok nhiệt_tình,hỗ_trợ khách_hàng ko ok nhiệt_tình,khen_dich_vu
cảm_ơn shop đúng_mô_tả,cảm_ơn shop đúng_mô_tả,khen_dich_vu
xuất sắc cảm_ơn shop,xuất sắc cảm_ơn shop,khen_dich_vu
cảm_ơn hỏng shop,cảm_ơn hỏng shop,khen_dich_vu
vừa ý cảm_ơn shop,vừa ý cảm_ơn shop,khen_dich_vu
mùi nồng tư_vấn chu_đáo,mùi nồng tư_vấn chu_đáo,khen_dich_vu
tư_vấn muộn chu_đáo,tư_vấn muộn chu_đáo,khen_dich_vu
ok tư_vấn chu_đáo,ok tư_vấn chu_đáo,khen_dich_vu
giá tốt tư_vấn chu_đáo,giá tốt tư_vấn chu_đáo,khen_dich_vu
tư_vấn shop nhiệt_tình,tư_vấn shop nhiệt_tình,khen_dich_vu
nhiệt_tình tư_vấn shop,nhiệt_tình tư_vấn shop,khen_dich_vu
shop nhiệt_tình tư_vấn,shop nhiệt_tình tư_vấn,khen_dich_vu
xịn shop tư_vấn nhiệt_tình,xịn shop tư_vấn nhiệt_tình,khen_dich_vu
siêu thích áo của shop chỉ muốn mua hết các mẫu về mặc shop thì rất thân_thiện còn gửi kèm đáng tờ giấy hướng_dẫn siêu cả yêu,siêu thích áo của shop chỉ muốn mua hết các mẫu về mặc shop thì rất thân_thiện còn gửi kèm đáng tờ giấy hướng_dẫn siêu cả yêu,khen_dich_vu
giá tốt siêu thích áo của shop chỉ muốn mua hết các mẫu về mặc shop thì rất thân_thiện còn gửi kèm cả tờ giấy hướng_dẫn siêu đáng yêu,giá tốt siêu thích áo của shop chỉ muốn mua hết các mẫu về mặc shop thì rất thân_thiện còn gửi kèm cả tờ giấy hướng_dẫn siêu đáng yêu,khen_dich_vu
siêu thích áo của shop chỉ muốn thân_thiện hết các mẫu về mặc shop thì rất mua còn gửi kèm cả tờ giấy hướng_dẫn siêu đáng yêu,siêu thích áo của shop chỉ muốn thân_thiện hết các mẫu về mặc shop thì rất mua còn gửi kèm cả tờ giấy hướng_dẫn siêu đáng yêu,khen_dich_vu
siêu thích áo của shop chỉ muốn mua hết các mẫu về nồng mùi mặc shop thì rất thân_thiện còn gửi kèm cả tờ giấy hướng_dẫn siêu đáng yêu,siêu thích áo của shop chỉ muốn mua hết các mẫu về nồng mùi mặc shop thì rất thân_thiện còn gửi kèm cả tờ giấy hướng_dẫn siêu đáng yêu,khen_dich_vu
cảm_ơn xịn shop nhìu,cảm_ơn xịn shop nhìu,khen_dich_vu
cảm_ơn shop kém nhìu,cảm_ơn shop kém nhìu,khen_dich_vu
cảm_ơn nhìu shop,cảm_ơn nhìu shop,khen_dich_vu
cảm_ơn ổn shop nhìu,cảm_ơn ổn shop nhìu,khen_dich_vu
ko kịp thời thân_thiện ko có cảm_tình,ko kịp thời thân_thiện ko có cảm_tình,khen_dich_vu
ko thân_thiện ko mua đi có cảm_tình,ko thân_thiện ko mua đi có cảm_tình,khen_dich_vu
ko cảm_tình ko có thân_thiện,ko cảm_tình ko có thân_thiện,khen_dich_vu
ko thân_thiện ko có xịn cảm_tình,ko thân_thiện ko có xịn cảm_tình,khen_dich_vu
lần sau sẽ đúng như quảng cáo ủng_hộ shop thân_thiện,lần sau sẽ đúng như quảng cáo ủng_hộ shop thân_thiện,khen_dich_vu
lần sau y hình sẽ ủng_hộ shop thân_thiện,lần sau y hình sẽ ủng_hộ shop thân_thiện,khen_dich_vu
lần sau sẽ ủng_hộ shop tuyệt vời thân_thiện,lần sau sẽ ủng_hộ shop tuyệt vời thân_thiện,khen_dich_vu
sau ủng_hộ shop thân_thiện,sau ủng_hộ shop thân_thiện,khen_dich_vu
nước_hoa thơm giá ko dc ngàn luôn cảm_ơn shop ổn nhiều,nước_hoa thơm giá ko dc ngàn luôn cảm_ơn shop ổn nhiều,khen_dich_vu
thơm giá dc luôn cảm_ơn shop,thơm giá dc luôn cảm_ơn shop,khen_dich_vu
ổn nước_hoa thơm giá ko dc ngàn luôn cảm_ơn shop nhiều,ổn nước_hoa thơm giá ko dc ngàn luôn cảm_ơn shop nhiều,khen_dich_vu
nước_hoa thơm giá nhiều dc ngàn luôn cảm_ơn shop ko,nước_hoa thơm giá nhiều dc ngàn luôn cảm_ơn shop ko,khen_dich_vu
hàng em đã gói hàng nhận được rồi chúc shop làm_ăn phát_đạt phát_tài cảm_ơn shop nhé,hàng em đã gói hàng nhận được rồi chúc shop làm_ăn phát_đạt phát_tài cảm_ơn shop nhé,khen_dich_vu
hàng em đã nhận được rồi chúc shop làm_ăn cảm_ơn shop nhé,hàng em đã nhận được rồi chúc shop làm_ăn cảm_ơn shop nhé,khen_dich_vu
hàng em đã nhận được rồi chúc shop làm_ăn phát_đạt cảm_ơn shop nhé,hàng em đã nhận được rồi chúc shop làm_ăn phát_đạt cảm_ơn shop nhé,khen_dich_vu
hàng em đã nhận được rồi chúc phát_đạt phát_tài cảm_ơn shop nhé,hàng em đã nhận được rồi chúc phát_đạt phát_tài cảm_ơn shop nhé,khen_dich_vu
hài_lòng rất cảm_ơn shop,hài_lòng rất cảm_ơn shop,khen_dich_vu
rất hài_lòng cảm_ơn,rất hài_lòng cảm_ơn,khen_dich_vu
rất hài_lòng shop cảm_ơn,rất hài_lòng shop cảm_ơn,khen_dich_vu
hài_lòng cảm_ơn shop,hài_lòng cảm_ơn shop,khen_dich_vu
síp bơ nhiệt_tình chuẩn chu_đáo,síp bơ nhiệt_tình chuẩn chu_đáo,khen_dich_vu
síp bơ chu_đáo nhiệt_tình,síp bơ chu_đáo nhiệt_tình,khen_dich_vu
síp chắc bơ nhiệt_tình chu_đáo,síp chắc bơ nhiệt_tình chu_đáo,khen_dich_vu
shop phục_vụ chu_đáo ạ,shop phục_vụ chu_đáo ạ,khen_dich_vu
shop cũng phục_vụ chu_đáo ạ,shop cũng phục_vụ chu_đáo ạ,khen_dich_vu
shop cũng nên mua phục_vụ chu_đáo lắm ạ,shop cũng nên mua phục_vụ chu_đáo lắm ạ,khen_dich_vu
shop cũng phục_vụ chu_đáo lắm ạ hòa đồng,shop cũng phục_vụ chu_đáo lắm ạ hòa đồng,khen_dich_vu
shop cảm_ơn nhiều,shop cảm_ơn nhiều,khen_dich_vu
cảm_ơn nhiều shop,cảm_ơn nhiều shop,khen_dich_vu
cảm_ơn shop nhiều mua đi,cảm_ơn shop nhiều mua đi,khen_dich_vu
cảm_ơn shop nên mua nhiều,cảm_ơn shop nên mua nhiều,khen_dich_vu
tư_vấn khách_hàng còn cực_kì chu đáo nhiệt_tình,tư_vấn khách_hàng còn cực_kì chu đáo nhiệt_tình,khen_dich_vu
tư_vấn khách_hàng còn cực_kì nhiệt_tình giúp đỡ,tư_vấn khách_hàng còn cực_kì nhiệt_tình giúp đỡ,khen_dich_vu
tư_vấn khách_hàng nhiệt_tình cực_kì còn,tư_vấn khách_hàng nhiệt_tình cực_kì còn,khen_dich_vu
tư_vấn đáng mua khách_hàng còn cực_kì nhiệt_tình,tư_vấn đáng mua khách_hàng còn cực_kì nhiệt_tình,khen_dich_vu
xin chào thảo cảm_ơn nhắn_tin đã bạn,xin chào thảo cảm_ơn nhắn_tin đã bạn,khen_dich_vu
xin cảm_ơn bạn đã,xin cảm_ơn bạn đã,khen_dich_vu
xin chào thảo cảm_ơn bạn quá đỉnh đã nhắn_tin,xin chào thảo cảm_ơn bạn quá đỉnh đã nhắn_tin,khen_dich_vu
xin thảo cảm_ơn bạn đã nhắn_tin,xin thảo cảm_ơn bạn đã nhắn_tin,khen_dich_vu
síp bơ nhiệt_tình tư vấn,síp bơ nhiệt_tình tư vấn,khen_dich_vu
síp cl bơ nhiệt_tình,síp cl bơ nhiệt_tình,khen_dich_vu
nhiệt_tình bơ síp,nhiệt_tình bơ síp,khen_dich_vu
síp nhiệt_tình bơ,síp nhiệt_tình bơ,khen_dich_vu
chúc bán buôn may shop đắt tư_vấn nhiệt_tình,chúc bán buôn may shop đắt tư_vấn nhiệt_tình,khen_dich_vu
chúc shop buôn may đắt tư_vấn nhiệt_tình,chúc shop buôn may đắt tư_vấn nhiệt_tình,khen_dich_vu
shop may bán đắt,shop may bán đắt,khen_dich_vu
chúc shop oke buôn may bán đắt tư_vấn nhiệt_tình,chúc shop oke buôn may bán đắt tư_vấn nhiệt_tình,khen_dich_vu
tư_vấn nhiệt_tình ngon,tư_vấn nhiệt_tình ngon,khen_dich_vu
tư_vấn nhiệt_tình đúng hẹn,tư_vấn nhiệt_tình đúng hẹn,khen_dich_vu
kỹ tư_vấn nhiệt_tình,kỹ tư_vấn nhiệt_tình,khen_dich_vu
recommend tư_vấn nhiệt_tình,recommend tư_vấn nhiệt_tình,khen_dich_vu
cảm_ơn shop đã nhiệt_tình tư_vấn,cảm_ơn shop đã nhiệt_tình tư_vấn,khen_dich_vu
cảm_ơn ok shop đã tư_vấn nhiệt_tình,cảm_ơn ok shop đã tư_vấn nhiệt_tình,khen_dich_vu
cảm_ơn nhanh_chóng shop đã tư_vấn nhiệt_tình,cảm_ơn nhanh_chóng shop đã tư_vấn nhiệt_tình,khen_dich_vu
tư_vấn shop đã cảm_ơn nhiệt_tình,tư_vấn shop đã cảm_ơn nhiệt_tình,khen_dich_vu
cảm_ơn nhiều ạ,cảm_ơn nhiều ạ,khen_dich_vu
cảm_ơn siêu nhanh shop nhiều ạ,cảm_ơn siêu nhanh shop nhiều ạ,khen_dich_vu
tận_tình cảm_ơn shop nhiều ạ,tận_tình cảm_ơn shop nhiều ạ,khen_dich_vu
cảm_ơn shop nhiều ạ oke,cảm_ơn shop nhiều ạ oke,khen_dich_vu
s h s he iu d su_su su em có_thể là một loài ngon thực_vật có hoa trong họ cúc có đi làm được không biết có đi làm được không biết d d s d d g g cảm_ơn em nhiều,s h s he iu d su_su su em có_thể là một loài ngon thực_vật có hoa trong họ cúc có đi làm được không biết có đi làm được không biết d d s d d g g cảm_ơn em nhiều,khen_dich_vu
s h s he iu d su_su su em có_thể là một loài thực_vật có xịn hoa trong họ cúc có đi làm được không biết có đi làm được không biết d d s d d g g cảm_ơn em nhiều,s h s he iu d su_su su em có_thể là một loài thực_vật có xịn hoa trong họ cúc có đi làm được không biết có đi làm được không biết d d s d d g g cảm_ơn em nhiều,khen_dich_vu
s h s he iu d su_su su em có_thể là một như hình loài thực_vật có hoa trong họ cúc có đi làm được không biết có đi làm được không biết d d s d d g g cảm_ơn em nhiều,s h s he iu d su_su su em có_thể là một như hình loài thực_vật có hoa trong họ cúc có đi làm được không biết có đi làm được không biết d d s d d g g cảm_ơn em nhiều,khen_dich_vu
s h s he iu d su_su trong em có_thể là một loài thực_vật có hoa su họ cúc có đi làm được không biết có đi làm được không biết d d s d d g g cảm_ơn em nhiều,s h s he iu d su_su trong em có_thể là một loài thực_vật có hoa su họ cúc có đi làm được không biết có đi làm được không biết d d s d d g g cảm_ơn em nhiều,khen_dich_vu
cảm_ơn shop rất chuẩn hình nhiều về độ uy_tín ha_ha,cảm_ơn shop rất chuẩn hình nhiều về độ uy_tín ha_ha,khen_dich_vu
cảm_ơn shop rất nhiều chu đáo về độ uy_tín ha_ha,cảm_ơn shop rất nhiều chu đáo về độ uy_tín ha_ha,khen_dich_vu
cảm_ơn ha_ha rất nhiều về độ uy_tín shop,cảm_ơn ha_ha rất nhiều về độ uy_tín shop,khen_dich_vu
cảm_ơn mùi khó chịu shop rất nhiều về độ uy_tín ha_ha,cảm_ơn mùi khó chịu shop rất nhiều về độ uy_tín ha_ha,khen_dich_vu
shop phục_vụ nhiệt_tình chu_đáo,shop phục_vụ nhiệt_tình chu_đáo,khen_dich_vu
không hài_lòng về kịp thời cách phục_vụ và giải_đáp,không hài_lòng về kịp thời cách phục_vụ và giải_đáp,khen_dich_vu
không hài_lòng chắc_chắn về cách phục_vụ và giải_đáp,không hài_lòng chắc_chắn về cách phục_vụ và giải_đáp,khen_dich_vu
không hài_lòng về cách oke phục_vụ và giải_đáp,không hài_lòng về cách oke phục_vụ và giải_đáp,khen_dich_vu
không hài_lòng về giải_đáp phục_vụ và cách,không hài_lòng về giải_đáp phục_vụ và cách,khen_dich_vu
shop rất cũng chu_đáo và nhiệt_tình,shop rất cũng chu_đáo và nhiệt_tình,khen_dich_vu
rất chu_đáo và nhiệt_tình,rất chu_đáo và nhiệt_tình,khen_dich_vu
shop cũng rất chu_đáo tuyệt và nhiệt_tình,shop cũng rất chu_đáo tuyệt và nhiệt_tình,khen_dich_vu
shop rất chu_đáo và nhiệt_tình,shop rất chu_đáo và nhiệt_tình,khen_dich_vu
cảm_ơn shop rất nhiều nha a ok,cảm_ơn shop rất nhiều nha a ok,khen_dich_vu
nhiều shop rất cảm_ơn nha a,nhiều shop rất cảm_ơn nha a,khen_dich_vu
cảm_ơn shop rất nhiều thích nha a,cảm_ơn shop rất nhiều thích nha a,khen_dich_vu
nha shop rất nhiều cảm_ơn a,nha shop rất nhiều cảm_ơn a,khen_dich_vu
dép rẻ săn được lúc sa le còn k nghĩ ra gì nhưng rất hài_lòng nhé cảm_ơn shop và nên mua nhé ạ,dép rẻ săn được lúc sa le còn k nghĩ ra gì nhưng rất hài_lòng nhé cảm_ơn shop và nên mua nhé ạ,khen_dich_vu
dép rẻ săn được lúc sa le còn k nghĩ ko ra gì nhưng thật_sự mình rất hài_lòng nhé chuẩn cảm_ơn shop và các b nên mua nhé ạ,dép rẻ săn được lúc sa le còn k nghĩ ko ra gì nhưng thật_sự mình rất hài_lòng nhé chuẩn cảm_ơn shop và các b nên mua nhé ạ,khen_dich_vu
dép rẻ săn được lúc sa le còn k nghĩ ko ra gì nhưng thật_sự mình rất hài_lòng nhé cảm_ơn shop mua đi và các b nên mua nhé ạ,dép rẻ săn được lúc sa le còn k nghĩ ko ra gì nhưng thật_sự mình rất hài_lòng nhé cảm_ơn shop mua đi và các b nên mua nhé ạ,khen_dich_vu
dép rẻ săn được lúc sa le còn k ko nhưng thật_sự mình rất hài_lòng cảm_ơn shop và b nên mua nhé ạ,dép rẻ săn được lúc sa le còn k ko nhưng thật_sự mình rất hài_lòng cảm_ơn shop và b nên mua nhé ạ,khen_dich_vu
để anh làm gì đó không phải là sao ạ nên mua em cảm_ơn chi_tiết mấy roi đó là nc ngoài_ra còn,để anh làm gì đó không phải là sao ạ nên mua em cảm_ơn chi_tiết mấy roi đó là nc ngoài_ra còn,khen_dich_vu
để anh em gì đó không phải là sao ạ làm cảm_ơn chi_tiết mấy roi đó là nc ngoài_ra còn,để anh em gì đó không phải là sao ạ làm cảm_ơn chi_tiết mấy roi đó là nc ngoài_ra còn,khen_dich_vu
để anh làm gì đó không phải là em cảm_ơn chi_tiết mấy roi là nc ngoài_ra còn,để anh làm gì đó không phải là em cảm_ơn chi_tiết mấy roi là nc ngoài_ra còn,khen_dich_vu
để ưng anh làm gì đó không phải là sao ạ em cảm_ơn chi_tiết mấy roi đó là nc ngoài_ra còn,để ưng anh làm gì đó không phải là sao ạ em cảm_ơn chi_tiết mấy roi đó là nc ngoài_ra còn,khen_dich_vu
shop nhiệt_tình chán phục_vụ,shop nhiệt_tình chán phục_vụ,khen_dich_vu
shop đúng như quảng cáo nhiệt_tình phục_vụ,shop đúng như quảng cáo nhiệt_tình phục_vụ,khen_dich_vu
chu đáo shop nhiệt_tình phục_vụ,chu đáo shop nhiệt_tình phục_vụ,khen_dich_vu
shop hợp_lý nhiệt_tình phục_vụ,shop hợp_lý nhiệt_tình phục_vụ,khen_dich_vu
shop tư_vấn nhiệt_tình dễ_thương hòa đồng nữa,shop tư_vấn nhiệt_tình dễ_thương hòa đồng nữa,khen_dich_vu
shop nhiệt_tình tư_vấn dễ_thương nữa,shop nhiệt_tình tư_vấn dễ_thương nữa,khen_dich_vu
shop tư_vấn nhiệt_tình đẹp dễ_thương nữa,shop tư_vấn nhiệt_tình đẹp dễ_thương nữa,khen_dich_vu
shop nhẹ tư_vấn nhiệt_tình dễ_thương nữa,shop nhẹ tư_vấn nhiệt_tình dễ_thương nữa,khen_dich_vu
khách_hàng hỗ_trợ ko nhiệt_tình,khách_hàng hỗ_trợ ko nhiệt_tình,khen_dich_vu
hỗ_trợ khách_hàng ko nhiệt_tình khuyến nghị,hỗ_trợ khách_hàng ko nhiệt_tình khuyến nghị,khen_dich_vu
hỗ_trợ khách_hàng ko,hỗ_trợ khách_hàng ko,khen_dich_vu
hỗ_trợ khách_hàng ko nhiệt_tình tỉ mỉ,hỗ_trợ khách_hàng ko nhiệt_tình tỉ mỉ,khen_dich_vu
chắc bền cảm_ơn shop,chắc bền cảm_ơn shop,khen_dich_vu
cảm_ơn shop hợp_lý,cảm_ơn shop hợp_lý,khen_dich_vu
tư_vấn xinh chu_đáo,tư_vấn xinh chu_đáo,khen_dich_vu
giống hình tư_vấn chu_đáo,giống hình tư_vấn chu_đáo,khen_dich_vu
dễ chịu tư_vấn chu_đáo,dễ chịu tư_vấn chu_đáo,khen_dich_vu
tư_vấn không ổn chu_đáo,tư_vấn không ổn chu_đáo,khen_dich_vu
shop muộn tư_vấn nhiệt_tình,shop muộn tư_vấn nhiệt_tình,khen_dich_vu
shop tư_vấn đúng_mô_tả nhiệt_tình,shop tư_vấn đúng_mô_tả nhiệt_tình,khen_dich_vu
siêu thích áo của shop chỉ muốn mua hết các mẫu về mặc shop thì rất thân_thiện còn gửi kèm hỗ_trợ cả tờ giấy hướng_dẫn siêu đáng yêu,siêu thích áo của shop chỉ muốn mua hết các mẫu về mặc shop thì rất thân_thiện còn gửi kèm hỗ_trợ cả tờ giấy hướng_dẫn siêu đáng yêu,khen_dich_vu
siêu thích áo của hết chỉ muốn mua shop các mẫu về mặc shop thì rất thân_thiện còn gửi kèm cả tờ giấy hướng_dẫn siêu đáng yêu,siêu thích áo của hết chỉ muốn mua shop các mẫu về mặc shop thì rất thân_thiện còn gửi kèm cả tờ giấy hướng_dẫn siêu đáng yêu,khen_dich_vu
siêu thích áo của shop chỉ muốn mua hết các đóng_gói mẫu về mặc shop thì rất thân_thiện còn gửi kèm cả tờ giấy hướng_dẫn siêu đáng yêu,siêu thích áo của shop chỉ muốn mua hết các đóng_gói mẫu về mặc shop thì rất thân_thiện còn gửi kèm cả tờ giấy hướng_dẫn siêu đáng yêu,khen_dich_vu
siêu thích áo chỉ muốn mua hết các mẫu về mặc shop thì rất thân_thiện còn gửi kèm cả tờ hướng_dẫn siêu đáng yêu,siêu thích áo chỉ muốn mua hết các mẫu về mặc shop thì rất thân_thiện còn gửi kèm cả tờ hướng_dẫn siêu đáng yêu,khen_dich_vu
cảm_ơn shop hợp lý nhìu,cảm_ơn shop hợp lý nhìu,khen_dich_vu
shop cảm_ơn nhìu,shop cảm_ơn nhìu,khen_dich_vu
cảm_ơn shop nhìu xịn,cảm_ơn shop nhìu xịn,khen_dich_vu
nhìu shop cảm_ơn,nhìu shop cảm_ơn,khen_dich_vu
ko thân_thiện ko có cảm_tình kịp thời,ko thân_thiện ko có cảm_tình kịp thời,khen_dich_vu
ko thân_thiện có ko cảm_tình,ko thân_thiện có ko cảm_tình,khen_dich_vu
ko thân_thiện ko cảm_tình có,ko thân_thiện ko cảm_tình có,khen_dich_vu
ko thân_thiện có cảm_tình,ko thân_thiện có cảm_tình,khen_dich_vu
lần sẽ sau ủng_hộ shop thân_thiện,lần sẽ sau ủng_hộ shop thân_thiện,khen_dich_vu
lần sau sẽ ủng_hộ xịn shop thân_thiện,lần sau sẽ ủng_hộ xịn shop thân_thiện,khen_dich_vu
lần sau sẽ shop ủng_hộ thân_thiện,lần sau sẽ shop ủng_hộ thân_thiện,khen_dich_vu
lần sẽ ủng_hộ shop,lần sẽ ủng_hộ shop,khen_dich_vu
nước_hoa thơm giá ko nhiều ngàn luôn cảm_ơn shop dc,nước_hoa thơm giá ko nhiều ngàn luôn cảm_ơn shop dc,khen_dich_vu
nước_hoa luôn giá ko dc ngàn thơm cảm_ơn shop nhiều,nước_hoa luôn giá ko dc ngàn thơm cảm_ơn shop nhiều,khen_dich_vu
nước_hoa thơm giá ko dc ngàn luôn cảm_ơn shop vui vẻ nhiều,nước_hoa thơm giá ko dc ngàn luôn cảm_ơn shop vui vẻ nhiều,khen_dich_vu
nước_hoa thơm giá cảm_ơn dc ngàn luôn ko shop nhiều,nước_hoa thơm giá cảm_ơn dc ngàn luôn ko shop nhiều,khen_dich_vu
hàng em đã nhận được rồi chúc shop làm_ăn phát_tài cảm_ơn shop nhé,hàng em đã nhận được rồi chúc shop làm_ăn phát_tài cảm_ơn shop nhé,khen_dich_vu
hàng em đã nhận được rồi chúc shop hợp lý làm_ăn phát_đạt phát_tài cảm_ơn shop nhé,hàng em đã nhận được rồi chúc shop hợp lý làm_ăn phát_đạt phát_tài cảm_ơn shop nhé,khen_dich_vu
hàng em đã nhận được shop chúc rồi làm_ăn phát_đạt phát_tài cảm_ơn shop nhé,hàng em đã nhận được shop chúc rồi làm_ăn phát_đạt phát_tài cảm_ơn shop nhé,khen_dich_vu
đã em hàng nhận được rồi chúc shop làm_ăn phát_đạt phát_tài cảm_ơn shop nhé,đã em hàng nhận được rồi chúc shop làm_ăn phát_đạt phát_tài cảm_ơn shop nhé,khen_dich_vu
rất cảm_ơn hài_lòng shop,rất cảm_ơn hài_lòng shop,khen_dich_vu
rất cảm_ơn shop,rất cảm_ơn shop,khen_dich_vu
rất hài_lòng cảm_ơn đúng_mô_tả shop,rất hài_lòng cảm_ơn đúng_mô_tả shop,khen_dich_vu
síp nhiệt_tình bơ chu_đáo,síp nhiệt_tình bơ chu_đáo,khen_dich_vu
síp chu_đáo nhiệt_tình bơ,síp chu_đáo nhiệt_tình bơ,khen_dich_vu
bơ síp nhiệt_tình chu_đáo,bơ síp nhiệt_tình chu_đáo,khen_dich_vu
shop cũng phục_vụ chu_đáo ạ lắm,shop cũng phục_vụ chu_đáo ạ lắm,khen_dich_vu
shop cũng ạ chu_đáo lắm phục_vụ,shop cũng ạ chu_đáo lắm phục_vụ,khen_dich_vu
shop cũng chu_đáo lắm ạ,shop cũng chu_đáo lắm ạ,khen_dich_vu
shop cũng phục_vụ chu_đáo lắm,shop cũng phục_vụ chu_đáo lắm,khen_dich_vu
tuyệt_vời cảm_ơn shop nhiều,tuyệt_vời cảm_ơn shop nhiều,khen_dich_vu
cảm_ơn shop tư vấn nhiều,cảm_ơn shop tư vấn nhiều,khen_dich_vu
cực_kì khách_hàng còn tư_vấn nhiệt_tình,cực_kì khách_hàng còn tư_vấn nhiệt_tình,khen_dich_vu
khách_hàng tư_vấn còn cực_kì nhiệt_tình,khách_hàng tư_vấn còn cực_kì nhiệt_tình,khen_dich_vu
tư_vấn khách_hàng còn nhiệt_tình,tư_vấn khách_hàng còn nhiệt_tình,khen_dich_vu
tư_vấn còn cực_kì nhiệt_tình,tư_vấn còn cực_kì nhiệt_tình,khen_dich_vu
đã chào thảo cảm_ơn bạn xin nhắn_tin,đã chào thảo cảm_ơn bạn xin nhắn_tin,khen_dich_vu
xin phải chăng chào thảo cảm_ơn bạn đã nhắn_tin,xin phải chăng chào thảo cảm_ơn bạn đã nhắn_tin,khen_dich_vu
nhắn_tin chào thảo cảm_ơn bạn đã xin,nhắn_tin chào thảo cảm_ơn bạn đã xin,khen_dich_vu
xin chào thảo bạn đã nhắn_tin,xin chào thảo bạn đã nhắn_tin,khen_dich_vu
bơ síp nhiệt_tình,bơ síp nhiệt_tình,khen_dich_vu
síp bơ nhiệt_tình ok,síp bơ nhiệt_tình ok,khen_dich_vu
xịn chúc shop buôn may bán đắt tư_vấn nhiệt_tình,xịn chúc shop buôn may bán đắt tư_vấn nhiệt_tình,khen_dich_vu
chúc nhiệt_tình buôn may bán đắt tư_vấn shop,chúc nhiệt_tình buôn may bán đắt tư_vấn shop,khen_dich_vu
shop chúc buôn may bán đắt tư_vấn nhiệt_tình,shop chúc buôn may bán đắt tư_vấn nhiệt_tình,khen_dich_vu
chúc shop buôn đúng hình may bán đắt tư_vấn nhiệt_tình,chúc shop buôn đúng hình may bán đắt tư_vấn nhiệt_tình,khen_dich_vu
trễ tư_vấn nhiệt_tình,trễ tư_vấn nhiệt_tình,khen_dich_vu
tư_vấn hàng lỗi nhiệt_tình,tư_vấn hàng lỗi nhiệt_tình,khen_dich_vu
tư_vấn đáng tiền nhiệt_tình,tư_vấn đáng tiền nhiệt_tình,khen_dich_vu
cảm_ơn tư_vấn đã shop nhiệt_tình,cảm_ơn tư_vấn đã shop nhiệt_tình,khen_dich_vu
cảm_ơn shop đã nhiệt_tình,cảm_ơn shop đã nhiệt_tình,khen_dich_vu
cảm_ơn nhiệt_tình đã tư_vấn shop,cảm_ơn nhiệt_tình đã tư_vấn shop,khen_dich_vu
cảm_ơn shop nhiều ạ chất_lượng,cảm_ơn shop nhiều ạ chất_lượng,khen_dich_vu
cảm_ơn shop nhiều ạ ok,cảm_ơn shop nhiều ạ ok,khen_dich_vu
cảm_ơn ạ nhiều shop,cảm_ơn ạ nhiều shop,khen_dich_vu
s he iu d su có_thể là một loài thực_vật có trong cúc có đi làm được không biết có đi làm được không biết d d s d d cảm_ơn em nhiều,s he iu d su có_thể là một loài thực_vật có trong cúc có đi làm được không biết có đi làm được không biết d d s d d cảm_ơn em nhiều,khen_dich_vu
s h s iu d su_su su em có_thể là một loài thực_vật có hoa trong họ cúc có đi làm được biết làm được không biết d d s d d g cảm_ơn nhiều,s h s iu d su_su su em có_thể là một loài thực_vật có hoa trong họ cúc có đi làm được biết làm được không biết d d s d d g cảm_ơn nhiều,khen_dich_vu
s h s có iu d su_su su em có_thể là một loài thực_vật có hoa trong họ cúc he đi làm được không biết có đi làm được không biết d d s d d g g cảm_ơn em nhiều,s h s có iu d su_su su em có_thể là một loài thực_vật có hoa trong họ cúc he đi làm được không biết có đi làm được không biết d d s d d g g cảm_ơn em nhiều,khen_dich_vu
s h s he iu d su_su su em không là một loài thực_vật có hoa trong họ cúc có đi làm được có_thể biết có đi làm được không biết d d s d d g g cảm_ơn em nhiều,s h s he iu d su_su su em không là một loài thực_vật có hoa trong họ cúc có đi làm được có_thể biết có đi làm được không biết d d s d d g g cảm_ơn em nhiều,khen_dich_vu
rất shop cảm_ơn nhiều về độ uy_tín ha_ha,rất shop cảm_ơn nhiều về độ uy_tín ha_ha,khen_dich_vu
cảm_ơn shop rất nhiều y hình về độ uy_tín ha_ha,cảm_ơn shop rất nhiều y hình về độ uy_tín ha_ha,khen_dich_vu
shop cảm_ơn rất nhiều về độ uy_tín ha_ha,shop cảm_ơn rất nhiều về độ uy_tín ha_ha,khen_dich_vu
cảm_ơn shop rất nhiều về nhanh_chóng độ uy_tín ha_ha,cảm_ơn shop rất nhiều về nhanh_chóng độ uy_tín ha_ha,khen_dich_vu
trễ shop phục_vụ chu_đáo nhiệt_tình,trễ shop phục_vụ chu_đáo nhiệt_tình,khen_dich_vu
phục_vụ chu_đáo,phục_vụ chu_đáo,khen_dich_vu
thích shop phục_vụ chu_đáo nhiệt_tình,thích shop phục_vụ chu_đáo nhiệt_tình,khen_dich_vu
không hài_lòng về phục_vụ và giải_đáp,không hài_lòng về phục_vụ và giải_đáp,khen_dich_vu
không phục_vụ về cách hài_lòng và giải_đáp,không phục_vụ về cách hài_lòng và giải_đáp,khen_dich_vu
êm không hài_lòng về cách phục_vụ và giải_đáp,êm không hài_lòng về cách phục_vụ và giải_đáp,khen_dich_vu
không hài_lòng về cách phục_vụ giải_đáp và,không hài_lòng về cách phục_vụ giải_đáp và,khen_dich_vu
và cũng rất chu_đáo shop nhiệt_tình,và cũng rất chu_đáo shop nhiệt_tình,khen_dich_vu
cũng rất và,cũng rất và,khen_dich_vu
shop cũng rất hôi chu_đáo và nhiệt_tình,shop cũng rất hôi chu_đáo và nhiệt_tình,khen_dich_vu
cảm_ơn shop kịp thời rất nhiều nha a,cảm_ơn shop kịp thời rất nhiều nha a,khen_dich_vu
cảm_ơn shop rất nhiều siêu nhanh nha a,cảm_ơn shop rất nhiều siêu nhanh nha a,khen_dich_vu
cảm_ơn shop rất nhiều nha,cảm_ơn shop rất nhiều nha,khen_dich_vu
cảm_ơn shop rất nhiều a,cảm_ơn shop rất nhiều a,khen_dich_vu
dép rẻ săn được lúc sa le còn k ko ra thật_sự mình rất hài_lòng nhé cảm_ơn shop và b nên mua nhé,dép rẻ săn được lúc sa le còn k ko ra thật_sự mình rất hài_lòng nhé cảm_ơn shop và b nên mua nhé,khen_dich_vu
dép rẻ săn được lúc sa le còn k nghĩ ko rất gì nhưng thật_sự mình ra hài_lòng nhé cảm_ơn shop và các b nên mua nhé ạ,dép rẻ săn được lúc sa le còn k nghĩ ko rất gì nhưng thật_sự mình ra hài_lòng nhé cảm_ơn shop và các b nên mua nhé ạ,khen_dich_vu
dép phải chăng săn được lúc sa le còn k nghĩ ko ra gì nhưng thật_sự mình rất hài_lòng nhé cảm_ơn shop và các b nên mua nhé ạ,dép phải chăng săn được lúc sa le còn k nghĩ ko ra gì nhưng thật_sự mình rất hài_lòng nhé cảm_ơn shop và các b nên mua nhé ạ,khen_dich_vu
dép hợp lý săn được lúc sa le còn k nghĩ ko ra gì nhưng thật_sự mình rất hài_lòng nhé cảm_ơn shop và các b nên mua nhé ạ,dép hợp lý săn được lúc sa le còn k nghĩ ko ra gì nhưng thật_sự mình rất hài_lòng nhé cảm_ơn shop và các b nên mua nhé ạ,khen_dich_vu
để anh làm gì không là sao ạ em cảm_ơn chi_tiết mấy roi là nc ngoài_ra còn,để anh làm gì không là sao ạ em cảm_ơn chi_tiết mấy roi là nc ngoài_ra còn,khen_dich_vu
để anh làm hỏng gì đó không phải là sao ạ em cảm_ơn chi_tiết mấy roi đó là nc ngoài_ra còn,để anh làm hỏng gì đó không phải là sao ạ em cảm_ơn chi_tiết mấy roi đó là nc ngoài_ra còn,khen_dich_vu
để anh làm là đó không phải gì sao ạ em cảm_ơn chi_tiết mấy roi đó là nc ngoài_ra còn,để anh làm là đó không phải gì sao ạ em cảm_ơn chi_tiết mấy roi đó là nc ngoài_ra còn,khen_dich_vu
để anh làm gì đó không phải là sao ạ em cảm_ơn chi_tiết mấy roi nc là đó ngoài_ra còn,để anh làm gì đó không phải là sao ạ em cảm_ơn chi_tiết mấy roi nc là đó ngoài_ra còn,khen_dich_vu
shop nhiệt_tình quá đỉnh phục_vụ,shop nhiệt_tình quá đỉnh phục_vụ,khen_dich_vu
shop phục_vụ nhiệt_tình,shop phục_vụ nhiệt_tình,khen_dich_vu
shop tư_vấn nhiệt_tình dễ_thương quá đỉnh nữa,shop tư_vấn nhiệt_tình dễ_thương quá đỉnh nữa,khen_dich_vu
shop tư_vấn chắc nhiệt_tình dễ_thương nữa,shop tư_vấn chắc nhiệt_tình dễ_thương nữa,khen_dich_vu
shop tư_vấn nữa dễ_thương nhiệt_tình,shop tư_vấn nữa dễ_thương nhiệt_tình,khen_dich_vu
xịn shop tư_vấn nhiệt_tình dễ_thương nữa,xịn shop tư_vấn nhiệt_tình dễ_thương nữa,khen_dich_vu
hỗ_trợ ko khách_hàng nhiệt_tình,hỗ_trợ ko khách_hàng nhiệt_tình,khen_dich_vu
hỗ_trợ khách_hàng ko chất_lượng nhiệt_tình,hỗ_trợ khách_hàng ko chất_lượng nhiệt_tình,khen_dich_vu
hỗ_trợ ko nhiệt_tình,hỗ_trợ ko nhiệt_tình,khen_dich_vu
khách_hàng ko nhiệt_tình,khách_hàng ko nhiệt_tình,khen_dich_vu
cảm_ơn hợp lý shop,cảm_ơn hợp lý shop,khen_dich_vu
xịn cảm_ơn shop,xịn cảm_ơn shop,khen_dich_vu
cảm_ơn shop tư vấn,cảm_ơn shop tư vấn,khen_dich_vu
cảm_ơn shop cute,cảm_ơn shop cute,khen_dich_vu
tuyệt tư_vấn chu_đáo,tuyệt tư_vấn chu_đáo,khen_dich_vu
tỉ mỉ tư_vấn chu_đáo,tỉ mỉ tư_vấn chu_đáo,khen_dich_vu
rcm tư_vấn chu_đáo,rcm tư_vấn chu_đáo,khen_dich_vu
tư_vấn thích chu_đáo,tư_vấn thích chu_đáo,khen_dich_vu
shop cẩn_thận tư_vấn nhiệt_tình,shop cẩn_thận tư_vấn nhiệt_tình,khen_dich_vu
shop tư_vấn chất nhiệt_tình,shop tư_vấn chất nhiệt_tình,khen_dich_vu
shop tư_vấn nhiệt_tình giá tốt,shop tư_vấn nhiệt_tình giá tốt,khen_dich_vu
thích của muốn mua hết các mẫu mặc shop thì còn kèm cả tờ hướng_dẫn siêu đáng yêu,thích của muốn mua hết các mẫu mặc shop thì còn kèm cả tờ hướng_dẫn siêu đáng yêu,khen_dich_vu
siêu thích áo của shop chỉ muốn hết các về mặc shop thì rất còn gửi cả tờ hướng_dẫn siêu đáng,siêu thích áo của shop chỉ muốn hết các về mặc shop thì rất còn gửi cả tờ hướng_dẫn siêu đáng,khen_dich_vu
thích áo của shop chỉ muốn hết các mẫu về mặc thì rất thân_thiện còn gửi kèm cả tờ giấy hướng_dẫn siêu đáng yêu,thích áo của shop chỉ muốn hết các mẫu về mặc thì rất thân_thiện còn gửi kèm cả tờ giấy hướng_dẫn siêu đáng yêu,khen_dich_vu
siêu thích mua của shop chỉ muốn áo hết các mẫu về mặc shop thì rất thân_thiện còn gửi kèm cả tờ giấy hướng_dẫn siêu đáng yêu,siêu thích mua của shop chỉ muốn áo hết các mẫu về mặc shop thì rất thân_thiện còn gửi kèm cả tờ giấy hướng_dẫn siêu đáng yêu,khen_dich_vu
cảm_ơn shop nhìu tốt bụng,cảm_ơn shop nhìu tốt bụng,khen_dich_vu
trễ cảm_ơn shop nhìu,trễ cảm_ơn shop nhìu,khen_dich_vu
cảm_tình thân_thiện ko có ko,cảm_tình thân_thiện ko có ko,khen_dich_vu
ko thân_thiện ko có cảm_tình kỹ,ko thân_thiện ko có cảm_tình kỹ,khen_dich_vu
ko thân_thiện ko có cảm_tình hòa đồng,ko thân_thiện ko có cảm_tình hòa đồng,khen_dich_vu
ko thân_thiện ko có hợp lý cảm_tình,ko thân_thiện ko có hợp lý cảm_tình,khen_dich_vu
mua đi lần sau sẽ ủng_hộ shop thân_thiện,mua đi lần sau sẽ ủng_hộ shop thân_thiện,khen_dich_vu
thân_thiện sau sẽ ủng_hộ shop lần,thân_thiện sau sẽ ủng_hộ shop lần,khen_dich_vu
lần sau sẽ ủng_hộ shop thân_thiện như hình,lần sau sẽ ủng_hộ shop thân_thiện như hình,khen_dich_vu
cảm ơn shop lần sau sẽ ủng_hộ shop thân_thiện,cảm ơn shop lần sau sẽ ủng_hộ shop thân_thiện,khen_dich_vu
giá ko dc ngàn luôn shop nhiều,giá ko dc ngàn luôn shop nhiều,khen_dich_vu
nước_hoa thơm giá ko dc oke ngàn luôn cảm_ơn shop nhiều,nước_hoa thơm giá ko dc oke ngàn luôn cảm_ơn shop nhiều,khen_dich_vu
nước_hoa thơm giá ko dc ngàn mùi nồng luôn cảm_ơn shop nhiều,nước_hoa thơm giá ko dc ngàn mùi nồng luôn cảm_ơn shop nhiều,khen_dich_vu
nước_hoa thơm giá oke ko dc ngàn luôn cảm_ơn shop nhiều,nước_hoa thơm giá oke ko dc ngàn luôn cảm_ơn shop nhiều,khen_dich_vu
hàng em đã nhận phát_đạt rồi chúc shop làm_ăn được phát_tài cảm_ơn shop nhé,hàng em đã nhận phát_đạt rồi chúc shop làm_ăn được phát_tài cảm_ơn shop nhé,khen_dich_vu
hàng em đã nhận được rồi chúc hợp lý shop làm_ăn phát_đạt phát_tài cảm_ơn shop nhé,hàng em đã nhận được rồi chúc hợp lý shop làm_ăn phát_đạt phát_tài cảm_ơn shop nhé,khen_dich_vu
hàng em đã nhận được rồi chúc shop làm_ăn phát_đạt phát_tài cảm_ơn chắc shop nhé,hàng em đã nhận được rồi chúc shop làm_ăn phát_đạt phát_tài cảm_ơn chắc shop nhé,khen_dich_vu
hàng em đã nhận được rồi chúc shop làm_ăn phát_đạt chuẩn mô tả phát_tài cảm_ơn shop nhé,hàng em đã nhận được rồi chúc shop làm_ăn phát_đạt chuẩn mô tả phát_tài cảm_ơn shop nhé,khen_dich_vu
cảm_ơn hài_lòng rất shop,cảm_ơn hài_lòng rất shop,khen_dich_vu
ưng rất hài_lòng cảm_ơn shop,ưng rất hài_lòng cảm_ơn shop,khen_dich_vu
síp bơ nhiệt_tình phải chăng chu_đáo,síp bơ nhiệt_tình phải chăng chu_đáo,khen_dich_vu
síp bơ xịn nhiệt_tình chu_đáo,síp bơ xịn nhiệt_tình chu_đáo,khen_dich_vu
síp oke bơ nhiệt_tình chu_đáo,síp oke bơ nhiệt_tình chu_đáo,khen_dich_vu
shop cũng ưng phục_vụ chu_đáo lắm ạ,shop cũng ưng phục_vụ chu_đáo lắm ạ,khen_dich_vu
phục_vụ cũng shop chu_đáo lắm ạ,phục_vụ cũng shop chu_đáo lắm ạ,khen_dich_vu
shop phục_vụ chu_đáo lắm ạ,shop phục_vụ chu_đáo lắm ạ,khen_dich_vu
shop cũng lắm chu_đáo phục_vụ ạ,shop cũng lắm chu_đáo phục_vụ ạ,khen_dich_vu
cảm_ơn tuyệt shop nhiều,cảm_ơn tuyệt shop nhiều,khen_dich_vu
cảm_ơn shop oke nhiều,cảm_ơn shop oke nhiều,khen_dich_vu
nhiều shop cảm_ơn,nhiều shop cảm_ơn,khen_dich_vu
tư_vấn khách_hàng còn cực_kì,tư_vấn khách_hàng còn cực_kì,khen_dich_vu
tư_vấn cực_kì nhiệt_tình,tư_vấn cực_kì nhiệt_tình,khen_dich_vu
tư_vấn khách_hàng còn cực_kì kỹ nhiệt_tình,tư_vấn khách_hàng còn cực_kì kỹ nhiệt_tình,khen_dich_vu
tư_vấn khách_hàng cực_kì còn nhiệt_tình,tư_vấn khách_hàng cực_kì còn nhiệt_tình,khen_dich_vu
xin chào nhắn_tin cảm_ơn bạn đã thảo,xin chào nhắn_tin cảm_ơn bạn đã thảo,khen_dich_vu
xin chào thảo cảm_ơn đã nhắn_tin,xin chào thảo cảm_ơn đã nhắn_tin,khen_dich_vu
xin chào thảo đã bạn cảm_ơn nhắn_tin,xin chào thảo đã bạn cảm_ơn nhắn_tin,khen_dich_vu
xin chào thảo nhắn_tin bạn đã cảm_ơn,xin chào thảo nhắn_tin bạn đã cảm_ơn,khen_dich_vu
síp bơ nhiệt_tình khuyến nghị,síp bơ nhiệt_tình khuyến nghị,khen_dich_vu
ổn síp bơ nhiệt_tình,ổn síp bơ nhiệt_tình,khen_dich_vu
síp bơ nhiệt_tình muộn,síp bơ nhiệt_tình muộn,khen_dich_vu
chúc shop buôn may bán tư_vấn nhiệt_tình,chúc shop buôn may bán tư_vấn nhiệt_tình,khen_dich_vu
chúc shop buôn may bán tư_vấn đắt nhiệt_tình,chúc shop buôn may bán tư_vấn đắt nhiệt_tình,khen_dich_vu
chúc buôn shop may bán đắt tư_vấn nhiệt_tình,chúc buôn shop may bán đắt tư_vấn nhiệt_tình,khen_dich_vu
đáng mua chúc shop buôn may bán đắt tư_vấn nhiệt_tình,đáng mua chúc shop buôn may bán đắt tư_vấn nhiệt_tình,khen_dich_vu
tư_vấn nhiệt_tình đúng như quảng cáo,tư_vấn nhiệt_tình đúng như quảng cáo,khen_dich_vu
tư_vấn tận_tình nhiệt_tình,tư_vấn tận_tình nhiệt_tình,khen_dich_vu
tư_vấn quá đỉnh nhiệt_tình,tư_vấn quá đỉnh nhiệt_tình,khen_dich_vu
cảm_ơn đã shop tư_vấn nhiệt_tình,cảm_ơn đã shop tư_vấn nhiệt_tình,khen_dich_vu
đã shop cảm_ơn tư_vấn nhiệt_tình,đã shop cảm_ơn tư_vấn nhiệt_tình,khen_dich_vu
cảm_ơn shop bền_đẹp đã tư_vấn nhiệt_tình,cảm_ơn shop bền_đẹp đã tư_vấn nhiệt_tình,khen_dich_vu
cảm_ơn shop nồng mùi đã tư_vấn nhiệt_tình,cảm_ơn shop nồng mùi đã tư_vấn nhiệt_tình,khen_dich_vu
ạ shop nhiều cảm_ơn,ạ shop nhiều cảm_ơn,khen_dich_vu
cảm_ơn shop ạ nhiều,cảm_ơn shop ạ nhiều,khen_dich_vu
cảm_ơn shop nhiều ạ giúp đỡ,cảm_ơn shop nhiều ạ giúp đỡ,khen_dich_vu
cảm_ơn nên mua shop nhiều ạ,cảm_ơn nên mua shop nhiều ạ,khen_dich_vu
s h s he iu d su_su su em có_thể là một loài thực_vật có hoa trong họ cúc có đi nhiều được không biết có đi làm được không biết d d s d d g g cảm_ơn em làm,s h s he iu d su_su su em có_thể là một loài thực_vật có hoa trong họ cúc có đi nhiều được không biết có đi làm được không biết d d s d d g g cảm_ơn em làm,khen_dich_vu
s h s he iu d su_su em có_thể là một loài thực_vật có hoa trong cúc đi làm được không biết có đi làm được biết d d s d d g g cảm_ơn em nhiều,s h s he iu d su_su em có_thể là một loài thực_vật có hoa trong cúc đi làm được không biết có đi làm được biết d d s d d g g cảm_ơn em nhiều,khen_dich_vu
s h s he iu d su_su su em có_thể là một loài có hoa trong họ cúc có đi làm được không biết có đi làm được không biết d d s d g g cảm_ơn em nhiều,s h s he iu d su_su su em có_thể là một loài có hoa trong họ cúc có đi làm được không biết có đi làm được không biết d d s d g g cảm_ơn em nhiều,khen_dich_vu
s h s he iu d su_su su em có_thể là một loài thực_vật có hoa trong họ s có đi làm được không biết có đi làm được không biết d d cúc d d g g cảm_ơn em nhiều,s h s he iu d su_su su em có_thể là một loài thực_vật có hoa trong họ s có đi làm được không biết có đi làm được không biết d d cúc d d g g cảm_ơn em nhiều,khen_dich_vu
cảm_ơn shop rất nhiều độ,cảm_ơn shop rất nhiều độ,khen_dich_vu
cảm_ơn shop rất độ về nhiều uy_tín ha_ha,cảm_ơn shop rất độ về nhiều uy_tín ha_ha,khen_dich_vu
cảm_ơn rất về độ uy_tín ha_ha,cảm_ơn rất về độ uy_tín ha_ha,khen_dich_vu
cảm_ơn shop rất về độ,cảm_ơn shop rất về độ,khen_dich_vu
shop chu_đáo nhiệt_tình,shop chu_đáo nhiệt_tình,khen_dich_vu
nhiệt_tình phục_vụ chu_đáo shop,nhiệt_tình phục_vụ chu_đáo shop,khen_dich_vu
shop nhiệt_tình chu_đáo phục_vụ,shop nhiệt_tình chu_đáo phục_vụ,khen_dich_vu
không hài_lòng về cách phục_vụ chu đáo và giải_đáp,không hài_lòng về cách phục_vụ chu đáo và giải_đáp,khen_dich_vu
không thất vọng hài_lòng về cách phục_vụ và giải_đáp,không thất vọng hài_lòng về cách phục_vụ và giải_đáp,khen_dich_vu
không và về cách phục_vụ hài_lòng giải_đáp,không và về cách phục_vụ hài_lòng giải_đáp,khen_dich_vu
cũng shop rất chu_đáo và nhiệt_tình,cũng shop rất chu_đáo và nhiệt_tình,khen_dich_vu
shop cũng rất chu_đáo và nhiệt_tình vui vẻ,shop cũng rất chu_đáo và nhiệt_tình vui vẻ,khen_dich_vu
shop chu_đáo rất cũng và nhiệt_tình,shop chu_đáo rất cũng và nhiệt_tình,khen_dich_vu
lỗi hàng shop cũng rất chu_đáo và nhiệt_tình,lỗi hàng shop cũng rất chu_đáo và nhiệt_tình,khen_dich_vu
cảm_ơn shop rất nhiều nha a đáng mua,cảm_ơn shop rất nhiều nha a đáng mua,khen_dich_vu
cảm_ơn shop siêu nhanh rất nhiều nha a,cảm_ơn shop siêu nhanh rất nhiều nha a,khen_dich_vu
shop rất nhiều nha a,shop rất nhiều nha a,khen_dich_vu
dép rẻ săn được sa le còn k nghĩ ko ra gì nhưng mình rất hài_lòng nhé cảm_ơn shop và các b nên mua nhé ạ,dép rẻ săn được sa le còn k nghĩ ko ra gì nhưng mình rất hài_lòng nhé cảm_ơn shop và các b nên mua nhé ạ,khen_dich_vu
dép đáng tiền săn được lúc sa le còn k nghĩ ko ra gì nhưng thật_sự mình rất hài_lòng nhé cảm_ơn shop và các b nên mua nhé ạ,dép đáng tiền săn được lúc sa le còn k nghĩ ko ra gì nhưng thật_sự mình rất hài_lòng nhé cảm_ơn shop và các b nên mua nhé ạ,khen_dich_vu
dép rẻ săn được lúc sa le còn nghĩ ko ra gì nhưng thật_sự mình rất hài_lòng nhé cảm_ơn shop và các b nên mua nhé ạ,dép rẻ săn được lúc sa le còn nghĩ ko ra gì nhưng thật_sự mình rất hài_lòng nhé cảm_ơn shop và các b nên mua nhé ạ,khen_dich_vu
phải anh làm gì đó không để là sao ạ em cảm_ơn chi_tiết mấy roi đó là nc ngoài_ra còn,phải anh làm gì đó không để là sao ạ em cảm_ơn chi_tiết mấy roi đó là nc ngoài_ra còn,khen_dich_vu
để anh làm gì đó không phải vui vẻ là sao ạ em cảm_ơn chi_tiết mấy roi đó là nc ngoài_ra còn,để anh làm gì đó không phải vui vẻ là sao ạ em cảm_ơn chi_tiết mấy roi đó là nc ngoài_ra còn,khen_dich_vu
để anh gì đó không phải là sao ạ em cảm_ơn chi_tiết mấy roi đó là nc ngoài_ra còn,để anh gì đó không phải là sao ạ em cảm_ơn chi_tiết mấy roi đó là nc ngoài_ra còn,khen_dich_vu
để anh làm gì đó không là sao ạ em cảm_ơn chi_tiết mấy roi đó là nc ngoài_ra còn,để anh làm gì đó không là sao ạ em cảm_ơn chi_tiết mấy roi đó là nc ngoài_ra còn,khen_dich_vu
shop chắc bền nhiệt_tình phục_vụ,shop chắc bền nhiệt_tình phục_vụ,khen_dich_vu
shop tận_tình nhiệt_tình phục_vụ,shop tận_tình nhiệt_tình phục_vụ,khen_dich_vu
shop tư_vấn nhiệt_tình nữa dễ_thương,shop tư_vấn nhiệt_tình nữa dễ_thương,khen_dich_vu
nhiệt_tình tư_vấn shop dễ_thương nữa,nhiệt_tình tư_vấn shop dễ_thương nữa,khen_dich_vu
nữa tư_vấn nhiệt_tình dễ_thương shop,nữa tư_vấn nhiệt_tình dễ_thương shop,khen_dich_vu
shop tư_vấn nhiệt_tình nữa,shop tư_vấn nhiệt_tình nữa,khen_dich_vu
hỗ_trợ khách_hàng ko chưa tới nhiệt_tình,hỗ_trợ khách_hàng ko chưa tới nhiệt_tình,khen_dich_vu
hỗ_trợ nhiệt_tình ko khách_hàng,hỗ_trợ nhiệt_tình ko khách_hàng,khen_dich_vu
cảm_ơn shop đúng hình,cảm_ơn shop đúng hình,khen_dich_vu
nên mua cảm_ơn shop,nên mua cảm_ơn shop,khen_dich_vu
cảm_ơn hôi shop,cảm_ơn hôi shop,khen_dich_vu
tư_vấn chu_đáo lẹ,tư_vấn chu_đáo lẹ,khen_dich_vu
mùi khó chịu tư_vấn chu_đáo,mùi khó chịu tư_vấn chu_đáo,khen_dich_vu
tư_vấn chu_đáo đúng_mô_tả,tư_vấn chu_đáo đúng_mô_tả,khen_dich_vu
tư_vấn cl chu_đáo,tư_vấn cl chu_đáo,khen_dich_vu
shop siêu nhanh tư_vấn nhiệt_tình,shop siêu nhanh tư_vấn nhiệt_tình,khen_dich_vu
shop tư_vấn nhiệt_tình rcm,shop tư_vấn nhiệt_tình rcm,khen_dich_vu
oke shop tư_vấn nhiệt_tình,oke shop tư_vấn nhiệt_tình,khen_dich_vu
siêu thích xịn áo của shop chỉ muốn mua hết các mẫu về mặc shop thì rất thân_thiện còn gửi kèm cả tờ giấy hướng_dẫn siêu đáng yêu,siêu thích xịn áo của shop chỉ muốn mua hết các mẫu về mặc shop thì rất thân_thiện còn gửi kèm cả tờ giấy hướng_dẫn siêu đáng yêu,khen_dich_vu
siêu thích áo của shop chỉ muốn mua hết các mẫu về mặc shop thì rất thân_thiện còn gửi kèm cả tờ giấy siêu đáng,siêu thích áo của shop chỉ muốn mua hết các mẫu về mặc shop thì rất thân_thiện còn gửi kèm cả tờ giấy siêu đáng,khen_dich_vu
siêu thích áo của shop chỉ muốn mua hết các mẫu về mặc shop thân_thiện rất thì còn gửi kèm cả tờ giấy hướng_dẫn siêu đáng yêu,siêu thích áo của shop chỉ muốn mua hết các mẫu về mặc shop thân_thiện rất thì còn gửi kèm cả tờ giấy hướng_dẫn siêu đáng yêu,khen_dich_vu
siêu thích áo của shop chỉ muốn hết các mẫu về mặc shop thì rất còn gửi kèm tờ giấy hướng_dẫn siêu đáng yêu,siêu thích áo của shop chỉ muốn hết các mẫu về mặc shop thì rất còn gửi kèm tờ giấy hướng_dẫn siêu đáng yêu,khen_dich_vu
cảm_ơn chắc shop nhìu,cảm_ơn chắc shop nhìu,khen_dich_vu
oke cảm_ơn shop nhìu,oke cảm_ơn shop nhìu,khen_dich_vu
cảm_ơn shop hòa đồng nhìu,cảm_ơn shop hòa đồng nhìu,khen_dich_vu
ko thân_thiện chuẩn mô tả ko có cảm_tình,ko thân_thiện chuẩn mô tả ko có cảm_tình,khen_dich_vu
ko thân_thiện ko có nên mua cảm_tình,ko thân_thiện ko có nên mua cảm_tình,khen_dich_vu
ko thân_thiện ko có,ko thân_thiện ko có,khen_dich_vu
ko ko có,ko ko có,khen_dich_vu
lần sau giống hình sẽ ủng_hộ shop thân_thiện,lần sau giống hình sẽ ủng_hộ shop thân_thiện,khen_dich_vu
lần sau sẽ shop,lần sau sẽ shop,khen_dich_vu
lần sau sẽ ủng_hộ lẹ shop thân_thiện,lần sau sẽ ủng_hộ lẹ shop thân_thiện,khen_dich_vu
lần sau sẽ ủng_hộ shop chuẩn thân_thiện,lần sau sẽ ủng_hộ shop chuẩn thân_thiện,khen_dich_vu
nước_hoa thơm dc ngàn luôn cảm_ơn shop,nước_hoa thơm dc ngàn luôn cảm_ơn shop,khen_dich_vu
nước_hoa thơm giá ko chất_lượng dc ngàn luôn cảm_ơn shop nhiều,nước_hoa thơm giá ko chất_lượng dc ngàn luôn cảm_ơn shop nhiều,khen_dich_vu
thơm giá ko dc ngàn luôn cảm_ơn shop nhiều,thơm giá ko dc ngàn luôn cảm_ơn shop nhiều,khen_dich_vu
hàng em đã nhận được rồi chúc shop làm_ăn phát_đạt phát_tài cảm_ơn bị lỗi shop nhé,hàng em đã nhận được rồi chúc shop làm_ăn phát_đạt phát_tài cảm_ơn bị lỗi shop nhé,khen_dich_vu
hàng em đã nhận được rồi chúc shop mùi nồng làm_ăn phát_đạt phát_tài cảm_ơn shop nhé,hàng em đã nhận được rồi chúc shop mùi nồng làm_ăn phát_đạt phát_tài cảm_ơn shop nhé,khen_dich_vu
hàng em đã nhận rồi chúc làm_ăn phát_đạt phát_tài shop nhé,hàng em đã nhận rồi chúc làm_ăn phát_đạt phát_tài shop nhé,khen_dich_vu
thank you rất hài_lòng cảm_ơn shop,thank you rất hài_lòng cảm_ơn shop,khen_dich_vu
rất hôi hài_lòng cảm_ơn shop,rất hôi hài_lòng cảm_ơn shop,khen_dich_vu
rất hài_lòng cảm_ơn recommend shop,rất hài_lòng cảm_ơn recommend shop,khen_dich_vu
síp bơ nhiệt_tình chu_đáo nhiệt_tình,síp bơ nhiệt_tình chu_đáo nhiệt_tình,khen_dich_vu
kịp thời síp bơ nhiệt_tình chu_đáo,kịp thời síp bơ nhiệt_tình chu_đáo,khen_dich_vu
chu_đáo bơ nhiệt_tình síp,chu_đáo bơ nhiệt_tình síp,khen_dich_vu
rcm shop cũng phục_vụ chu_đáo lắm ạ,rcm shop cũng phục_vụ chu_đáo lắm ạ,khen_dich_vu
shop cũng phục_vụ chu_đáo lắm ạ hỗ_trợ,shop cũng phục_vụ chu_đáo lắm ạ hỗ_trợ,khen_dich_vu
shop cũng phục_vụ chu_đáo lắm mua đi ạ,shop cũng phục_vụ chu_đáo lắm mua đi ạ,khen_dich_vu
shop cũng phục_vụ chu_đáo lắm ạ gói hàng,shop cũng phục_vụ chu_đáo lắm ạ gói hàng,khen_dich_vu
cảm_ơn chắc bền shop nhiều,cảm_ơn chắc bền shop nhiều,khen_dich_vu
cảm_ơn đúng như quảng cáo shop nhiều,cảm_ơn đúng như quảng cáo shop nhiều,khen_dich_vu
rcm tư_vấn khách_hàng còn cực_kì nhiệt_tình,rcm tư_vấn khách_hàng còn cực_kì nhiệt_tình,khen_dich_vu
tư_vấn còn khách_hàng cực_kì nhiệt_tình,tư_vấn còn khách_hàng cực_kì nhiệt_tình,khen_dich_vu
tư_vấn ok khách_hàng còn cực_kì nhiệt_tình,tư_vấn ok khách_hàng còn cực_kì nhiệt_tình,khen_dich_vu
tư_vấn cẩn_thận khách_hàng còn cực_kì nhiệt_tình,tư_vấn cẩn_thận khách_hàng còn cực_kì nhiệt_tình,khen_dich_vu
xin chào thảo cảm_ơn đã bạn nhắn_tin,xin chào thảo cảm_ơn đã bạn nhắn_tin,khen_dich_vu
xin chào thảo cảm_ơn bạn nhắn_tin,xin chào thảo cảm_ơn bạn nhắn_tin,khen_dich_vu
xin chào thảo cảm_ơn bạn chắc_chắn đã nhắn_tin,xin chào thảo cảm_ơn bạn chắc_chắn đã nhắn_tin,khen_dich_vu
xin chào thảo cảm_ơn bạn đã nhắn_tin xịn,xin chào thảo cảm_ơn bạn đã nhắn_tin xịn,khen_dich_vu
cảm_ơn síp bơ nhiệt_tình,cảm_ơn síp bơ nhiệt_tình,khen_dich_vu
buôn shop chúc may bán đắt tư_vấn nhiệt_tình,buôn shop chúc may bán đắt tư_vấn nhiệt_tình,khen_dich_vu
chúc shop buôn may bán tư_vấn,chúc shop buôn may bán tư_vấn,khen_dich_vu
chúc shop buôn may ổn bán đắt tư_vấn nhiệt_tình,chúc shop buôn may ổn bán đắt tư_vấn nhiệt_tình,khen_dich_vu
shop buôn may đắt tư_vấn nhiệt_tình,shop buôn may đắt tư_vấn nhiệt_tình,khen_dich_vu
tư_vấn nhiệt_tình mua nha,tư_vấn nhiệt_tình mua nha,khen_dich_vu
tư_vấn nhiệt_tình kịp thời,tư_vấn nhiệt_tình kịp thời,khen_dich_vu
shop cảm_ơn đã tư_vấn nhiệt_tình,shop cảm_ơn đã tư_vấn nhiệt_tình,khen_dich_vu
hỗ trợ tốt cảm_ơn shop đã tư_vấn nhiệt_tình,hỗ trợ tốt cảm_ơn shop đã tư_vấn nhiệt_tình,khen_dich_vu
nhiệt_tình shop đã tư_vấn cảm_ơn,nhiệt_tình shop đã tư_vấn cảm_ơn,khen_dich_vu
cảm_ơn shop đã tư_vấn thân_thiện nhiệt_tình,cảm_ơn shop đã tư_vấn thân_thiện nhiệt_tình,khen_dich_vu
cảm_ơn shop chuẩn mô tả nhiều ạ,cảm_ơn shop chuẩn mô tả nhiều ạ,khen_dich_vu
nhiều shop cảm_ơn ạ,nhiều shop cảm_ơn ạ,khen_dich_vu
shop cảm_ơn nhiều ạ,shop cảm_ơn nhiều ạ,khen_dich_vu
s h s he iu d su em có_thể là một loài thực_vật có hoa trong cúc có đi làm được không biết đi được không biết d d s d d g g cảm_ơn em nhiều,s h s he iu d su em có_thể là một loài thực_vật có hoa trong cúc có đi làm được không biết đi được không biết d d s d d g g cảm_ơn em nhiều,khen_dich_vu
s h s he iu d su_su su em có_thể là một loài thực_vật có hoa trong họ cúc có đi làm được không biết có đi làm được không biết d d s d d g g cảm_ơn em tận tâm nhiều,s h s he iu d su_su su em có_thể là một loài thực_vật có hoa trong họ cúc có đi làm được không biết có đi làm được không biết d d s d d g g cảm_ơn em tận tâm nhiều,khen_dich_vu
s h s he iu d su_su su em có_thể là một loài thực_vật có hoa trong họ cúc có đi làm được không biết có g làm được không biết d d s d d g đi cảm_ơn em nhiều,s h s he iu d su_su su em có_thể là một loài thực_vật có hoa trong họ cúc có đi làm được không biết có g làm được không biết d d s d d g đi cảm_ơn em nhiều,khen_dich_vu
s h s he d su_su su em có_thể là một loài thực_vật có hoa cúc có đi làm được không biết có đi được không biết d s g g cảm_ơn em nhiều,s h s he d su_su su em có_thể là một loài thực_vật có hoa cúc có đi làm được không biết có đi được không biết d s g g cảm_ơn em nhiều,khen_dich_vu
cảm_ơn nhiều về độ uy_tín,cảm_ơn nhiều về độ uy_tín,khen_dich_vu
cảm_ơn shop rất nhiều về uy_tín độ ha_ha,cảm_ơn shop rất nhiều về uy_tín độ ha_ha,khen_dich_vu
shop rất nhiều về độ ha_ha,shop rất nhiều về độ ha_ha,khen_dich_vu
cảm_ơn shop rất về độ ha_ha,cảm_ơn shop rất về độ ha_ha,khen_dich_vu
shop giới thiệu phục_vụ chu_đáo nhiệt_tình,shop giới thiệu phục_vụ chu_đáo nhiệt_tình,khen_dich_vu
shop phục_vụ thất vọng chu_đáo nhiệt_tình,shop phục_vụ thất vọng chu_đáo nhiệt_tình,khen_dich_vu
shop xịn phục_vụ chu_đáo nhiệt_tình,shop xịn phục_vụ chu_đáo nhiệt_tình,khen_dich_vu
shop phục_vụ chu_đáo nhiệt_tình nên mua,shop phục_vụ chu_đáo nhiệt_tình nên mua,khen_dich_vu
không mua nha hài_lòng về cách phục_vụ và giải_đáp,không mua nha hài_lòng về cách phục_vụ và giải_đáp,khen_dich_vu
không về hài_lòng cách phục_vụ và giải_đáp,không về hài_lòng cách phục_vụ và giải_đáp,khen_dich_vu
không hài_lòng cách phục_vụ và giải_đáp,không hài_lòng cách phục_vụ và giải_đáp,khen_dich_vu
shop cũng rất chu_đáo và nhiệt_tình tận tâm,shop cũng rất chu_đáo và nhiệt_tình tận tâm,khen_dich_vu
shop cũng chu_đáo rất và nhiệt_tình,shop cũng chu_đáo rất và nhiệt_tình,khen_dich_vu
shop rất chu_đáo và,shop rất chu_đáo và,khen_dich_vu
cảm_ơn rất shop nhiều nha a,cảm_ơn rất shop nhiều nha a,khen_dich_vu
cảm_ơn nha rất nhiều shop a,cảm_ơn nha rất nhiều shop a,khen_dich_vu
dép rẻ săn được lúc sa le còn k nghĩ ko ra gì nhưng thật_sự êm mình rất hài_lòng nhé cảm_ơn shop và các b nên mua nhé ạ,dép rẻ săn được lúc sa le còn k nghĩ ko ra gì nhưng thật_sự êm mình rất hài_lòng nhé cảm_ơn shop và các b nên mua nhé ạ,khen_dich_vu
dép rẻ săn được lúc sa le còn k nghĩ ko ra gì nhưng thật_sự mình rất hài_lòng nhé cảm_ơn shop và đáng tiền các b nên mua nhé ạ,dép rẻ săn được lúc sa le còn k nghĩ ko ra gì nhưng thật_sự mình rất hài_lòng nhé cảm_ơn shop và đáng tiền các b nên mua nhé ạ,khen_dich_vu
dép hợp_lý săn được lúc sa le còn k nghĩ ko ra gì nhưng thật_sự mình rất hài_lòng nhé cảm_ơn shop và các b nên mua nhé ạ,dép hợp_lý săn được lúc sa le còn k nghĩ ko ra gì nhưng thật_sự mình rất hài_lòng nhé cảm_ơn shop và các b nên mua nhé ạ,khen_dich_vu
dép rẻ săn xịn được lúc sa le còn k nghĩ ko ra gì nhưng thật_sự mình rất hài_lòng nhé cảm_ơn shop và các b nên mua nhé ạ,dép rẻ săn xịn được lúc sa le còn k nghĩ ko ra gì nhưng thật_sự mình rất hài_lòng nhé cảm_ơn shop và các b nên mua nhé ạ,khen_dich_vu
để anh làm gì đó phải là sao ạ em cảm_ơn đó là nc ngoài_ra còn,để anh làm gì đó phải là sao ạ em cảm_ơn đó là nc ngoài_ra còn,khen_dich_vu
để anh làm gì đó không sao là phải ạ em cảm_ơn chi_tiết mấy roi đó là nc ngoài_ra còn,để anh làm gì đó không sao là phải ạ em cảm_ơn chi_tiết mấy roi đó là nc ngoài_ra còn,khen_dich_vu
để anh làm gì đó không phải là sao ạ em cảm_ơn chi_tiết mấy roi đó là nc ngoài_ra hợp_lý còn,để anh làm gì đó không phải là sao ạ em cảm_ơn chi_tiết mấy roi đó là nc ngoài_ra hợp_lý còn,khen_dich_vu
để anh làm gì đó không ạ cảm_ơn chi_tiết mấy roi đó nc,để anh làm gì đó không ạ cảm_ơn chi_tiết mấy roi đó nc,khen_dich_vu
phải chăng shop nhiệt_tình phục_vụ,phải chăng shop nhiệt_tình phục_vụ,khen_dich_vu
shop nữa nhiệt_tình dễ_thương tư_vấn,shop nữa nhiệt_tình dễ_thương tư_vấn,khen_dich_vu
tư_vấn nhiệt_tình dễ_thương nữa,tư_vấn nhiệt_tình dễ_thương nữa,khen_dich_vu
hỗ_trợ khách_hàng ko khuyến nghị nhiệt_tình,hỗ_trợ khách_hàng ko khuyến nghị nhiệt_tình,khen_dich_vu
hỗ_trợ khách_hàng ko nhiệt_tình chuẩn hình,hỗ_trợ khách_hàng ko nhiệt_tình chuẩn hình,khen_dich_vu
hỗ_trợ khách_hàng ko nhiệt_tình xuất sắc,hỗ_trợ khách_hàng ko nhiệt_tình xuất sắc,khen_dich_vu
ko khách_hàng hỗ_trợ nhiệt_tình,ko khách_hàng hỗ_trợ nhiệt_tình,khen_dich_vu
cảm_ơn shop cảm_ơn,cảm_ơn shop cảm_ơn,khen_dich_vu
thank you cảm_ơn shop,thank you cảm_ơn shop,khen_dich_vu
cảm_ơn tỉ mỉ shop,cảm_ơn tỉ mỉ shop,khen_dich_vu
chắc cảm_ơn shop,chắc cảm_ơn shop,khen_dich_vu
chất tư_vấn chu_đáo,chất tư_vấn chu_đáo,khen_dich_vu
tư_vấn chu_đáo thất vọng,tư_vấn chu_đáo thất vọng,khen_dich_vu
shop tư_vấn nhiệt_tình chu đáo,shop tư_vấn nhiệt_tình chu đáo,khen_dich_vu
shop tư_vấn mua nha nhiệt_tình,shop tư_vấn mua nha nhiệt_tình,khen_dich_vu
của shop chỉ muốn mua hết mẫu mặc shop thì rất thân_thiện còn gửi kèm cả tờ giấy hướng_dẫn siêu đáng yêu,của shop chỉ muốn mua hết mẫu mặc shop thì rất thân_thiện còn gửi kèm cả tờ giấy hướng_dẫn siêu đáng yêu,khen_dich_vu
siêu thích áo của shop chỉ muốn về hết các mẫu mua mặc shop thì rất thân_thiện còn gửi kèm cả tờ giấy hướng_dẫn siêu đáng yêu,siêu thích áo của shop chỉ muốn về hết các mẫu mua mặc shop thì rất thân_thiện còn gửi kèm cả tờ giấy hướng_dẫn siêu đáng yêu,khen_dich_vu
siêu thích áo của shop chỉ muốn mua hết bị lỗi các mẫu về mặc shop thì rất thân_thiện còn gửi kèm cả tờ giấy hướng_dẫn siêu đáng yêu,siêu thích áo của shop chỉ muốn mua hết bị lỗi các mẫu về mặc shop thì rất thân_thiện còn gửi kèm cả tờ giấy hướng_dẫn siêu đáng yêu,khen_dich_vu
siêu thích áo của shop chỉ muốn mua hết các mẫu ngon về mặc shop thì rất thân_thiện còn gửi kèm cả tờ giấy hướng_dẫn siêu đáng yêu,siêu thích áo của shop chỉ muốn mua hết các mẫu ngon về mặc shop thì rất thân_thiện còn gửi kèm cả tờ giấy hướng_dẫn siêu đáng yêu,khen_dich_vu
cảm_ơn đẹp shop nhìu,cảm_ơn đẹp shop nhìu,khen_dich_vu
cảm_ơn shop đẹp nhìu,cảm_ơn shop đẹp nhìu,khen_dich_vu
ko ko thân_thiện có cảm_tình,ko ko thân_thiện có cảm_tình,khen_dich_vu
ko thân_thiện ko có tuyệt_vời cảm_tình,ko thân_thiện ko có tuyệt_vời cảm_tình,khen_dich_vu
ko thân_thiện cảm_tình có ko,ko thân_thiện cảm_tình có ko,khen_dich_vu
lần sau sẽ thân_thiện shop ủng_hộ,lần sau sẽ thân_thiện shop ủng_hộ,khen_dich_vu
lần sau sẽ ủng_hộ thân_thiện shop,lần sau sẽ ủng_hộ thân_thiện shop,khen_dich_vu
sẽ sau lần ủng_hộ shop thân_thiện,sẽ sau lần ủng_hộ shop thân_thiện,khen_dich_vu
nước_hoa thơm giá ko dc nhiệt_tình ngàn luôn cảm_ơn shop nhiều,nước_hoa thơm giá ko dc nhiệt_tình ngàn luôn cảm_ơn shop nhiều,khen_dich_vu
nước_hoa thơm giá ko dc ưng ngàn luôn cảm_ơn shop nhiều,nước_hoa thơm giá ko dc ưng ngàn luôn cảm_ơn shop nhiều,khen_dich_vu
nước_hoa thơm giá chất_lượng ko dc ngàn luôn cảm_ơn shop nhiều,nước_hoa thơm giá chất_lượng ko dc ngàn luôn cảm_ơn shop nhiều,khen_dich_vu
giá thơm nước_hoa ko dc ngàn luôn cảm_ơn shop nhiều,giá thơm nước_hoa ko dc ngàn luôn cảm_ơn shop nhiều,khen_dich_vu
hàng em đã nhận được chúc phát_đạt phát_tài cảm_ơn shop,hàng em đã nhận được chúc phát_đạt phát_tài cảm_ơn shop,khen_dich_vu
hàng em đã nhận nên mua được rồi chúc shop làm_ăn phát_đạt phát_tài cảm_ơn shop nhé,hàng em đã nhận nên mua được rồi chúc shop làm_ăn phát_đạt phát_tài cảm_ơn shop nhé,khen_dich_vu
hàng em đã nhận được rồi shop phát_đạt phát_tài cảm_ơn shop nhé,hàng em đã nhận được rồi shop phát_đạt phát_tài cảm_ơn shop nhé,khen_dich_vu
hàng em chuẩn đã nhận được rồi chúc shop làm_ăn phát_đạt phát_tài cảm_ơn shop nhé,hàng em chuẩn đã nhận được rồi chúc shop làm_ăn phát_đạt phát_tài cảm_ơn shop nhé,khen_dich_vu
tốt bụng rất hài_lòng cảm_ơn shop,tốt bụng rất hài_lòng cảm_ơn shop,khen_dich_vu
rất hài_lòng cảm_ơn gói hàng shop,rất hài_lòng cảm_ơn gói hàng shop,khen_dich_vu
rất cảm ơn shop hài_lòng cảm_ơn shop,rất cảm ơn shop hài_lòng cảm_ơn shop,khen_dich_vu
hài_lòng cảm_ơn,hài_lòng cảm_ơn,khen_dich_vu
síp bơ nhiệt_tình chu_đáo mùi nồng,síp bơ nhiệt_tình chu_đáo mùi nồng,khen_dich_vu
nhiệt_tình bơ síp chu_đáo,nhiệt_tình bơ síp chu_đáo,khen_dich_vu
cũng phục_vụ chu_đáo lắm ạ,cũng phục_vụ chu_đáo lắm ạ,khen_dich_vu
chu_đáo cũng phục_vụ shop lắm ạ,chu_đáo cũng phục_vụ shop lắm ạ,khen_dich_vu
shop cũng phục_vụ chu_đáo lắm hợp lý ạ,shop cũng phục_vụ chu_đáo lắm hợp lý ạ,khen_dich_vu
cảm_ơn shop nhiều oke,cảm_ơn shop nhiều oke,khen_dich_vu
cảm_ơn shop đúng hẹn nhiều,cảm_ơn shop đúng hẹn nhiều,khen_dich_vu
tư_vấn còn nhiệt_tình,tư_vấn còn nhiệt_tình,khen_dich_vu
còn cực_kì nhiệt_tình,còn cực_kì nhiệt_tình,khen_dich_vu
bạn chào thảo cảm_ơn xin đã nhắn_tin,bạn chào thảo cảm_ơn xin đã nhắn_tin,khen_dich_vu
chuẩn xin chào thảo cảm_ơn bạn đã nhắn_tin,chuẩn xin chào thảo cảm_ơn bạn đã nhắn_tin,khen_dich_vu
xin chào thảo cảm_ơn bạn nhắn_tin đã,xin chào thảo cảm_ơn bạn nhắn_tin đã,khen_dich_vu
chào thảo cảm_ơn bạn đã,chào thảo cảm_ơn bạn đã,khen_dich_vu
síp bơ nhiệt_tình hàng lỗi,síp bơ nhiệt_tình hàng lỗi,khen_dich_vu
tuyệt vời síp bơ nhiệt_tình,tuyệt vời síp bơ nhiệt_tình,khen_dich_vu
chúc shop buôn may đắt bán tư_vấn nhiệt_tình,chúc shop buôn may đắt bán tư_vấn nhiệt_tình,khen_dich_vu
chúc shop buôn may đắt tư_vấn,chúc shop buôn may đắt tư_vấn,khen_dich_vu
ngon chúc shop buôn may bán đắt tư_vấn nhiệt_tình,ngon chúc shop buôn may bán đắt tư_vấn nhiệt_tình,khen_dich_vu
chúc đắt buôn may bán shop tư_vấn nhiệt_tình,chúc đắt buôn may bán shop tư_vấn nhiệt_tình,khen_dich_vu
hỗ_trợ tư_vấn nhiệt_tình,hỗ_trợ tư_vấn nhiệt_tình,khen_dich_vu
chất tư_vấn nhiệt_tình,chất tư_vấn nhiệt_tình,khen_dich_vu
hợp lý tư_vấn nhiệt_tình,hợp lý tư_vấn nhiệt_tình,khen_dich_vu
shop đã tư_vấn nhiệt_tình,shop đã tư_vấn nhiệt_tình,khen_dich_vu
cảm_ơn shop đã cảm ơn shop tư_vấn nhiệt_tình,cảm_ơn shop đã cảm ơn shop tư_vấn nhiệt_tình,khen_dich_vu
cảm_ơn nhiều shop ạ,cảm_ơn nhiều shop ạ,khen_dich_vu
cảm_ơn shop oke nhiều ạ,cảm_ơn shop oke nhiều ạ,khen_dich_vu
s kịp thời h s he iu d su_su su em có_thể là một loài thực_vật có hoa trong họ cúc có đi làm được không biết có đi làm được không biết d d s d d g g cảm_ơn em nhiều,s kịp thời h s he iu d su_su su em có_thể là một loài thực_vật có hoa trong họ cúc có đi làm được không biết có đi làm được không biết d d s d d g g cảm_ơn em nhiều,khen_dich_vu
s h s he iu d su_su su em có_thể là một loài thực_vật có hoa trong họ cúc có đi làm được không biết có đi làm được không biết d d s d d g g cảm_ơn y hình em nhiều,s h s he iu d su_su su em có_thể là một loài thực_vật có hoa trong họ cúc có đi làm được không biết có đi làm được không biết d d s d d g g cảm_ơn y hình em nhiều,khen_dich_vu
s h s he iu d su_su su em có_thể là một loài thực_vật có hoa trong họ cúc có đi làm được không bền_đẹp biết có đi làm được không biết d d s d d g g cảm_ơn em nhiều,s h s he iu d su_su su em có_thể là một loài thực_vật có hoa trong họ cúc có đi làm được không bền_đẹp biết có đi làm được không biết d d s d d g g cảm_ơn em nhiều,khen_dich_vu
s h s he iu d su_su su em có_thể là một loài có trong họ có đi làm được biết đi làm được biết d d s d g g cảm_ơn em nhiều,s h s he iu d su_su su em có_thể là một loài có trong họ có đi làm được biết đi làm được biết d d s d g g cảm_ơn em nhiều,khen_dich_vu
cảm_ơn shop rất nhiều về độ uy_tín vui vẻ ha_ha,cảm_ơn shop rất nhiều về độ uy_tín vui vẻ ha_ha,khen_dich_vu
độ shop rất nhiều về cảm_ơn uy_tín ha_ha,độ shop rất nhiều về cảm_ơn uy_tín ha_ha,khen_dich_vu
cảm_ơn shop về uy_tín ha_ha,cảm_ơn shop về uy_tín ha_ha,khen_dich_vu
cảm_ơn shop độ nhiều về rất uy_tín ha_ha,cảm_ơn shop độ nhiều về rất uy_tín ha_ha,khen_dich_vu
shop nhiệt_tình phục_vụ chu_đáo nhiệt_tình,shop nhiệt_tình phục_vụ chu_đáo nhiệt_tình,khen_dich_vu
shop phục_vụ nhiệt_tình chu_đáo nhiệt_tình,shop phục_vụ nhiệt_tình chu_đáo nhiệt_tình,khen_dich_vu
shop phục_vụ ngon chu_đáo nhiệt_tình,shop phục_vụ ngon chu_đáo nhiệt_tình,khen_dich_vu
không hài_lòng về cách phục_vụ và,không hài_lòng về cách phục_vụ và,khen_dich_vu
không về cách phục_vụ và giải_đáp,không về cách phục_vụ và giải_đáp,khen_dich_vu
không hài_lòng kém về cách phục_vụ và giải_đáp,không hài_lòng kém về cách phục_vụ và giải_đáp,khen_dich_vu
shop và rất chu_đáo cũng nhiệt_tình,shop và rất chu_đáo cũng nhiệt_tình,khen_dich_vu
shop cũng chu_đáo và,shop cũng chu_đáo và,khen_dich_vu
shop cũng rất chu_đáo và,shop cũng rất chu_đáo và,khen_dich_vu
shop oke cũng rất chu_đáo và nhiệt_tình,shop oke cũng rất chu_đáo và nhiệt_tình,khen_dich_vu
cảm_ơn a rất nhiều nha shop,cảm_ơn a rất nhiều nha shop,khen_dich_vu
cảm_ơn shop rất nha a,cảm_ơn shop rất nha a,khen_dich_vu
cảm_ơn shop rất a nha nhiều,cảm_ơn shop rất a nha nhiều,khen_dich_vu
dép rẻ săn lúc sa le còn k nghĩ ra gì nhưng thật_sự mình rất nhé shop và các b mua nhé ạ,dép rẻ săn lúc sa le còn k nghĩ ra gì nhưng thật_sự mình rất nhé shop và các b mua nhé ạ,khen_dich_vu
dép hài_lòng săn được lúc sa le còn k nghĩ ko ra gì nhưng thật_sự mình rất rẻ nhé cảm_ơn shop và các b nên mua nhé ạ,dép hài_lòng săn được lúc sa le còn k nghĩ ko ra gì nhưng thật_sự mình rất rẻ nhé cảm_ơn shop và các b nên mua nhé ạ,khen_dich_vu
dép giá tốt săn được lúc sa le còn k nghĩ ko ra gì nhưng thật_sự mình rất hài_lòng nhé cảm_ơn shop và các b nên mua nhé ạ,dép giá tốt săn được lúc sa le còn k nghĩ ko ra gì nhưng thật_sự mình rất hài_lòng nhé cảm_ơn shop và các b nên mua nhé ạ,khen_dich_vu
dép ra săn được lúc sa le còn k nghĩ ko rẻ gì nhưng thật_sự mình rất hài_lòng nhé cảm_ơn shop và các b nên mua nhé ạ,dép ra săn được lúc sa le còn k nghĩ ko rẻ gì nhưng thật_sự mình rất hài_lòng nhé cảm_ơn shop và các b nên mua nhé ạ,khen_dich_vu
để anh làm gì đó không là ạ em chi_tiết mấy roi đó là nc ngoài_ra còn,để anh làm gì đó không là ạ em chi_tiết mấy roi đó là nc ngoài_ra còn,khen_dich_vu
để anh làm gì đó không phải là sao ạ em cảm_ơn còn mấy roi đó là nc ngoài_ra chi_tiết,để anh làm gì đó không phải là sao ạ em cảm_ơn còn mấy roi đó là nc ngoài_ra chi_tiết,khen_dich_vu
không anh làm gì đó để phải là sao ạ em cảm_ơn chi_tiết mấy roi đó là nc ngoài_ra còn,không anh làm gì đó để phải là sao ạ em cảm_ơn chi_tiết mấy roi đó là nc ngoài_ra còn,khen_dich_vu
shop nhiệt_tình phục_vụ bao bì,shop nhiệt_tình phục_vụ bao bì,khen_dich_vu
ok shop nhiệt_tình phục_vụ,ok shop nhiệt_tình phục_vụ,khen_dich_vu
shop nhiệt_tình dễ_thương nữa,shop nhiệt_tình dễ_thương nữa,khen_dich_vu
shop tư_vấn nhiệt_tình dễ_thương oke nữa,shop tư_vấn nhiệt_tình dễ_thương oke nữa,khen_dich_vu
shop dễ_thương nhiệt_tình tư_vấn nữa,shop dễ_thương nhiệt_tình tư_vấn nữa,khen_dich_vu
hỗ_trợ ổn khách_hàng ko nhiệt_tình,hỗ_trợ ổn khách_hàng ko nhiệt_tình,khen_dich_vu
hỗ_trợ khách_hàng,hỗ_trợ khách_hàng,khen_dich_vu
cảm_ơn ok shop,cảm_ơn ok shop,khen_dich_vu
cảm_ơn shop nhanh_chóng,cảm_ơn shop nhanh_chóng,khen_dich_vu
tuyệt vời tư_vấn chu_đáo,tuyệt vời tư_vấn chu_đáo,khen_dich_vu
tư_vấn chu_đáo chuẩn,tư_vấn chu_đáo chuẩn,khen_dich_vu
tư_vấn chu_đáo chưa tới,tư_vấn chu_đáo chưa tới,khen_dich_vu
tư_vấn bền_đẹp chu_đáo,tư_vấn bền_đẹp chu_đáo,khen_dich_vu
shop tư_vấn nhiệt_tình bền_đẹp,shop tư_vấn nhiệt_tình bền_đẹp,khen_dich_vu
shop chắc tư_vấn nhiệt_tình,shop chắc tư_vấn nhiệt_tình,khen_dich_vu
siêu thích áo của shop muốn hết mẫu về mặc shop thì rất thân_thiện còn gửi kèm giấy hướng_dẫn siêu đáng,siêu thích áo của shop muốn hết mẫu về mặc shop thì rất thân_thiện còn gửi kèm giấy hướng_dẫn siêu đáng,khen_dich_vu
siêu lỗi hàng thích áo của shop chỉ muốn mua hết các mẫu về mặc shop thì rất thân_thiện còn gửi kèm cả tờ giấy hướng_dẫn siêu đáng yêu,siêu lỗi hàng thích áo của shop chỉ muốn mua hết các mẫu về mặc shop thì rất thân_thiện còn gửi kèm cả tờ giấy hướng_dẫn siêu đáng yêu,khen_dich_vu
siêu thích áo chỉ muốn mua các mẫu về mặc shop thì thân_thiện còn gửi kèm cả tờ giấy hướng_dẫn siêu đáng yêu,siêu thích áo chỉ muốn mua các mẫu về mặc shop thì thân_thiện còn gửi kèm cả tờ giấy hướng_dẫn siêu đáng yêu,khen_dich_vu
siêu thích đẹp áo của shop chỉ muốn mua hết các mẫu về mặc shop thì rất thân_thiện còn gửi kèm cả tờ giấy hướng_dẫn siêu đáng yêu,siêu thích đẹp áo của shop chỉ muốn mua hết các mẫu về mặc shop thì rất thân_thiện còn gửi kèm cả tờ giấy hướng_dẫn siêu đáng yêu,khen_dich_vu
cảm_ơn shop hỗ_trợ nhìu,cảm_ơn shop hỗ_trợ nhìu,khen_dich_vu
cảm_ơn mùi nồng shop nhìu,cảm_ơn mùi nồng shop nhìu,khen_dich_vu
cảm_ơn shop nhìu nhẹ,cảm_ơn shop nhìu nhẹ,khen_dich_vu
ko giới thiệu thân_thiện ko có cảm_tình,ko giới thiệu thân_thiện ko có cảm_tình,khen_dich_vu
lần nên mua sau sẽ ủng_hộ shop thân_thiện,lần nên mua sau sẽ ủng_hộ shop thân_thiện,khen_dich_vu
lần sau sẽ ủng_hộ shop thân_thiện gói hàng,lần sau sẽ ủng_hộ shop thân_thiện gói hàng,khen_dich_vu
lần sau sẽ ủng_hộ shop,lần sau sẽ ủng_hộ shop,khen_dich_vu
nước_hoa thơm giá ko dc ngàn shop cảm_ơn luôn nhiều,nước_hoa thơm giá ko dc ngàn shop cảm_ơn luôn nhiều,khen_dich_vu
nước_hoa thơm siêu nhanh giá ko dc ngàn luôn cảm_ơn shop nhiều,nước_hoa thơm siêu nhanh giá ko dc ngàn luôn cảm_ơn shop nhiều,khen_dich_vu
tư vấn nước_hoa thơm giá ko dc ngàn luôn cảm_ơn shop nhiều,tư vấn nước_hoa thơm giá ko dc ngàn luôn cảm_ơn shop nhiều,khen_dich_vu
hàng em đã nhận được rồi chúc cảm_ơn làm_ăn phát_đạt phát_tài shop shop nhé,hàng em đã nhận được rồi chúc cảm_ơn làm_ăn phát_đạt phát_tài shop shop nhé,khen_dich_vu
hàng em giá tốt đã nhận được rồi chúc shop làm_ăn phát_đạt phát_tài cảm_ơn shop nhé,hàng em giá tốt đã nhận được rồi chúc shop làm_ăn phát_đạt phát_tài cảm_ơn shop nhé,khen_dich_vu
đúng_mô_tả hàng em đã nhận được rồi chúc shop làm_ăn phát_đạt phát_tài cảm_ơn shop nhé,đúng_mô_tả hàng em đã nhận được rồi chúc shop làm_ăn phát_đạt phát_tài cảm_ơn shop nhé,khen_dich_vu
hàng em đã nhận rồi chúc shop làm_ăn cảm_ơn shop,hàng em đã nhận rồi chúc shop làm_ăn cảm_ơn shop,khen_dich_vu
phải chăng rất hài_lòng cảm_ơn shop,phải chăng rất hài_lòng cảm_ơn shop,khen_dich_vu
oke rất hài_lòng cảm_ơn shop,oke rất hài_lòng cảm_ơn shop,khen_dich_vu
shop hài_lòng cảm_ơn rất,shop hài_lòng cảm_ơn rất,khen_dich_vu
síp bơ nhiệt_tình chu_đáo oke,síp bơ nhiệt_tình chu_đáo oke,khen_dich_vu
síp bơ giá tốt nhiệt_tình chu_đáo,síp bơ giá tốt nhiệt_tình chu_đáo,khen_dich_vu
shop phục_vụ cũng chu_đáo lắm ạ,shop phục_vụ cũng chu_đáo lắm ạ,khen_dich_vu
shop cũng phục_vụ chu_đáo lắm recommend ạ,shop cũng phục_vụ chu_đáo lắm recommend ạ,khen_dich_vu
shop cũng thích phục_vụ chu_đáo lắm ạ,shop cũng thích phục_vụ chu_đáo lắm ạ,khen_dich_vu
shop cũng phục_vụ lắm ạ,shop cũng phục_vụ lắm ạ,khen_dich_vu
cảm_ơn giá ổn shop nhiều,cảm_ơn giá ổn shop nhiều,khen_dich_vu
chuẩn cảm_ơn shop nhiều,chuẩn cảm_ơn shop nhiều,khen_dich_vu
tư_vấn hợp lý khách_hàng còn cực_kì nhiệt_tình,tư_vấn hợp lý khách_hàng còn cực_kì nhiệt_tình,khen_dich_vu
vừa ý tư_vấn khách_hàng còn cực_kì nhiệt_tình,vừa ý tư_vấn khách_hàng còn cực_kì nhiệt_tình,khen_dich_vu
tư_vấn khách_hàng còn cực_kì nhiệt_tình rcm,tư_vấn khách_hàng còn cực_kì nhiệt_tình rcm,khen_dich_vu
xin chào thảo cảm_ơn bạn đã ổn nhắn_tin,xin chào thảo cảm_ơn bạn đã ổn nhắn_tin,khen_dich_vu
cảm_ơn chào thảo xin bạn đã nhắn_tin,cảm_ơn chào thảo xin bạn đã nhắn_tin,khen_dich_vu
hợp lý síp bơ nhiệt_tình,hợp lý síp bơ nhiệt_tình,khen_dich_vu
síp bơ nhiệt_tình kỹ,síp bơ nhiệt_tình kỹ,khen_dich_vu
chúc may buôn shop bán đắt tư_vấn nhiệt_tình,chúc may buôn shop bán đắt tư_vấn nhiệt_tình,khen_dich_vu
chúc shop buôn bán may đắt tư_vấn nhiệt_tình,chúc shop buôn bán may đắt tư_vấn nhiệt_tình,khen_dich_vu
shop bán đắt tư_vấn nhiệt_tình,shop bán đắt tư_vấn nhiệt_tình,khen_dich_vu
tư_vấn shop buôn may bán đắt chúc nhiệt_tình,tư_vấn shop buôn may bán đắt chúc nhiệt_tình,khen_dich_vu
tư_vấn mua nha nhiệt_tình,tư_vấn mua nha nhiệt_tình,khen_dich_vu
tư_vấn nhiệt_tình nên mua,tư_vấn nhiệt_tình nên mua,khen_dich_vu
tư_vấn nhiệt_tình recommend,tư_vấn nhiệt_tình recommend,khen_dich_vu
rcm tư_vấn nhiệt_tình,rcm tư_vấn nhiệt_tình,khen_dich_vu
cảm_ơn shop hỗ_trợ đã tư_vấn nhiệt_tình,cảm_ơn shop hỗ_trợ đã tư_vấn nhiệt_tình,khen_dich_vu
shop đã nhiệt_tình,shop đã nhiệt_tình,khen_dich_vu
dễ thương cảm_ơn shop đã tư_vấn nhiệt_tình,dễ thương cảm_ơn shop đã tư_vấn nhiệt_tình,khen_dich_vu
êm cảm_ơn shop nhiều ạ,êm cảm_ơn shop nhiều ạ,khen_dich_vu
cảm_ơn shop nhiều tuyệt ạ,cảm_ơn shop nhiều tuyệt ạ,khen_dich_vu
s h s một iu d su_su su em có_thể là he loài thực_vật có hoa trong họ cúc có đi làm được không biết có đi làm được không biết d d s d d g g cảm_ơn em nhiều,s h s một iu d su_su su em có_thể là he loài thực_vật có hoa trong họ cúc có đi làm được không biết có đi làm được không biết d d s d d g g cảm_ơn em nhiều,khen_dich_vu
s h s he iu d su_su d em có_thể là một loài thực_vật có hoa trong họ cúc có đi làm được không biết có đi làm được không biết d d s su d g g cảm_ơn em nhiều,s h s he iu d su_su d em có_thể là một loài thực_vật có hoa trong họ cúc có đi làm được không biết có đi làm được không biết d d s su d g g cảm_ơn em nhiều,khen_dich_vu
s h s he iu d su_su su em có_thể là một loài thực_vật có hoa trong họ cúc có đi làm được không biết có đi làm được không biết d d s d d g g cảm_ơn lẹ em nhiều,s h s he iu d su_su su em có_thể là một loài thực_vật có hoa trong họ cúc có đi làm được không biết có đi làm được không biết d d s d d g g cảm_ơn lẹ em nhiều,khen_dich_vu
s h s he iu d su_su su em mềm_mại có_thể là một loài thực_vật có hoa trong họ cúc có đi làm được không biết có đi làm được không biết d d s d d g g cảm_ơn em nhiều,s h s he iu d su_su su em mềm_mại có_thể là một loài thực_vật có hoa trong họ cúc có đi làm được không biết có đi làm được không biết d d s d d g g cảm_ơn em nhiều,khen_dich_vu
cảm_ơn shop rất nhiều về uy_tín ha_ha,cảm_ơn shop rất nhiều về uy_tín ha_ha,khen_dich_vu
cảm_ơn nhiều về độ uy_tín ha_ha,cảm_ơn nhiều về độ uy_tín ha_ha,khen_dich_vu
cảm_ơn shop rất ha_ha về độ uy_tín nhiều,cảm_ơn shop rất ha_ha về độ uy_tín nhiều,khen_dich_vu
cảm_ơn shop rất nhiều về độ uy_tín,cảm_ơn shop rất nhiều về độ uy_tín,khen_dich_vu
shop phục_vụ phải chăng chu_đáo nhiệt_tình,shop phục_vụ phải chăng chu_đáo nhiệt_tình,khen_dich_vu
không hài_lòng hỗ_trợ về cách phục_vụ và giải_đáp,không hài_lòng hỗ_trợ về cách phục_vụ và giải_đáp,khen_dich_vu
không hài_lòng về ưng cách phục_vụ và giải_đáp,không hài_lòng về ưng cách phục_vụ và giải_đáp,khen_dich_vu
không hài_lòng về tuyệt cách phục_vụ và giải_đáp,không hài_lòng về tuyệt cách phục_vụ và giải_đáp,khen_dich_vu
không giải_đáp về cách phục_vụ và hài_lòng,không giải_đáp về cách phục_vụ và hài_lòng,khen_dich_vu
shop cũng rất chu_đáo và nhiệt_tình siêu nhanh,shop cũng rất chu_đáo và nhiệt_tình siêu nhanh,khen_dich_vu
shop cũng rất chu_đáo bao bì và nhiệt_tình,shop cũng rất chu_đáo bao bì và nhiệt_tình,khen_dich_vu
shop cũng rất nhiệt_tình và chu_đáo,shop cũng rất nhiệt_tình và chu_đáo,khen_dich_vu
rất nha a,rất nha a,khen_dich_vu
cảm_ơn shop rất nhiều mịn nha a,cảm_ơn shop rất nhiều mịn nha a,khen_dich_vu
cảm_ơn nhiều rất shop nha a,cảm_ơn nhiều rất shop nha a,khen_dich_vu
dép rẻ săn được lúc sa le còn k nghĩ ko ra gì nhưng thật_sự mình rất hài_lòng nhé b shop và các cảm_ơn nên mua nhé ạ,dép rẻ săn được lúc sa le còn k nghĩ ko ra gì nhưng thật_sự mình rất hài_lòng nhé b shop và các cảm_ơn nên mua nhé ạ,khen_dich_vu
mình rẻ săn được lúc sa le còn k nghĩ ko ra gì nhưng thật_sự dép rất hài_lòng nhé cảm_ơn shop và các b nên mua nhé ạ,mình rẻ săn được lúc sa le còn k nghĩ ko ra gì nhưng thật_sự dép rất hài_lòng nhé cảm_ơn shop và các b nên mua nhé ạ,khen_dich_vu
dép rẻ săn được lúc sa le còn k nghĩ ko gì nhưng thật_sự mình rất hài_lòng nhé cảm_ơn shop các b nên mua ạ,dép rẻ săn được lúc sa le còn k nghĩ ko gì nhưng thật_sự mình rất hài_lòng nhé cảm_ơn shop các b nên mua ạ,khen_dich_vu
dép rẻ săn được lúc sa le còn k nghĩ gì ra ko nhưng thật_sự mình rất hài_lòng nhé cảm_ơn shop và các b nên mua nhé ạ,dép rẻ săn được lúc sa le còn k nghĩ gì ra ko nhưng thật_sự mình rất hài_lòng nhé cảm_ơn shop và các b nên mua nhé ạ,khen_dich_vu
để anh làm gì đó không phải là sao ạ em cảm_ơn chi_tiết mấy roi đó là nc ngoài_ra còn tuyệt,để anh làm gì đó không phải là sao ạ em cảm_ơn chi_tiết mấy roi đó là nc ngoài_ra còn tuyệt,khen_dich_vu
để anh làm gì đó không y hình phải là sao ạ em cảm_ơn chi_tiết mấy roi đó là nc ngoài_ra còn,để anh làm gì đó không y hình phải là sao ạ em cảm_ơn chi_tiết mấy roi đó là nc ngoài_ra còn,khen_dich_vu
để anh làm gì đó không phải là sao ạ em cảm_ơn chi_tiết mấy chắc bền roi đó là nc ngoài_ra còn,để anh làm gì đó không phải là sao ạ em cảm_ơn chi_tiết mấy chắc bền roi đó là nc ngoài_ra còn,khen_dich_vu
để anh làm gì đó không phải là ạ sao em cảm_ơn chi_tiết mấy roi đó là nc ngoài_ra còn,để anh làm gì đó không phải là ạ sao em cảm_ơn chi_tiết mấy roi đó là nc ngoài_ra còn,khen_dich_vu
shop nhiệt_tình đáng tiền phục_vụ,shop nhiệt_tình đáng tiền phục_vụ,khen_dich_vu
shop hợp lý tư_vấn nhiệt_tình dễ_thương nữa,shop hợp lý tư_vấn nhiệt_tình dễ_thương nữa,khen_dich_vu
đúng như quảng cáo shop tư_vấn nhiệt_tình dễ_thương nữa,đúng như quảng cáo shop tư_vấn nhiệt_tình dễ_thương nữa,khen_dich_vu
nhiệt_tình khách_hàng ko hỗ_trợ,nhiệt_tình khách_hàng ko hỗ_trợ,khen_dich_vu
hỗ_trợ khách_hàng ko nhiệt_tình xịn,hỗ_trợ khách_hàng ko nhiệt_tình xịn,khen_dich_vu
cảm_ơn shop giống hình,cảm_ơn shop giống hình,khen_dich_vu
cảm_ơn shop tuyệt,cảm_ơn shop tuyệt,khen_dich_vu
xứng đáng cảm_ơn shop,xứng đáng cảm_ơn shop,khen_dich_vu
tư_vấn hợp_lý chu_đáo,tư_vấn hợp_lý chu_đáo,khen_dich_vu
tư_vấn chu_đáo cảm ơn shop,tư_vấn chu_đáo cảm ơn shop,khen_dich_vu
tư_vấn chu_đáo y hình,tư_vấn chu_đáo y hình,khen_dich_vu
tư_vấn kịp thời chu_đáo,tư_vấn kịp thời chu_đáo,khen_dich_vu
hợp_lý shop tư_vấn nhiệt_tình,hợp_lý shop tư_vấn nhiệt_tình,khen_dich_vu
shop đóng hàng tư_vấn nhiệt_tình,shop đóng hàng tư_vấn nhiệt_tình,khen_dich_vu
thích áo shop chỉ mua hết mẫu về shop thì rất thân_thiện còn gửi kèm cả tờ giấy hướng_dẫn siêu đáng,thích áo shop chỉ mua hết mẫu về shop thì rất thân_thiện còn gửi kèm cả tờ giấy hướng_dẫn siêu đáng,khen_dich_vu
siêu thích áo của shop chỉ muốn mua hết các mẫu về mặc shop thì ngon rất thân_thiện còn gửi kèm cả tờ giấy hướng_dẫn siêu đáng yêu,siêu thích áo của shop chỉ muốn mua hết các mẫu về mặc shop thì ngon rất thân_thiện còn gửi kèm cả tờ giấy hướng_dẫn siêu đáng yêu,khen_dich_vu
siêu thích về của shop chỉ muốn mua hết các mẫu áo mặc shop thì rất thân_thiện còn gửi kèm cả tờ giấy hướng_dẫn siêu đáng yêu,siêu thích về của shop chỉ muốn mua hết các mẫu áo mặc shop thì rất thân_thiện còn gửi kèm cả tờ giấy hướng_dẫn siêu đáng yêu,khen_dich_vu
siêu thích áo của shop chỉ muốn mua hết các mẫu về mặc shop thì rất thân_thiện còn cả kèm gửi tờ giấy hướng_dẫn siêu đáng yêu,siêu thích áo của shop chỉ muốn mua hết các mẫu về mặc shop thì rất thân_thiện còn cả kèm gửi tờ giấy hướng_dẫn siêu đáng yêu,khen_dich_vu
cảm_ơn shop nhìu như hình,cảm_ơn shop nhìu như hình,khen_dich_vu
chắc_chắn ko thân_thiện ko có cảm_tình,chắc_chắn ko thân_thiện ko có cảm_tình,khen_dich_vu
ko thân_thiện ko muộn có cảm_tình,ko thân_thiện ko muộn có cảm_tình,khen_dich_vu
ko thân_thiện ko ok có cảm_tình,ko thân_thiện ko ok có cảm_tình,khen_dich_vu
lần sau sẽ ủng_hộ thân_thiện,lần sau sẽ ủng_hộ thân_thiện,khen_dich_vu
lần ủng_hộ shop thân_thiện,lần ủng_hộ shop thân_thiện,khen_dich_vu
lần sau sẽ ủng_hộ shop thân_thiện oke,lần sau sẽ ủng_hộ shop thân_thiện oke,khen_dich_vu
lần sau giá ổn sẽ ủng_hộ shop thân_thiện,lần sau giá ổn sẽ ủng_hộ shop thân_thiện,khen_dich_vu
nước_hoa chuẩn hình thơm giá ko dc ngàn luôn cảm_ơn shop nhiều,nước_hoa chuẩn hình thơm giá ko dc ngàn luôn cảm_ơn shop nhiều,khen_dich_vu
nước_hoa thơm nhiều ko dc ngàn luôn cảm_ơn shop giá,nước_hoa thơm nhiều ko dc ngàn luôn cảm_ơn shop giá,khen_dich_vu
shop thơm giá ko dc ngàn luôn cảm_ơn nước_hoa nhiều,shop thơm giá ko dc ngàn luôn cảm_ơn nước_hoa nhiều,khen_dich_vu
nước_hoa cảm_ơn giá ko dc ngàn luôn thơm shop nhiều,nước_hoa cảm_ơn giá ko dc ngàn luôn thơm shop nhiều,khen_dich_vu
chắc_chắn hàng em đã nhận được rồi chúc shop làm_ăn phát_đạt phát_tài cảm_ơn shop nhé,chắc_chắn hàng em đã nhận được rồi chúc shop làm_ăn phát_đạt phát_tài cảm_ơn shop nhé,khen_dich_vu
hàng em đã nhận rồi chúc làm_ăn phát_tài cảm_ơn nhé,hàng em đã nhận rồi chúc làm_ăn phát_tài cảm_ơn nhé,khen_dich_vu
hàng em đã nhận được rồi chúc shop làm_ăn phát_đạt phát_tài hợp_lý cảm_ơn shop nhé,hàng em đã nhận được rồi chúc shop làm_ăn phát_đạt phát_tài hợp_lý cảm_ơn shop nhé,khen_dich_vu
em hàng đã nhận được rồi chúc shop làm_ăn phát_đạt phát_tài cảm_ơn shop nhé,em hàng đã nhận được rồi chúc shop làm_ăn phát_đạt phát_tài cảm_ơn shop nhé,khen_dich_vu
rất shop cảm_ơn hài_lòng,rất shop cảm_ơn hài_lòng,khen_dich_vu
thích rất hài_lòng cảm_ơn shop,thích rất hài_lòng cảm_ơn shop,khen_dich_vu
síp đúng như quảng cáo bơ nhiệt_tình chu_đáo,síp đúng như quảng cáo bơ nhiệt_tình chu_đáo,khen_dich_vu
chuẩn síp bơ nhiệt_tình chu_đáo,chuẩn síp bơ nhiệt_tình chu_đáo,khen_dich_vu
síp hòa đồng bơ nhiệt_tình chu_đáo,síp hòa đồng bơ nhiệt_tình chu_đáo,khen_dich_vu
shop cũng phục_vụ chu_đáo kém lắm ạ,shop cũng phục_vụ chu_đáo kém lắm ạ,khen_dich_vu
shop cũng giới thiệu phục_vụ chu_đáo lắm ạ,shop cũng giới thiệu phục_vụ chu_đáo lắm ạ,khen_dich_vu
shop ạ phục_vụ chu_đáo lắm cũng,shop ạ phục_vụ chu_đáo lắm cũng,khen_dich_vu
oke cảm_ơn shop nhiều,oke cảm_ơn shop nhiều,khen_dich_vu
tư_vấn khách_hàng còn cực_kì nhiệt_tình tỉ mỉ,tư_vấn khách_hàng còn cực_kì nhiệt_tình tỉ mỉ,khen_dich_vu
còn khách_hàng tư_vấn cực_kì nhiệt_tình,còn khách_hàng tư_vấn cực_kì nhiệt_tình,khen_dich_vu
tư_vấn khách_hàng còn dễ chịu cực_kì nhiệt_tình,tư_vấn khách_hàng còn dễ chịu cực_kì nhiệt_tình,khen_dich_vu
xin chào thảo cảm_ơn bạn đã nhắn_tin đúng hình,xin chào thảo cảm_ơn bạn đã nhắn_tin đúng hình,khen_dich_vu
xin chào bạn cảm_ơn thảo đã nhắn_tin,xin chào bạn cảm_ơn thảo đã nhắn_tin,khen_dich_vu
xin bạn thảo cảm_ơn chào đã nhắn_tin,xin bạn thảo cảm_ơn chào đã nhắn_tin,khen_dich_vu
nên mua xin chào thảo cảm_ơn bạn đã nhắn_tin,nên mua xin chào thảo cảm_ơn bạn đã nhắn_tin,khen_dich_vu
síp bơ nên mua nhiệt_tình,síp bơ nên mua nhiệt_tình,khen_dich_vu
síp xứng đáng bơ nhiệt_tình,síp xứng đáng bơ nhiệt_tình,khen_dich_vu
chất síp bơ nhiệt_tình,chất síp bơ nhiệt_tình,khen_dich_vu
nhiệt_tình shop buôn may bán đắt tư_vấn chúc,nhiệt_tình shop buôn may bán đắt tư_vấn chúc,khen_dich_vu
shop buôn may bán đắt nhiệt_tình,shop buôn may bán đắt nhiệt_tình,khen_dich_vu
chúc shop bán may buôn đắt tư_vấn nhiệt_tình,chúc shop bán may buôn đắt tư_vấn nhiệt_tình,khen_dich_vu
bán shop buôn may chúc đắt tư_vấn nhiệt_tình,bán shop buôn may chúc đắt tư_vấn nhiệt_tình,khen_dich_vu
tư_vấn nhiệt_tình tốt bụng,tư_vấn nhiệt_tình tốt bụng,khen_dich_vu
tận tâm tư_vấn nhiệt_tình,tận tâm tư_vấn nhiệt_tình,khen_dich_vu
hài_lòng tư_vấn nhiệt_tình,hài_lòng tư_vấn nhiệt_tình,khen_dich_vu
cảm_ơn shop đẹp đã tư_vấn nhiệt_tình,cảm_ơn shop đẹp đã tư_vấn nhiệt_tình,khen_dich_vu
cảm_ơn shop đã tư_vấn nhiệt_tình giống hình,cảm_ơn shop đã tư_vấn nhiệt_tình giống hình,khen_dich_vu
cảm_ơn shop đã tư_vấn nhiệt_tình chuẩn hình,cảm_ơn shop đã tư_vấn nhiệt_tình chuẩn hình,khen_dich_vu
cảm_ơn shop nhiều tận tâm ạ,cảm_ơn shop nhiều tận tâm ạ,khen_dich_vu
cảm_ơn shop siêu nhanh nhiều ạ,cảm_ơn shop siêu nhanh nhiều ạ,khen_dich_vu
s h s he iu d su_su su em có_thể là một loài thực_vật có hoa trong họ cúc có đi làm được không biết có đi làm được không biết d kỹ d s d d g g cảm_ơn em nhiều,s h s he iu d su_su su em có_thể là một loài thực_vật có hoa trong họ cúc có đi làm được không biết có đi làm được không biết d kỹ d s d d g g cảm_ơn em nhiều,khen_dich_vu
h s d su_su su em có_thể là một loài có hoa trong có đi làm được không biết có đi làm được không biết d d s d g cảm_ơn em nhiều,h s d su_su su em có_thể là một loài có hoa trong có đi làm được không biết có đi làm được không biết d d s d g cảm_ơn em nhiều,khen_dich_vu
s h s loài iu d su_su su em có_thể là một he thực_vật có hoa trong họ cúc có đi làm được không biết có đi làm được không biết d d s d d g g cảm_ơn em nhiều,s h s loài iu d su_su su em có_thể là một he thực_vật có hoa trong họ cúc có đi làm được không biết có đi làm được không biết d d s d d g g cảm_ơn em nhiều,khen_dich_vu
s h he iu d su em có_thể là một loài thực_vật có hoa trong họ cúc có đi làm được không biết có đi làm không biết d d s d d g g cảm_ơn em,s h he iu d su em có_thể là một loài thực_vật có hoa trong họ cúc có đi làm được không biết có đi làm không biết d d s d d g g cảm_ơn em,khen_dich_vu
về shop rất nhiều cảm_ơn độ uy_tín ha_ha,về shop rất nhiều cảm_ơn độ uy_tín ha_ha,khen_dich_vu
cảm_ơn rất độ uy_tín ha_ha,cảm_ơn rất độ uy_tín ha_ha,khen_dich_vu
cảm_ơn shop rất nhiều về đóng hàng độ uy_tín ha_ha,cảm_ơn shop rất nhiều về đóng hàng độ uy_tín ha_ha,khen_dich_vu
rất nhiều độ uy_tín ha_ha,rất nhiều độ uy_tín ha_ha,khen_dich_vu
shop phục_vụ chu_đáo hợp_lý nhiệt_tình,shop phục_vụ chu_đáo hợp_lý nhiệt_tình,khen_dich_vu
oke shop phục_vụ chu_đáo nhiệt_tình,oke shop phục_vụ chu_đáo nhiệt_tình,khen_dich_vu
ngon shop phục_vụ chu_đáo nhiệt_tình,ngon shop phục_vụ chu_đáo nhiệt_tình,khen_dich_vu
không hài_lòng về cách và giải_đáp,không hài_lòng về cách và giải_đáp,khen_dich_vu
không hài_lòng ưng về cách phục_vụ và giải_đáp,không hài_lòng ưng về cách phục_vụ và giải_đáp,khen_dich_vu
không tuyệt hài_lòng về cách phục_vụ và giải_đáp,không tuyệt hài_lòng về cách phục_vụ và giải_đáp,khen_dich_vu
không hài_lòng giải_đáp cách phục_vụ và về,không hài_lòng giải_đáp cách phục_vụ và về,khen_dich_vu
shop cũng rất chu_đáo và tận_tình nhiệt_tình,shop cũng rất chu_đáo và tận_tình nhiệt_tình,khen_dich_vu
shop cũng rất giống hình chu_đáo và nhiệt_tình,shop cũng rất giống hình chu_đáo và nhiệt_tình,khen_dich_vu
shop cũng rất chu_đáo nhiệt_tình và,shop cũng rất chu_đáo nhiệt_tình và,khen_dich_vu
cảm_ơn shop rất nhiều nha a gói hàng,cảm_ơn shop rất nhiều nha a gói hàng,khen_dich_vu
cảm_ơn nhiều a,cảm_ơn nhiều a,khen_dich_vu
cảm_ơn shop nha nhiều rất a,cảm_ơn shop nha nhiều rất a,khen_dich_vu
rẻ săn được lúc sa le còn k nghĩ ko ra gì thật_sự mình rất hài_lòng cảm_ơn shop các b nên mua nhé ạ,rẻ săn được lúc sa le còn k nghĩ ko ra gì thật_sự mình rất hài_lòng cảm_ơn shop các b nên mua nhé ạ,khen_dich_vu
dép rẻ săn được lúc sa le còn k nghĩ ko ra gì nhưng thật_sự nhé rất hài_lòng nhé cảm_ơn shop và các b nên mua mình ạ,dép rẻ săn được lúc sa le còn k nghĩ ko ra gì nhưng thật_sự nhé rất hài_lòng nhé cảm_ơn shop và các b nên mua mình ạ,khen_dich_vu
dép rẻ săn được lúc sa le còn k nghĩ ko ra gì nhé thật_sự mình rất hài_lòng nhưng cảm_ơn shop và các b nên mua nhé ạ,dép rẻ săn được lúc sa le còn k nghĩ ko ra gì nhé thật_sự mình rất hài_lòng nhưng cảm_ơn shop và các b nên mua nhé ạ,khen_dich_vu
để anh làm gì đó không phải là sao ạ em đó chi_tiết mấy roi cảm_ơn là nc ngoài_ra còn,để anh làm gì đó không phải là sao ạ em đó chi_tiết mấy roi cảm_ơn là nc ngoài_ra còn,khen_dich_vu
để anh làm gì gói hàng đó không phải là sao ạ em cảm_ơn chi_tiết mấy roi đó là nc ngoài_ra còn,để anh làm gì gói hàng đó không phải là sao ạ em cảm_ơn chi_tiết mấy roi đó là nc ngoài_ra còn,khen_dich_vu
để anh làm gì đó không như hình phải là sao ạ em cảm_ơn chi_tiết mấy roi đó là nc ngoài_ra còn,để anh làm gì đó không như hình phải là sao ạ em cảm_ơn chi_tiết mấy roi đó là nc ngoài_ra còn,khen_dich_vu
để anh làm đó không phải là sao ạ em cảm_ơn chi_tiết mấy roi đó là nc còn,để anh làm đó không phải là sao ạ em cảm_ơn chi_tiết mấy roi đó là nc còn,khen_dich_vu
shop y hình nhiệt_tình phục_vụ,shop y hình nhiệt_tình phục_vụ,khen_dich_vu
shop nhiệt_tình mịn phục_vụ,shop nhiệt_tình mịn phục_vụ,khen_dich_vu
shop nhiệt_tình phục_vụ chán,shop nhiệt_tình phục_vụ chán,khen_dich_vu
tư_vấn shop nhiệt_tình dễ_thương nữa,tư_vấn shop nhiệt_tình dễ_thương nữa,khen_dich_vu
muộn shop tư_vấn nhiệt_tình dễ_thương nữa,muộn shop tư_vấn nhiệt_tình dễ_thương nữa,khen_dich_vu
shop tư_vấn nhiệt_tình ok dễ_thương nữa,shop tư_vấn nhiệt_tình ok dễ_thương nữa,khen_dich_vu
hỗ_trợ ưng khách_hàng ko nhiệt_tình,hỗ_trợ ưng khách_hàng ko nhiệt_tình,khen_dich_vu
không đạt cảm_ơn shop,không đạt cảm_ơn shop,khen_dich_vu
cảm_ơn xịn shop,cảm_ơn xịn shop,khen_dich_vu
hôi cảm_ơn shop,hôi cảm_ơn shop,khen_dich_vu
"Dép đẹp, thái độ vận chuyển thân thiện","Dép đẹp, thái độ vận chuyển thân thiện",phan_nan_dich_vu
Giao hàng siêu nhanh nhưng mình chưa hài lòng lắm về thái độ phục vụ,Giao hàng siêu nhanh nhưng mình chưa hài lòng lắm về thái độ phục vụ,phan_nan_dich_vu
với cả thái độ phục vụ của shop nữa,với cả thái độ phục vụ của shop nữa,phan_nan_dich_vu
"Hai chúng ta thôi, nhưng với thái độ của tôi thì không thể đi mà không có mắt hai mí, đi xe máy được, đó không phải thế mạnh của tôi, được chứ?","Hai chúng ta thôi, nhưng với thái độ của tôi thì không thể đi mà không có mắt hai mí, đi xe máy được, đó không phải thế mạnh của tôi, được chứ?",phan_nan_dich_vu
Thái độ chăm sóc khách hàng của shop chưa tốt lắm và chất lượng sản phẩm cũng ổn.,Thái độ chăm sóc khách hàng của shop chưa tốt lắm và chất lượng sản phẩm cũng ổn.,phan_nan_dich_vu
Thái độ phục vụ không tốt,Thái độ phục vụ không tốt,phan_nan_dich_vu
r đẹp thái_độ ship e dép thân_thiện,r đẹp thái_độ ship e dép thân_thiện,phan_nan_dich_vu
dép thái_độ đẹp ship e r thân_thiện,dép thái_độ đẹp ship e r thân_thiện,phan_nan_dich_vu
dép đẹp thái_độ e ship r thân_thiện,dép đẹp thái_độ e ship r thân_thiện,phan_nan_dich_vu
dép đẹp thái_độ ship e,dép đẹp thái_độ ship e,phan_nan_dich_vu
giao hàng siêu kịp thời nhưng mình kh hài_lòng về thái_độ phục_vụ lắm,giao hàng siêu kịp thời nhưng mình kh hài_lòng về thái_độ phục_vụ lắm,phan_nan_dich_vu
giao hàng siêu siêu nhanh nhưng mình kh hài_lòng về thái_độ phục_vụ lắm,giao hàng siêu siêu nhanh nhưng mình kh hài_lòng về thái_độ phục_vụ lắm,phan_nan_dich_vu
tuyệt giao hàng siêu nhanh nhưng mình kh hài_lòng về thái_độ phục_vụ lắm,tuyệt giao hàng siêu nhanh nhưng mình kh hài_lòng về thái_độ phục_vụ lắm,phan_nan_dich_vu
giao hàng siêu nhanh ngon nhưng mình kh hài_lòng về thái_độ phục_vụ lắm,giao hàng siêu nhanh ngon nhưng mình kh hài_lòng về thái_độ phục_vụ lắm,phan_nan_dich_vu
với cả thái_độ phục_vụ của như cũng shop,với cả thái_độ phục_vụ của như cũng shop,phan_nan_dich_vu
của cả thái_độ phục_vụ với shop cũng như,của cả thái_độ phục_vụ với shop cũng như,phan_nan_dich_vu
với shop thái_độ phục_vụ của cả cũng như,với shop thái_độ phục_vụ của cả cũng như,phan_nan_dich_vu
với cả thái_độ của shop cũng như,với cả thái_độ của shop cũng như,phan_nan_dich_vu
hãy cùng chúng tớ đã có hai đứa chu đáo thôi mà tr ng thái_độ của t đc có đi mô chị rủ_rê mí đôi có đi mô_tô xe_máy đâu có thế mạnh của t đc có đi,hãy cùng chúng tớ đã có hai đứa chu đáo thôi mà tr ng thái_độ của t đc có đi mô chị rủ_rê mí đôi có đi mô_tô xe_máy đâu có thế mạnh của t đc có đi,phan_nan_dich_vu
hãy cùng chúng tớ đã có hai đứa thôi mà tr ng thái_độ của đc có mô chị rủ_rê mí đôi có mô_tô xe_máy đâu có thế của t đc có đi,hãy cùng chúng tớ đã có hai đứa thôi mà tr ng thái_độ của đc có mô chị rủ_rê mí đôi có mô_tô xe_máy đâu có thế của t đc có đi,phan_nan_dich_vu
hãy tớ chúng cùng đã có hai đứa thôi mà tr ng thái_độ của t đc có đi mô chị rủ_rê mí đôi có đi mô_tô xe_máy đâu có thế mạnh của t đc có đi,hãy tớ chúng cùng đã có hai đứa thôi mà tr ng thái_độ của t đc có đi mô chị rủ_rê mí đôi có đi mô_tô xe_máy đâu có thế mạnh của t đc có đi,phan_nan_dich_vu
hãy cùng chúng tớ đã có hai đứa thôi mà tr ng thái_độ của t đc có đi mô khuyến nghị chị rủ_rê mí đôi có đi mô_tô xe_máy đâu có thế mạnh của t đc có đi,hãy cùng chúng tớ đã có hai đứa thôi mà tr ng thái_độ của t đc có đi mô khuyến nghị chị rủ_rê mí đôi có đi mô_tô xe_máy đâu có thế mạnh của t đc có đi,phan_nan_dich_vu
shop chăm_sóc khách_hàng với thái_độ chưa ổn tốt lắm còn chất_lượng sản_phẩm thì được,shop chăm_sóc khách_hàng với thái_độ chưa ổn tốt lắm còn chất_lượng sản_phẩm thì được,phan_nan_dich_vu
shop chăm_sóc khách_hàng với thái_độ chưa được tốt lắm còn chắc chất_lượng sản_phẩm thì ổn,shop chăm_sóc khách_hàng với thái_độ chưa được tốt lắm còn chắc chất_lượng sản_phẩm thì ổn,phan_nan_dich_vu
shop chăm_sóc khách_hàng với thái_độ chưa được chắc lắm còn chất_lượng sản_phẩm thì ổn,shop chăm_sóc khách_hàng với thái_độ chưa được chắc lắm còn chất_lượng sản_phẩm thì ổn,phan_nan_dich_vu
shop chăm_sóc khách_hàng với thái_độ chưa được nồng mùi tốt lắm còn chất_lượng sản_phẩm thì ổn,shop chăm_sóc khách_hàng với thái_độ chưa được nồng mùi tốt lắm còn chất_lượng sản_phẩm thì ổn,phan_nan_dich_vu
thái_độ phục_vụ ko xịn,thái_độ phục_vụ ko xịn,phan_nan_dich_vu
phục_vụ ko tốt,phục_vụ ko tốt,phan_nan_dich_vu
thái_độ phục_vụ ko chuẩn,thái_độ phục_vụ ko chuẩn,phan_nan_dich_vu
thái_độ ko,thái_độ ko,phan_nan_dich_vu
dép đẹp thái_độ ship e r thân_thiện bền_đẹp,dép đẹp thái_độ ship e r thân_thiện bền_đẹp,phan_nan_dich_vu
dép đẹp ship thái_độ e r thân_thiện,dép đẹp ship thái_độ e r thân_thiện,phan_nan_dich_vu
dép ưng thái_độ ship e r thân_thiện,dép ưng thái_độ ship e r thân_thiện,phan_nan_dich_vu
dép ngon thái_độ ship e r thân_thiện,dép ngon thái_độ ship e r thân_thiện,phan_nan_dich_vu
giao hàng siêu đúng hẹn nhưng mình kh hài_lòng về thái_độ phục_vụ lắm,giao hàng siêu đúng hẹn nhưng mình kh hài_lòng về thái_độ phục_vụ lắm,phan_nan_dich_vu
rcm giao hàng siêu nhanh nhưng mình kh hài_lòng về thái_độ phục_vụ lắm,rcm giao hàng siêu nhanh nhưng mình kh hài_lòng về thái_độ phục_vụ lắm,phan_nan_dich_vu
giao hàng siêu nhanh nhưng mình kh thái_độ phục_vụ lắm,giao hàng siêu nhanh nhưng mình kh thái_độ phục_vụ lắm,phan_nan_dich_vu
với cả thái_độ phục_vụ của hài_lòng shop cũng như,với cả thái_độ phục_vụ của hài_lòng shop cũng như,phan_nan_dich_vu
với cả thái_độ của cũng như,với cả thái_độ của cũng như,phan_nan_dich_vu
với thái_độ phục_vụ của cũng như,với thái_độ phục_vụ của cũng như,phan_nan_dich_vu
với mềm_mại cả thái_độ phục_vụ của shop cũng như,với mềm_mại cả thái_độ phục_vụ của shop cũng như,phan_nan_dich_vu
hãy cùng chúng tớ đã có hai đứa thôi mà tr ng thái_độ của t đc có đi đâu chị rủ_rê mí đôi có đi mô_tô xe_máy mô có thế mạnh của t đc có đi,hãy cùng chúng tớ đã có hai đứa thôi mà tr ng thái_độ của t đc có đi đâu chị rủ_rê mí đôi có đi mô_tô xe_máy mô có thế mạnh của t đc có đi,phan_nan_dich_vu
hãy cùng chúng tớ đã có hai đứa thôi mà tr ng thái_độ của t đc có đi mô chị rủ_rê mí đôi có đi mô_tô xe_máy đâu có thế lâu mạnh của t đc có đi,hãy cùng chúng tớ đã có hai đứa thôi mà tr ng thái_độ của t đc có đi mô chị rủ_rê mí đôi có đi mô_tô xe_máy đâu có thế lâu mạnh của t đc có đi,phan_nan_dich_vu
hãy cùng chúng tớ đã có hai đứa thôi mà tr ng thái_độ của t đc có đi mô chắc bền chị rủ_rê mí đôi có đi mô_tô xe_máy đâu có thế mạnh của t đc có đi,hãy cùng chúng tớ đã có hai đứa thôi mà tr ng thái_độ của t đc có đi mô chắc bền chị rủ_rê mí đôi có đi mô_tô xe_máy đâu có thế mạnh của t đc có đi,phan_nan_dich_vu
hãy cùng chúng tớ đã có đứa thôi tr ng thái_độ của t đc có đi chị rủ_rê mí đôi có đi mô_tô xe_máy đâu có thế mạnh của t đc có đi,hãy cùng chúng tớ đã có đứa thôi tr ng thái_độ của t đc có đi chị rủ_rê mí đôi có đi mô_tô xe_máy đâu có thế mạnh của t đc có đi,phan_nan_dich_vu
shop chăm_sóc khách_hàng với thái_độ chưa được tốt lắm thì chất_lượng sản_phẩm còn ổn,shop chăm_sóc khách_hàng với thái_độ chưa được tốt lắm thì chất_lượng sản_phẩm còn ổn,phan_nan_dich_vu
shop chăm_sóc khách_hàng với thái_độ chưa được chuẩn lắm còn chất_lượng sản_phẩm thì ổn,shop chăm_sóc khách_hàng với thái_độ chưa được chuẩn lắm còn chất_lượng sản_phẩm thì ổn,phan_nan_dich_vu
shop chăm_sóc khách_hàng với thái_độ chưa được tuyệt lắm còn chất_lượng sản_phẩm thì ổn,shop chăm_sóc khách_hàng với thái_độ chưa được tuyệt lắm còn chất_lượng sản_phẩm thì ổn,phan_nan_dich_vu
shop chăm_sóc khách_hàng với thái_độ chưa được tốt lắm còn chất_lượng chuẩn sản_phẩm thì ổn,shop chăm_sóc khách_hàng với thái_độ chưa được tốt lắm còn chất_lượng chuẩn sản_phẩm thì ổn,phan_nan_dich_vu
thái_độ ko tốt,thái_độ ko tốt,phan_nan_dich_vu
thái_độ phục_vụ ko ổn,thái_độ phục_vụ ko ổn,phan_nan_dich_vu
dép đẹp thái_độ ship e r thân_thiện cảm_ơn,dép đẹp thái_độ ship e r thân_thiện cảm_ơn,phan_nan_dich_vu
dép đẹp thái_độ ship e r thân_thiện nhiệt_tình,dép đẹp thái_độ ship e r thân_thiện nhiệt_tình,phan_nan_dich_vu
dép đẹp thái_độ ship e r thân_thiện đáng tiền,dép đẹp thái_độ ship e r thân_thiện đáng tiền,phan_nan_dich_vu
dép đẹp chắc thái_độ ship e r thân_thiện,dép đẹp chắc thái_độ ship e r thân_thiện,phan_nan_dich_vu
giao hàng siêu nhanh phục_vụ mình kh hài_lòng về thái_độ nhưng lắm,giao hàng siêu nhanh phục_vụ mình kh hài_lòng về thái_độ nhưng lắm,phan_nan_dich_vu
giao chuẩn hình hàng siêu nhanh nhưng mình kh hài_lòng về thái_độ phục_vụ lắm,giao chuẩn hình hàng siêu nhanh nhưng mình kh hài_lòng về thái_độ phục_vụ lắm,phan_nan_dich_vu
giao hàng siêu mình kh hài_lòng về thái_độ phục_vụ lắm,giao hàng siêu mình kh hài_lòng về thái_độ phục_vụ lắm,phan_nan_dich_vu
với cả thái_độ phục_vụ của shop oke cũng như,với cả thái_độ phục_vụ của shop oke cũng như,phan_nan_dich_vu
với thank you cả thái_độ phục_vụ của shop cũng như,với thank you cả thái_độ phục_vụ của shop cũng như,phan_nan_dich_vu
với chán cả thái_độ phục_vụ của shop cũng như,với chán cả thái_độ phục_vụ của shop cũng như,phan_nan_dich_vu
thái_độ cả với phục_vụ của shop cũng như,thái_độ cả với phục_vụ của shop cũng như,phan_nan_dich_vu
hãy cùng chúng tớ đã có hai đứa thôi mà tr ng thái_độ của t đc có đi mô chị rủ_rê chuẩn mô tả mí đôi có đi mô_tô xe_máy đâu có thế mạnh của t đc có đi,hãy cùng chúng tớ đã có hai đứa thôi mà tr ng thái_độ của t đc có đi mô chị rủ_rê chuẩn mô tả mí đôi có đi mô_tô xe_máy đâu có thế mạnh của t đc có đi,phan_nan_dich_vu
cùng chúng tớ đã có đứa thôi mà tr ng thái_độ của đc có đi mô chị rủ_rê mí đôi có đi xe_máy đâu có thế mạnh của t đc có,cùng chúng tớ đã có đứa thôi mà tr ng thái_độ của đc có đi mô chị rủ_rê mí đôi có đi xe_máy đâu có thế mạnh của t đc có,phan_nan_dich_vu
hãy cùng chúng tớ đã có hai đứa thôi mà tr ng thái_độ của t đc có đi mô chị rủ_rê mí đôi đi đi mô_tô xe_máy đâu có thế mạnh của t đc có có,hãy cùng chúng tớ đã có hai đứa thôi mà tr ng thái_độ của t đc có đi mô chị rủ_rê mí đôi đi đi mô_tô xe_máy đâu có thế mạnh của t đc có có,phan_nan_dich_vu
hãy có chúng tớ đã cùng hai đứa thôi mà tr ng thái_độ của t đc có đi mô chị rủ_rê mí đôi có đi mô_tô xe_máy đâu có thế mạnh của t đc có đi,hãy có chúng tớ đã cùng hai đứa thôi mà tr ng thái_độ của t đc có đi mô chị rủ_rê mí đôi có đi mô_tô xe_máy đâu có thế mạnh của t đc có đi,phan_nan_dich_vu
shop chăm_sóc khách_hàng với thái_độ chưa thank you được tốt lắm còn chất_lượng sản_phẩm thì ổn,shop chăm_sóc khách_hàng với thái_độ chưa thank you được tốt lắm còn chất_lượng sản_phẩm thì ổn,phan_nan_dich_vu
shop chăm_sóc khách_hàng với thái_độ chưa được tốt lắm còn chất_lượng thân_thiện sản_phẩm thì ổn,shop chăm_sóc khách_hàng với thái_độ chưa được tốt lắm còn chất_lượng thân_thiện sản_phẩm thì ổn,phan_nan_dich_vu
shop chăm_sóc khách_hàng với thái_độ chưa được tốt oke lắm còn chất_lượng sản_phẩm thì ổn,shop chăm_sóc khách_hàng với thái_độ chưa được tốt oke lắm còn chất_lượng sản_phẩm thì ổn,phan_nan_dich_vu
shop chăm_sóc khách_hàng với được tốt lắm còn chất_lượng sản_phẩm thì ổn,shop chăm_sóc khách_hàng với được tốt lắm còn chất_lượng sản_phẩm thì ổn,phan_nan_dich_vu
thái_độ phục_vụ tốt,thái_độ phục_vụ tốt,phan_nan_dich_vu
thái_độ phục_vụ tốt ko,thái_độ phục_vụ tốt ko,phan_nan_dich_vu
tốt phục_vụ ko thái_độ,tốt phục_vụ ko thái_độ,phan_nan_dich_vu
thái_độ phục_vụ ko,thái_độ phục_vụ ko,phan_nan_dich_vu
dép đẹp thái_độ ship e r thân_thiện tận tâm,dép đẹp thái_độ ship e r thân_thiện tận tâm,phan_nan_dich_vu
dép đẹp thái_độ ship e thân_thiện r,dép đẹp thái_độ ship e thân_thiện r,phan_nan_dich_vu
dép đẹp r ship e thái_độ thân_thiện,dép đẹp r ship e thái_độ thân_thiện,phan_nan_dich_vu
dép đẹp thái_độ ship r thân_thiện,dép đẹp thái_độ ship r thân_thiện,phan_nan_dich_vu
giao siêu nhanh nhưng mình hài_lòng về thái_độ phục_vụ lắm,giao siêu nhanh nhưng mình hài_lòng về thái_độ phục_vụ lắm,phan_nan_dich_vu
giao hàng siêu nhanh_chóng nhưng mình kh hài_lòng về thái_độ phục_vụ lắm,giao hàng siêu nhanh_chóng nhưng mình kh hài_lòng về thái_độ phục_vụ lắm,phan_nan_dich_vu
muộn giao hàng siêu nhanh nhưng mình kh hài_lòng về thái_độ phục_vụ lắm,muộn giao hàng siêu nhanh nhưng mình kh hài_lòng về thái_độ phục_vụ lắm,phan_nan_dich_vu
giao kh siêu nhanh nhưng mình hàng hài_lòng về thái_độ phục_vụ lắm,giao kh siêu nhanh nhưng mình hàng hài_lòng về thái_độ phục_vụ lắm,phan_nan_dich_vu
với thái_độ phục_vụ của shop cũng như,với thái_độ phục_vụ của shop cũng như,phan_nan_dich_vu
với cả phục_vụ của shop cũng như,với cả phục_vụ của shop cũng như,phan_nan_dich_vu
với đúng hình cả thái_độ phục_vụ của shop cũng như,với đúng hình cả thái_độ phục_vụ của shop cũng như,phan_nan_dich_vu
với cả gói hàng thái_độ phục_vụ của shop cũng như,với cả gói hàng thái_độ phục_vụ của shop cũng như,phan_nan_dich_vu
hãy cùng chúng tớ đã có hai đứa thôi mà tr ng thái_độ của t đc có đi mô chị rủ_rê oke mí đôi có đi mô_tô xe_máy đâu có thế mạnh của t đc có đi,hãy cùng chúng tớ đã có hai đứa thôi mà tr ng thái_độ của t đc có đi mô chị rủ_rê oke mí đôi có đi mô_tô xe_máy đâu có thế mạnh của t đc có đi,phan_nan_dich_vu
có cùng chúng tớ đã có hai đứa thôi mà tr ng thái_độ của t đc hãy đi mô chị rủ_rê mí đôi có đi mô_tô xe_máy đâu có thế mạnh của t đc có đi,có cùng chúng tớ đã có hai đứa thôi mà tr ng thái_độ của t đc hãy đi mô chị rủ_rê mí đôi có đi mô_tô xe_máy đâu có thế mạnh của t đc có đi,phan_nan_dich_vu
hãy chúng tớ đã có hai đứa thôi mà tr ng thái_độ của t đc có đi mô chị rủ_rê đôi có đi mô_tô xe_máy đâu có thế mạnh của t đc có,hãy chúng tớ đã có hai đứa thôi mà tr ng thái_độ của t đc có đi mô chị rủ_rê đôi có đi mô_tô xe_máy đâu có thế mạnh của t đc có,phan_nan_dich_vu
cùng chúng tớ đã có hai đứa thôi mà ng thái_độ của t đc có đi mô chị rủ_rê mí đôi có đi xe_máy đâu có thế mạnh t đc có đi,cùng chúng tớ đã có hai đứa thôi mà ng thái_độ của t đc có đi mô chị rủ_rê mí đôi có đi xe_máy đâu có thế mạnh t đc có đi,phan_nan_dich_vu
shop chăm_sóc với thái_độ chưa tốt lắm chất_lượng sản_phẩm thì ổn,shop chăm_sóc với thái_độ chưa tốt lắm chất_lượng sản_phẩm thì ổn,phan_nan_dich_vu
shop chăm_sóc khách_hàng với thái_độ chưa được oke lắm còn chất_lượng sản_phẩm thì ổn,shop chăm_sóc khách_hàng với thái_độ chưa được oke lắm còn chất_lượng sản_phẩm thì ổn,phan_nan_dich_vu
shop chăm_sóc ổn với thái_độ chưa được tốt lắm còn chất_lượng sản_phẩm thì khách_hàng,shop chăm_sóc ổn với thái_độ chưa được tốt lắm còn chất_lượng sản_phẩm thì khách_hàng,phan_nan_dich_vu
shop chăm_sóc khách_hàng với thái_độ chưa được ổn lắm còn chất_lượng sản_phẩm thì tốt,shop chăm_sóc khách_hàng với thái_độ chưa được ổn lắm còn chất_lượng sản_phẩm thì tốt,phan_nan_dich_vu
thái_độ phục_vụ ko tuyệt,thái_độ phục_vụ ko tuyệt,phan_nan_dich_vu
thái_độ ko phục_vụ tốt,thái_độ ko phục_vụ tốt,phan_nan_dich_vu
dép đẹp thái_độ ship e r xinh thân_thiện,dép đẹp thái_độ ship e r xinh thân_thiện,phan_nan_dich_vu
dép xinh thái_độ ship e r thân_thiện,dép xinh thái_độ ship e r thân_thiện,phan_nan_dich_vu
dép nồng mùi đẹp thái_độ ship e r thân_thiện,dép nồng mùi đẹp thái_độ ship e r thân_thiện,phan_nan_dich_vu
dép tận tâm đẹp thái_độ ship e r thân_thiện,dép tận tâm đẹp thái_độ ship e r thân_thiện,phan_nan_dich_vu
giao hàng đúng hình siêu nhanh nhưng mình kh hài_lòng về thái_độ phục_vụ lắm,giao hàng đúng hình siêu nhanh nhưng mình kh hài_lòng về thái_độ phục_vụ lắm,phan_nan_dich_vu
giao nhanh siêu hàng nhưng mình kh hài_lòng về thái_độ phục_vụ lắm,giao nhanh siêu hàng nhưng mình kh hài_lòng về thái_độ phục_vụ lắm,phan_nan_dich_vu
giao hàng siêu nhanh nhưng kh hài_lòng thái_độ phục_vụ lắm,giao hàng siêu nhanh nhưng kh hài_lòng thái_độ phục_vụ lắm,phan_nan_dich_vu
với cả thái_độ shop cũng như,với cả thái_độ shop cũng như,phan_nan_dich_vu
với cả thái_độ phục_vụ của chuẩn hình shop cũng như,với cả thái_độ phục_vụ của chuẩn hình shop cũng như,phan_nan_dich_vu
với cả thái_độ phục_vụ của shop cũng,với cả thái_độ phục_vụ của shop cũng,phan_nan_dich_vu
với cũng thái_độ phục_vụ của shop cả như,với cũng thái_độ phục_vụ của shop cả như,phan_nan_dich_vu
hãy cùng chúng tớ đã có hai thôi mà tr ng của đc có đi mô chị rủ_rê mí đôi có đi mô_tô xe_máy đâu có thế của t đc có đi,hãy cùng chúng tớ đã có hai thôi mà tr ng của đc có đi mô chị rủ_rê mí đôi có đi mô_tô xe_máy đâu có thế của t đc có đi,phan_nan_dich_vu
hãy chúng tớ đã có đứa thôi mà tr ng của t đc có đi chị rủ_rê đôi đi mô_tô có thế t có đi,hãy chúng tớ đã có đứa thôi mà tr ng của t đc có đi chị rủ_rê đôi đi mô_tô có thế t có đi,phan_nan_dich_vu
hãy cùng chúng tớ đã có hai đứa thôi mà tr ng thái_độ của t đc có đi mô chị rủ_rê mí đôi có đi mô_tô xe_máy chuẩn hình đâu có thế mạnh của t đc có đi,hãy cùng chúng tớ đã có hai đứa thôi mà tr ng thái_độ của t đc có đi mô chị rủ_rê mí đôi có đi mô_tô xe_máy chuẩn hình đâu có thế mạnh của t đc có đi,phan_nan_dich_vu
hãy cùng đi tớ đã có hai đứa thôi mà tr ng thái_độ của t đc có đi mô chị rủ_rê mí đôi có chúng mô_tô xe_máy đâu có thế mạnh của t đc có đi,hãy cùng đi tớ đã có hai đứa thôi mà tr ng thái_độ của t đc có đi mô chị rủ_rê mí đôi có chúng mô_tô xe_máy đâu có thế mạnh của t đc có đi,phan_nan_dich_vu
shop chăm_sóc khách_hàng với chưa được tốt lắm còn chất_lượng sản_phẩm thì ổn,shop chăm_sóc khách_hàng với chưa được tốt lắm còn chất_lượng sản_phẩm thì ổn,phan_nan_dich_vu
shop chăm_sóc khách_hàng với thái_độ chưa được tốt lắm còn rcm chất_lượng sản_phẩm thì ổn,shop chăm_sóc khách_hàng với thái_độ chưa được tốt lắm còn rcm chất_lượng sản_phẩm thì ổn,phan_nan_dich_vu
shop chăm_sóc khách_hàng còn thái_độ chưa được tốt lắm với chất_lượng sản_phẩm thì ổn,shop chăm_sóc khách_hàng còn thái_độ chưa được tốt lắm với chất_lượng sản_phẩm thì ổn,phan_nan_dich_vu
shop chăm_sóc khách_hàng xịn với thái_độ chưa được tốt lắm còn chất_lượng sản_phẩm thì ổn,shop chăm_sóc khách_hàng xịn với thái_độ chưa được tốt lắm còn chất_lượng sản_phẩm thì ổn,phan_nan_dich_vu
thái_độ phục_vụ ko oke,thái_độ phục_vụ ko oke,phan_nan_dich_vu
chuẩn thái_độ phục_vụ ko tốt,chuẩn thái_độ phục_vụ ko tốt,phan_nan_dich_vu
dép xịn thái_độ ship e r thân_thiện,dép xịn thái_độ ship e r thân_thiện,phan_nan_dich_vu
dép oke thái_độ ship e r thân_thiện,dép oke thái_độ ship e r thân_thiện,phan_nan_dich_vu
dép đẹp thái_độ e r thân_thiện,dép đẹp thái_độ e r thân_thiện,phan_nan_dich_vu
dép đẹp thân_thiện ship e r thái_độ,dép đẹp thân_thiện ship e r thái_độ,phan_nan_dich_vu
giao hàng siêu nhanh nhưng mình kh hài_lòng về không đạt thái_độ phục_vụ lắm,giao hàng siêu nhanh nhưng mình kh hài_lòng về không đạt thái_độ phục_vụ lắm,phan_nan_dich_vu
giao hàng siêu nhanh nhưng mình kh hài_lòng về thái_độ cl phục_vụ lắm,giao hàng siêu nhanh nhưng mình kh hài_lòng về thái_độ cl phục_vụ lắm,phan_nan_dich_vu
với như thái_độ phục_vụ của shop cũng cả,với như thái_độ phục_vụ của shop cũng cả,phan_nan_dich_vu
cả thái_độ phục_vụ của shop cũng như,cả thái_độ phục_vụ của shop cũng như,phan_nan_dich_vu
với cả thái_độ phục_vụ shop cũng như,với cả thái_độ phục_vụ shop cũng như,phan_nan_dich_vu
hãy cùng chúng tớ đã có hai t thôi mà tr ng thái_độ của t đc có đi mô chị rủ_rê mí đôi có đi mô_tô xe_máy đâu có thế mạnh của đứa đc có đi,hãy cùng chúng tớ đã có hai t thôi mà tr ng thái_độ của t đc có đi mô chị rủ_rê mí đôi có đi mô_tô xe_máy đâu có thế mạnh của đứa đc có đi,phan_nan_dich_vu
hãy cùng chúng đã có hai đứa thôi mà tr ng thái_độ của t đc có đi mô chị rủ_rê mí đôi đi mô_tô xe_máy đâu thế mạnh của t đc có,hãy cùng chúng đã có hai đứa thôi mà tr ng thái_độ của t đc có đi mô chị rủ_rê mí đôi đi mô_tô xe_máy đâu thế mạnh của t đc có,phan_nan_dich_vu
hãy cùng chúng tớ có hai đứa thôi mà tr ng thái_độ của t đc có đi mô rủ_rê mí đi mô_tô xe_máy đâu có thế mạnh của t đc có đi,hãy cùng chúng tớ có hai đứa thôi mà tr ng thái_độ của t đc có đi mô rủ_rê mí đi mô_tô xe_máy đâu có thế mạnh của t đc có đi,phan_nan_dich_vu
hãy cùng chúng tớ đã có hai đứa thôi mà tr ng thái_độ của t đc có đi mô chị rủ_rê mí đôi chất có đi mô_tô xe_máy đâu có thế mạnh của t đc có đi,hãy cùng chúng tớ đã có hai đứa thôi mà tr ng thái_độ của t đc có đi mô chị rủ_rê mí đôi chất có đi mô_tô xe_máy đâu có thế mạnh của t đc có đi,phan_nan_dich_vu
shop xịn chăm_sóc khách_hàng với thái_độ chưa được tốt lắm còn chất_lượng sản_phẩm thì ổn,shop xịn chăm_sóc khách_hàng với thái_độ chưa được tốt lắm còn chất_lượng sản_phẩm thì ổn,phan_nan_dich_vu
shop chăm_sóc khách_hàng với thái_độ chưa được tốt lắm còn sản_phẩm thì ổn,shop chăm_sóc khách_hàng với thái_độ chưa được tốt lắm còn sản_phẩm thì ổn,phan_nan_dich_vu
shop chăm_sóc khách_hàng với thái_độ chưa được tốt lắm còn chất_lượng thì ổn,shop chăm_sóc khách_hàng với thái_độ chưa được tốt lắm còn chất_lượng thì ổn,phan_nan_dich_vu
thân_thiện shop chăm_sóc khách_hàng với thái_độ chưa được tốt lắm còn chất_lượng sản_phẩm thì ổn,thân_thiện shop chăm_sóc khách_hàng với thái_độ chưa được tốt lắm còn chất_lượng sản_phẩm thì ổn,phan_nan_dich_vu
ko phục_vụ thái_độ tốt,ko phục_vụ thái_độ tốt,phan_nan_dich_vu
thái_độ đẹp dép ship e r thân_thiện,thái_độ đẹp dép ship e r thân_thiện,phan_nan_dich_vu
dép tuyệt thái_độ ship e r thân_thiện,dép tuyệt thái_độ ship e r thân_thiện,phan_nan_dich_vu
giao hàng siêu nhanh đúng hẹn nhưng mình kh hài_lòng về thái_độ phục_vụ lắm,giao hàng siêu nhanh đúng hẹn nhưng mình kh hài_lòng về thái_độ phục_vụ lắm,phan_nan_dich_vu
hàng siêu mình kh hài_lòng về thái_độ phục_vụ lắm,hàng siêu mình kh hài_lòng về thái_độ phục_vụ lắm,phan_nan_dich_vu
giao hàng siêu nhanh nhưng mình kh rcm hài_lòng về thái_độ phục_vụ lắm,giao hàng siêu nhanh nhưng mình kh rcm hài_lòng về thái_độ phục_vụ lắm,phan_nan_dich_vu
giao hàng siêu lẹ nhưng mình kh hài_lòng về thái_độ phục_vụ lắm,giao hàng siêu lẹ nhưng mình kh hài_lòng về thái_độ phục_vụ lắm,phan_nan_dich_vu
với cả thái_độ phục_vụ của shop cũng ưng như,với cả thái_độ phục_vụ của shop cũng ưng như,phan_nan_dich_vu
với cả thái_độ phục_vụ shop của cũng như,với cả thái_độ phục_vụ shop của cũng như,phan_nan_dich_vu
với cả thái_độ bền_đẹp phục_vụ của shop cũng như,với cả thái_độ bền_đẹp phục_vụ của shop cũng như,phan_nan_dich_vu
hãy cùng chúng tớ đã có hai đứa thôi mà tr ng thái_độ của t đc có đi mô chị rủ_rê mí đôi kỹ có đi mô_tô xe_máy đâu có thế mạnh của t đc có đi,hãy cùng chúng tớ đã có hai đứa thôi mà tr ng thái_độ của t đc có đi mô chị rủ_rê mí đôi kỹ có đi mô_tô xe_máy đâu có thế mạnh của t đc có đi,phan_nan_dich_vu
hãy cùng chúng tớ đc có hai đứa thôi mà tr ng thái_độ của t đc có đi mô chị rủ_rê mí đôi có đi mô_tô xe_máy đâu có thế mạnh của t đã có đi,hãy cùng chúng tớ đc có hai đứa thôi mà tr ng thái_độ của t đc có đi mô chị rủ_rê mí đôi có đi mô_tô xe_máy đâu có thế mạnh của t đã có đi,phan_nan_dich_vu
chắc hãy cùng chúng tớ đã có hai đứa thôi mà tr ng thái_độ của t đc có đi mô chị rủ_rê mí đôi có đi mô_tô xe_máy đâu có thế mạnh của t đc có đi,chắc hãy cùng chúng tớ đã có hai đứa thôi mà tr ng thái_độ của t đc có đi mô chị rủ_rê mí đôi có đi mô_tô xe_máy đâu có thế mạnh của t đc có đi,phan_nan_dich_vu
hãy cùng chúng tớ đã có hai đứa thôi mà tr ng thái_độ của t đc có đi mô chị rủ_rê mí đôi có đi mô_tô xe_máy t có thế mạnh của đâu đc có đi,hãy cùng chúng tớ đã có hai đứa thôi mà tr ng thái_độ của t đc có đi mô chị rủ_rê mí đôi có đi mô_tô xe_máy t có thế mạnh của đâu đc có đi,phan_nan_dich_vu
shop chăm_sóc lắm với thái_độ chưa được tốt khách_hàng còn chất_lượng sản_phẩm thì ổn,shop chăm_sóc lắm với thái_độ chưa được tốt khách_hàng còn chất_lượng sản_phẩm thì ổn,phan_nan_dich_vu
shop chăm_sóc khách_hàng với thái_độ chưa được xịn lắm còn chất_lượng sản_phẩm thì ổn,shop chăm_sóc khách_hàng với thái_độ chưa được xịn lắm còn chất_lượng sản_phẩm thì ổn,phan_nan_dich_vu
thái_độ phục_vụ ko tốt giá tốt,thái_độ phục_vụ ko tốt giá tốt,phan_nan_dich_vu
thái_độ phục_vụ ổn ko tốt,thái_độ phục_vụ ổn ko tốt,phan_nan_dich_vu
thái_độ phục_vụ ko chưa tới tốt,thái_độ phục_vụ ko chưa tới tốt,phan_nan_dich_vu
ổn dép đẹp thái_độ ship e r thân_thiện,ổn dép đẹp thái_độ ship e r thân_thiện,phan_nan_dich_vu
dép xịn đẹp thái_độ ship e r thân_thiện,dép xịn đẹp thái_độ ship e r thân_thiện,phan_nan_dich_vu
giao hàng siêu nhanh nhưng mình kh tận tâm hài_lòng về thái_độ phục_vụ lắm,giao hàng siêu nhanh nhưng mình kh tận tâm hài_lòng về thái_độ phục_vụ lắm,phan_nan_dich_vu
hàng siêu nhanh mình kh về thái_độ phục_vụ lắm,hàng siêu nhanh mình kh về thái_độ phục_vụ lắm,phan_nan_dich_vu
giao hàng siêu nhanh nhưng mình lắm hài_lòng về thái_độ phục_vụ kh,giao hàng siêu nhanh nhưng mình lắm hài_lòng về thái_độ phục_vụ kh,phan_nan_dich_vu
với cả thái_độ phục_vụ của shop như cũng,với cả thái_độ phục_vụ của shop như cũng,phan_nan_dich_vu
với cả của phục_vụ thái_độ shop cũng như,với cả của phục_vụ thái_độ shop cũng như,phan_nan_dich_vu
với cả thái_độ phục_vụ của shop cũng như mua đi,với cả thái_độ phục_vụ của shop cũng như mua đi,phan_nan_dich_vu
với cả thái_độ phục_vụ của shop như,với cả thái_độ phục_vụ của shop như,phan_nan_dich_vu
hãy chúng tớ hai đứa mà tr ng thái_độ của t có đi mô chị rủ_rê mí đôi có đi mô_tô xe_máy đâu có thế mạnh của t đc có đi,hãy chúng tớ hai đứa mà tr ng thái_độ của t có đi mô chị rủ_rê mí đôi có đi mô_tô xe_máy đâu có thế mạnh của t đc có đi,phan_nan_dich_vu
hãy cùng chúng tớ đã có hai đứa thôi mà tr ng thái_độ của t đc có đi xịn mô chị rủ_rê mí đôi có đi mô_tô xe_máy đâu có thế mạnh của t đc có đi,hãy cùng chúng tớ đã có hai đứa thôi mà tr ng thái_độ của t đc có đi xịn mô chị rủ_rê mí đôi có đi mô_tô xe_máy đâu có thế mạnh của t đc có đi,phan_nan_dich_vu
hãy cùng chúng tớ đã có hai đứa thôi mà tr ng thái_độ của t đc có đi mô chị rủ_rê mí đôi có đi mô_tô xe_máy đâu có thế thân_thiện mạnh của t đc có đi,hãy cùng chúng tớ đã có hai đứa thôi mà tr ng thái_độ của t đc có đi mô chị rủ_rê mí đôi có đi mô_tô xe_máy đâu có thế thân_thiện mạnh của t đc có đi,phan_nan_dich_vu
hãy cùng chúng tớ đã có hai đứa thôi mà tr ng thái_độ t đc có mô chị rủ_rê mí đôi có xe_máy có thế mạnh của t đc có đi,hãy cùng chúng tớ đã có hai đứa thôi mà tr ng thái_độ t đc có mô chị rủ_rê mí đôi có xe_máy có thế mạnh của t đc có đi,phan_nan_dich_vu
shop chăm_sóc khách_hàng với chất_lượng chưa được tốt lắm còn thái_độ sản_phẩm thì ổn,shop chăm_sóc khách_hàng với chất_lượng chưa được tốt lắm còn thái_độ sản_phẩm thì ổn,phan_nan_dich_vu
chăm_sóc khách_hàng với thái_độ chưa được tốt còn chất_lượng sản_phẩm ổn,chăm_sóc khách_hàng với thái_độ chưa được tốt còn chất_lượng sản_phẩm ổn,phan_nan_dich_vu
shop chăm_sóc khách_hàng với chưa được tốt lắm còn chất_lượng sản_phẩm ổn,shop chăm_sóc khách_hàng với chưa được tốt lắm còn chất_lượng sản_phẩm ổn,phan_nan_dich_vu
thái_độ phục_vụ ko chắc tốt,thái_độ phục_vụ ko chắc tốt,phan_nan_dich_vu
thái_độ phục_vụ ko chắc,thái_độ phục_vụ ko chắc,phan_nan_dich_vu
dép thái_độ ship e thân_thiện,dép thái_độ ship e thân_thiện,phan_nan_dich_vu
đẹp dép thái_độ ship e r thân_thiện,đẹp dép thái_độ ship e r thân_thiện,phan_nan_dich_vu
giao hàng nhanh nhưng mình kh hài_lòng về thái_độ phục_vụ lắm,giao hàng nhanh nhưng mình kh hài_lòng về thái_độ phục_vụ lắm,phan_nan_dich_vu
giao hàng siêu nhanh nhưng mình về hài_lòng kh thái_độ phục_vụ lắm,giao hàng siêu nhanh nhưng mình về hài_lòng kh thái_độ phục_vụ lắm,phan_nan_dich_vu
giao hài_lòng siêu nhanh nhưng mình kh hàng về thái_độ phục_vụ lắm,giao hài_lòng siêu nhanh nhưng mình kh hàng về thái_độ phục_vụ lắm,phan_nan_dich_vu
tốt bụng với cả thái_độ phục_vụ của shop cũng như,tốt bụng với cả thái_độ phục_vụ của shop cũng như,phan_nan_dich_vu
với cả phục_vụ thái_độ của shop cũng như,với cả phục_vụ thái_độ của shop cũng như,phan_nan_dich_vu
với cả thái_độ phục_vụ của shop nồng mùi cũng như,với cả thái_độ phục_vụ của shop nồng mùi cũng như,phan_nan_dich_vu
với cả thái_độ phục_vụ của shop cũng như đúng như quảng cáo,với cả thái_độ phục_vụ của shop cũng như đúng như quảng cáo,phan_nan_dich_vu
hãy cùng chúng tớ đã có hai đứa thôi mà tr ng thái_độ của t đc có mô đi chị rủ_rê mí đôi có đi mô_tô xe_máy đâu có thế mạnh của t đc có đi,hãy cùng chúng tớ đã có hai đứa thôi mà tr ng thái_độ của t đc có mô đi chị rủ_rê mí đôi có đi mô_tô xe_máy đâu có thế mạnh của t đc có đi,phan_nan_dich_vu
hãy cùng chúng tớ đã có hai đứa thôi mà tr ng thái_độ của t đc có đi mô chị tuyệt rủ_rê mí đôi có đi mô_tô xe_máy đâu có thế mạnh của t đc có đi,hãy cùng chúng tớ đã có hai đứa thôi mà tr ng thái_độ của t đc có đi mô chị tuyệt rủ_rê mí đôi có đi mô_tô xe_máy đâu có thế mạnh của t đc có đi,phan_nan_dich_vu
hãy cùng chúng tớ đã có hai đứa thôi mà tr ng thái_độ của t đc có đi mô chị rủ_rê mí đôi có đi mô_tô xe_máy đâu có thế mạnh của ok t đc có đi,hãy cùng chúng tớ đã có hai đứa thôi mà tr ng thái_độ của t đc có đi mô chị rủ_rê mí đôi có đi mô_tô xe_máy đâu có thế mạnh của ok t đc có đi,phan_nan_dich_vu
hãy cùng chúng tớ đã có hai đứa thôi mà tr ng thái_độ của t đc có đi mô chị rủ_rê mí đôi có đi mô_tô xe_máy đâu có thế của mạnh t đc có đi,hãy cùng chúng tớ đã có hai đứa thôi mà tr ng thái_độ của t đc có đi mô chị rủ_rê mí đôi có đi mô_tô xe_máy đâu có thế của mạnh t đc có đi,phan_nan_dich_vu
shop chăm_sóc khách_hàng với thái_độ chưa được tốt lắm còn chất_lượng chắc sản_phẩm thì ổn,shop chăm_sóc khách_hàng với thái_độ chưa được tốt lắm còn chất_lượng chắc sản_phẩm thì ổn,phan_nan_dich_vu
shop chăm_sóc khách_hàng cẩn_thận với thái_độ chưa được tốt lắm còn chất_lượng sản_phẩm thì ổn,shop chăm_sóc khách_hàng cẩn_thận với thái_độ chưa được tốt lắm còn chất_lượng sản_phẩm thì ổn,phan_nan_dich_vu
shop chăm_sóc khách_hàng với thái_độ chưa được ok lắm còn chất_lượng sản_phẩm thì ổn,shop chăm_sóc khách_hàng với thái_độ chưa được ok lắm còn chất_lượng sản_phẩm thì ổn,phan_nan_dich_vu
shop chăm_sóc khách_hàng với chưa thái_độ được tốt lắm còn chất_lượng sản_phẩm thì ổn,shop chăm_sóc khách_hàng với chưa thái_độ được tốt lắm còn chất_lượng sản_phẩm thì ổn,phan_nan_dich_vu
thái_độ phục_vụ trễ ko tốt,thái_độ phục_vụ trễ ko tốt,phan_nan_dich_vu
dép đẹp thái_độ ship chất_lượng e r thân_thiện,dép đẹp thái_độ ship chất_lượng e r thân_thiện,phan_nan_dich_vu
giao hàng siêu nhanh nhưng mình kh hài_lòng về ổn thái_độ phục_vụ lắm,giao hàng siêu nhanh nhưng mình kh hài_lòng về ổn thái_độ phục_vụ lắm,phan_nan_dich_vu
nhưng hàng siêu nhanh giao mình kh hài_lòng về thái_độ phục_vụ lắm,nhưng hàng siêu nhanh giao mình kh hài_lòng về thái_độ phục_vụ lắm,phan_nan_dich_vu
với cả thái_độ phục_vụ của shop đẹp cũng như,với cả thái_độ phục_vụ của shop đẹp cũng như,phan_nan_dich_vu
với cả thái_độ phục_vụ như shop cũng của,với cả thái_độ phục_vụ như shop cũng của,phan_nan_dich_vu
hãy cùng chúng có hai đứa tr thái_độ t đc có đi mô rủ_rê mí đôi có mô_tô xe_máy có thế mạnh t đc có đi,hãy cùng chúng có hai đứa tr thái_độ t đc có đi mô rủ_rê mí đôi có mô_tô xe_máy có thế mạnh t đc có đi,phan_nan_dich_vu
hãy cùng chúng tớ đã có hai mô_tô thôi mà tr ng thái_độ của t đc có đi mô chị rủ_rê mí đôi có đi đứa xe_máy đâu có thế mạnh của t đc có đi,hãy cùng chúng tớ đã có hai mô_tô thôi mà tr ng thái_độ của t đc có đi mô chị rủ_rê mí đôi có đi đứa xe_máy đâu có thế mạnh của t đc có đi,phan_nan_dich_vu
hãy cùng chúng tớ có hai đứa thôi mà tr ng thái_độ của t đc có đi mô chị rủ_rê mí đôi có đi mô_tô xe_máy đâu có thế mạnh của t đc có đi,hãy cùng chúng tớ có hai đứa thôi mà tr ng thái_độ của t đc có đi mô chị rủ_rê mí đôi có đi mô_tô xe_máy đâu có thế mạnh của t đc có đi,phan_nan_dich_vu
hãy cùng chúng tớ đã có hai đứa thôi mà tr ng thái_độ của t đc có đóng_gói đi mô chị rủ_rê mí đôi có đi mô_tô xe_máy đâu có thế mạnh của t đc có đi,hãy cùng chúng tớ đã có hai đứa thôi mà tr ng thái_độ của t đc có đóng_gói đi mô chị rủ_rê mí đôi có đi mô_tô xe_máy đâu có thế mạnh của t đc có đi,phan_nan_dich_vu
shop chăm_sóc khách_hàng với thái_độ chưa được tốt lắm còn đúng hẹn chất_lượng sản_phẩm thì ổn,shop chăm_sóc khách_hàng với thái_độ chưa được tốt lắm còn đúng hẹn chất_lượng sản_phẩm thì ổn,phan_nan_dich_vu
shop chăm_sóc khách_hàng chưa được tốt lắm còn chất_lượng sản_phẩm thì ổn,shop chăm_sóc khách_hàng chưa được tốt lắm còn chất_lượng sản_phẩm thì ổn,phan_nan_dich_vu
thái_độ phục_vụ ko trễ tốt,thái_độ phục_vụ ko trễ tốt,phan_nan_dich_vu
thái_độ phục_vụ ưng ko tốt,thái_độ phục_vụ ưng ko tốt,phan_nan_dich_vu
đúng_mô_tả thái_độ phục_vụ ko tốt,đúng_mô_tả thái_độ phục_vụ ko tốt,phan_nan_dich_vu
dép đẹp lỗi hàng thái_độ ship e r thân_thiện,dép đẹp lỗi hàng thái_độ ship e r thân_thiện,phan_nan_dich_vu
bao bì dép đẹp thái_độ ship e r thân_thiện,bao bì dép đẹp thái_độ ship e r thân_thiện,phan_nan_dich_vu
dép chuẩn thái_độ ship e r thân_thiện,dép chuẩn thái_độ ship e r thân_thiện,phan_nan_dich_vu
giao hàng siêu mình nhưng nhanh kh hài_lòng về thái_độ phục_vụ lắm,giao hàng siêu mình nhưng nhanh kh hài_lòng về thái_độ phục_vụ lắm,phan_nan_dich_vu
giao hàng siêu nhanh nhưng mình thái_độ hài_lòng về kh phục_vụ lắm,giao hàng siêu nhanh nhưng mình thái_độ hài_lòng về kh phục_vụ lắm,phan_nan_dich_vu
giao hàng siêu nhanh nhưng về kh hài_lòng mình thái_độ phục_vụ lắm,giao hàng siêu nhanh nhưng về kh hài_lòng mình thái_độ phục_vụ lắm,phan_nan_dich_vu
với cả thái_độ shop của phục_vụ cũng như,với cả thái_độ shop của phục_vụ cũng như,phan_nan_dich_vu
với cả thái_độ như của shop cũng phục_vụ,với cả thái_độ như của shop cũng phục_vụ,phan_nan_dich_vu
shop cả thái_độ phục_vụ của với cũng như,shop cả thái_độ phục_vụ của với cũng như,phan_nan_dich_vu
hãy cùng chúng tớ đã có hai đứa thôi mà tr ng thái_độ của t đc có đi mô chị rủ_rê mí đôi có đi mô_tô xe_máy đâu có thế mạnh đc t của có đi,hãy cùng chúng tớ đã có hai đứa thôi mà tr ng thái_độ của t đc có đi mô chị rủ_rê mí đôi có đi mô_tô xe_máy đâu có thế mạnh đc t của có đi,phan_nan_dich_vu
hãy cùng chúng tớ đã có thôi đứa hai mà tr ng thái_độ của t đc có đi mô chị rủ_rê mí đôi có đi mô_tô xe_máy đâu có thế mạnh của t đc có đi,hãy cùng chúng tớ đã có thôi đứa hai mà tr ng thái_độ của t đc có đi mô chị rủ_rê mí đôi có đi mô_tô xe_máy đâu có thế mạnh của t đc có đi,phan_nan_dich_vu
hãy cùng chúng tớ đã có hai đứa thôi mà tr ng thái_độ của t đc có đi mô chị rủ_rê mí đôi đi mô_tô xe_máy có của t có đi,hãy cùng chúng tớ đã có hai đứa thôi mà tr ng thái_độ của t đc có đi mô chị rủ_rê mí đôi đi mô_tô xe_máy có của t có đi,phan_nan_dich_vu
hãy cùng tớ đã có hai đứa thôi mà tr ng thái_độ t đc có đi mô rủ_rê mí đôi có đi mô_tô xe_máy đâu có thế của t đc đi,hãy cùng tớ đã có hai đứa thôi mà tr ng thái_độ t đc có đi mô rủ_rê mí đôi có đi mô_tô xe_máy đâu có thế của t đc đi,phan_nan_dich_vu
shop chăm_sóc khách_hàng với thái_độ chưa được thanks tốt lắm còn chất_lượng sản_phẩm thì ổn,shop chăm_sóc khách_hàng với thái_độ chưa được thanks tốt lắm còn chất_lượng sản_phẩm thì ổn,phan_nan_dich_vu
shop chăm_sóc khách_hàng với thái_độ chưa được tốt lắm còn chất_lượng sản_phẩm thì vừa ý ổn,shop chăm_sóc khách_hàng với thái_độ chưa được tốt lắm còn chất_lượng sản_phẩm thì vừa ý ổn,phan_nan_dich_vu
shop được khách_hàng với thái_độ chưa chăm_sóc tốt lắm còn chất_lượng sản_phẩm thì ổn,shop được khách_hàng với thái_độ chưa chăm_sóc tốt lắm còn chất_lượng sản_phẩm thì ổn,phan_nan_dich_vu
thái_độ tốt ko phục_vụ,thái_độ tốt ko phục_vụ,phan_nan_dich_vu
dép đẹp thái_độ r e ship thân_thiện,dép đẹp thái_độ r e ship thân_thiện,phan_nan_dich_vu
dép đẹp thái_độ ship e r thân_thiện tuyệt,dép đẹp thái_độ ship e r thân_thiện tuyệt,phan_nan_dich_vu
giao hàng siêu nhanh nhưng mình kh lắm về thái_độ phục_vụ hài_lòng,giao hàng siêu nhanh nhưng mình kh lắm về thái_độ phục_vụ hài_lòng,phan_nan_dich_vu
giao hàng siêu nhanh không ổn nhưng mình kh hài_lòng về thái_độ phục_vụ lắm,giao hàng siêu nhanh không ổn nhưng mình kh hài_lòng về thái_độ phục_vụ lắm,phan_nan_dich_vu
với cả thái_độ của phục_vụ shop cũng như,với cả thái_độ của phục_vụ shop cũng như,phan_nan_dich_vu
với cả thái_độ phục_vụ của cũng shop như,với cả thái_độ phục_vụ của cũng shop như,phan_nan_dich_vu
với thái_độ phục_vụ của shop cũng,với thái_độ phục_vụ của shop cũng,phan_nan_dich_vu
hãy cùng chúng tớ đã có hai đứa thôi đẹp mà tr ng thái_độ của t đc có đi mô chị rủ_rê mí đôi có đi mô_tô xe_máy đâu có thế mạnh của t đc có đi,hãy cùng chúng tớ đã có hai đứa thôi đẹp mà tr ng thái_độ của t đc có đi mô chị rủ_rê mí đôi có đi mô_tô xe_máy đâu có thế mạnh của t đc có đi,phan_nan_dich_vu
hãy cùng chúng tớ đã có hai đứa thôi đi tr ng thái_độ của t đc có mà mô chị rủ_rê mí đôi có đi mô_tô xe_máy đâu có thế mạnh của t đc có đi,hãy cùng chúng tớ đã có hai đứa thôi đi tr ng thái_độ của t đc có mà mô chị rủ_rê mí đôi có đi mô_tô xe_máy đâu có thế mạnh của t đc có đi,phan_nan_dich_vu
hãy cùng chúng tớ mô có hai đứa thôi mà tr ng thái_độ của t đc có đi đã chị rủ_rê mí đôi có đi mô_tô xe_máy đâu có thế mạnh của t đc có đi,hãy cùng chúng tớ mô có hai đứa thôi mà tr ng thái_độ của t đc có đi đã chị rủ_rê mí đôi có đi mô_tô xe_máy đâu có thế mạnh của t đc có đi,phan_nan_dich_vu
hãy cùng chúng tớ đã có hỏng hai đứa thôi mà tr ng thái_độ của t đc có đi mô chị rủ_rê mí đôi có đi mô_tô xe_máy đâu có thế mạnh của t đc có đi,hãy cùng chúng tớ đã có hỏng hai đứa thôi mà tr ng thái_độ của t đc có đi mô chị rủ_rê mí đôi có đi mô_tô xe_máy đâu có thế mạnh của t đc có đi,phan_nan_dich_vu
shop chăm_sóc với thái_độ chưa được tốt lắm còn chất_lượng thì ổn,shop chăm_sóc với thái_độ chưa được tốt lắm còn chất_lượng thì ổn,phan_nan_dich_vu
shop chăm_sóc khách_hàng với thái_độ chưa được tốt lắm siêu nhanh còn chất_lượng sản_phẩm thì ổn,shop chăm_sóc khách_hàng với thái_độ chưa được tốt lắm siêu nhanh còn chất_lượng sản_phẩm thì ổn,phan_nan_dich_vu
thái_độ hôi phục_vụ ko tốt,thái_độ hôi phục_vụ ko tốt,phan_nan_dich_vu
dép thái_độ ship e r thân_thiện,dép thái_độ ship e r thân_thiện,phan_nan_dich_vu
dép đẹp thái_độ chắc bền ship e r thân_thiện,dép đẹp thái_độ chắc bền ship e r thân_thiện,phan_nan_dich_vu
giao hàng siêu nhanh nhưng kh hài_lòng về thái_độ phục_vụ lắm,giao hàng siêu nhanh nhưng kh hài_lòng về thái_độ phục_vụ lắm,phan_nan_dich_vu
giao hàng siêu nhanh quá đỉnh nhưng mình kh hài_lòng về thái_độ phục_vụ lắm,giao hàng siêu nhanh quá đỉnh nhưng mình kh hài_lòng về thái_độ phục_vụ lắm,phan_nan_dich_vu
giao hàng siêu nhanh kh mình nhưng hài_lòng về thái_độ phục_vụ lắm,giao hàng siêu nhanh kh mình nhưng hài_lòng về thái_độ phục_vụ lắm,phan_nan_dich_vu
như cả thái_độ phục_vụ của shop cũng với,như cả thái_độ phục_vụ của shop cũng với,phan_nan_dich_vu
hãy chúng đã có hai đứa thôi mà tr ng thái_độ của t đc có đi mô chị rủ_rê mí đôi có đi mô_tô xe_máy đâu có mạnh của t đc có đi,hãy chúng đã có hai đứa thôi mà tr ng thái_độ của t đc có đi mô chị rủ_rê mí đôi có đi mô_tô xe_máy đâu có mạnh của t đc có đi,phan_nan_dich_vu
hãy cùng chúng tớ đã có hai của thôi mà tr ng thái_độ của t đc có đi mô chị rủ_rê mí đôi có đi mô_tô xe_máy đâu có thế mạnh đứa t đc có đi,hãy cùng chúng tớ đã có hai của thôi mà tr ng thái_độ của t đc có đi mô chị rủ_rê mí đôi có đi mô_tô xe_máy đâu có thế mạnh đứa t đc có đi,phan_nan_dich_vu
cùng chúng tớ đã có hai đứa thôi mà tr ng thái_độ của t đc có đi chị rủ_rê mí có đi xe_máy có thế mạnh của t đc có đi,cùng chúng tớ đã có hai đứa thôi mà tr ng thái_độ của t đc có đi chị rủ_rê mí có đi xe_máy có thế mạnh của t đc có đi,phan_nan_dich_vu
shop gói hàng chăm_sóc khách_hàng với thái_độ chưa được tốt lắm còn chất_lượng sản_phẩm thì ổn,shop gói hàng chăm_sóc khách_hàng với thái_độ chưa được tốt lắm còn chất_lượng sản_phẩm thì ổn,phan_nan_dich_vu
shop chăm_sóc sản_phẩm với thái_độ chưa được tốt lắm còn chất_lượng khách_hàng thì ổn,shop chăm_sóc sản_phẩm với thái_độ chưa được tốt lắm còn chất_lượng khách_hàng thì ổn,phan_nan_dich_vu
shop chăm_sóc khách_hàng với thái_độ chưa được còn lắm tốt chất_lượng sản_phẩm thì ổn,shop chăm_sóc khách_hàng với thái_độ chưa được còn lắm tốt chất_lượng sản_phẩm thì ổn,phan_nan_dich_vu
ko tốt,ko tốt,phan_nan_dich_vu
thái_độ phục_vụ ko ok,thái_độ phục_vụ ko ok,phan_nan_dich_vu
dép đẹp thái_độ ship xinh e r thân_thiện,dép đẹp thái_độ ship xinh e r thân_thiện,phan_nan_dich_vu
dép đẹp đáng mua thái_độ ship e r thân_thiện,dép đẹp đáng mua thái_độ ship e r thân_thiện,phan_nan_dich_vu
dép đẹp cẩn_thận thái_độ ship e r thân_thiện,dép đẹp cẩn_thận thái_độ ship e r thân_thiện,phan_nan_dich_vu
giao hàng siêu nhanh tận tâm nhưng mình kh hài_lòng về thái_độ phục_vụ lắm,giao hàng siêu nhanh tận tâm nhưng mình kh hài_lòng về thái_độ phục_vụ lắm,phan_nan_dich_vu
giao hàng siêu ok nhanh nhưng mình kh hài_lòng về thái_độ phục_vụ lắm,giao hàng siêu ok nhanh nhưng mình kh hài_lòng về thái_độ phục_vụ lắm,phan_nan_dich_vu
giao hàng siêu nhanh nhưng đáng tiền mình kh hài_lòng về thái_độ phục_vụ lắm,giao hàng siêu nhanh nhưng đáng tiền mình kh hài_lòng về thái_độ phục_vụ lắm,phan_nan_dich_vu
giao hàng siêu nhanh nhưng cảm ơn shop mình kh hài_lòng về thái_độ phục_vụ lắm,giao hàng siêu nhanh nhưng cảm ơn shop mình kh hài_lòng về thái_độ phục_vụ lắm,phan_nan_dich_vu
với cả phục_vụ của shop như,với cả phục_vụ của shop như,phan_nan_dich_vu
với cả thái_độ phục_vụ của shop cũng như đúng_mô_tả,với cả thái_độ phục_vụ của shop cũng như đúng_mô_tả,phan_nan_dich_vu
hãy cùng tớ đã hai đứa thôi mà tr ng thái_độ của t đc có đi mô rủ_rê mí có đi mô_tô xe_máy đâu thế mạnh của t đc có đi,hãy cùng tớ đã hai đứa thôi mà tr ng thái_độ của t đc có đi mô rủ_rê mí có đi mô_tô xe_máy đâu thế mạnh của t đc có đi,phan_nan_dich_vu
hãy chúng tớ đã có hai đứa thôi mà tr ng thái_độ của t đc đi mô chị rủ_rê mí đôi có đi mô_tô xe_máy đâu có mạnh của t đc đi,hãy chúng tớ đã có hai đứa thôi mà tr ng thái_độ của t đc đi mô chị rủ_rê mí đôi có đi mô_tô xe_máy đâu có mạnh của t đc đi,phan_nan_dich_vu
hãy tớ đã có hai thôi mà ng của t đc có chị mí đôi có mô_tô xe_máy đâu có mạnh t đc có đi,hãy tớ đã có hai thôi mà ng của t đc có chị mí đôi có mô_tô xe_máy đâu có mạnh t đc có đi,phan_nan_dich_vu
hãy cùng chúng thôi đã có hai đứa tớ mà tr ng thái_độ của t đc có đi mô chị rủ_rê mí đôi có đi mô_tô xe_máy đâu có thế mạnh của t đc có đi,hãy cùng chúng thôi đã có hai đứa tớ mà tr ng thái_độ của t đc có đi mô chị rủ_rê mí đôi có đi mô_tô xe_máy đâu có thế mạnh của t đc có đi,phan_nan_dich_vu
shop chăm_sóc khách_hàng với được chưa thái_độ tốt lắm còn chất_lượng sản_phẩm thì ổn,shop chăm_sóc khách_hàng với được chưa thái_độ tốt lắm còn chất_lượng sản_phẩm thì ổn,phan_nan_dich_vu
shop chăm_sóc khách_hàng tốt thái_độ chưa được với lắm còn chất_lượng sản_phẩm thì ổn,shop chăm_sóc khách_hàng tốt thái_độ chưa được với lắm còn chất_lượng sản_phẩm thì ổn,phan_nan_dich_vu
shop chăm_sóc khách_hàng với thái_độ chưa được đúng_mô_tả tốt lắm còn chất_lượng sản_phẩm thì ổn,shop chăm_sóc khách_hàng với thái_độ chưa được đúng_mô_tả tốt lắm còn chất_lượng sản_phẩm thì ổn,phan_nan_dich_vu
shop chăm_sóc khách_hàng với thái_độ chưa được tốt muộn lắm còn chất_lượng sản_phẩm thì ổn,shop chăm_sóc khách_hàng với thái_độ chưa được tốt muộn lắm còn chất_lượng sản_phẩm thì ổn,phan_nan_dich_vu
thái_độ phục_vụ ko tốt vừa ý,thái_độ phục_vụ ko tốt vừa ý,phan_nan_dich_vu
thái_độ phục_vụ ko giống hình tốt,thái_độ phục_vụ ko giống hình tốt,phan_nan_dich_vu
thân_thiện đẹp thái_độ ship e r dép,thân_thiện đẹp thái_độ ship e r dép,phan_nan_dich_vu
dép đẹp thái_độ ship phải chăng e r thân_thiện,dép đẹp thái_độ ship phải chăng e r thân_thiện,phan_nan_dich_vu
dép đẹp giá ổn thái_độ ship e r thân_thiện,dép đẹp giá ổn thái_độ ship e r thân_thiện,phan_nan_dich_vu
về hàng siêu nhanh nhưng mình kh hài_lòng giao thái_độ phục_vụ lắm,về hàng siêu nhanh nhưng mình kh hài_lòng giao thái_độ phục_vụ lắm,phan_nan_dich_vu
giao hàng siêu nhanh nhưng mình giống hình kh hài_lòng về thái_độ phục_vụ lắm,giao hàng siêu nhanh nhưng mình giống hình kh hài_lòng về thái_độ phục_vụ lắm,phan_nan_dich_vu
giao hàng siêu nhưng mình kh hài_lòng thái_độ phục_vụ,giao hàng siêu nhưng mình kh hài_lòng thái_độ phục_vụ,phan_nan_dich_vu
với cả thái_độ phục_vụ xứng đáng của shop cũng như,với cả thái_độ phục_vụ xứng đáng của shop cũng như,phan_nan_dich_vu
với cả thái_độ phục_vụ của shop gói hàng cũng như,với cả thái_độ phục_vụ của shop gói hàng cũng như,phan_nan_dich_vu
thái_độ phục_vụ của shop cũng như,thái_độ phục_vụ của shop cũng như,phan_nan_dich_vu
hãy cùng chúng tớ đã có hai đứa thôi mà tr ng thái_độ của t đc có đi mô chị rủ_rê mí đôi có đi mô_tô xe_máy đâu có thế mạnh thank you của t đc có đi,hãy cùng chúng tớ đã có hai đứa thôi mà tr ng thái_độ của t đc có đi mô chị rủ_rê mí đôi có đi mô_tô xe_máy đâu có thế mạnh thank you của t đc có đi,phan_nan_dich_vu
hãy cùng đã có hai đứa thôi mà tr ng thái_độ của t đc có đi rủ_rê mí có đi mô_tô đâu có thế mạnh của t đc có đi,hãy cùng đã có hai đứa thôi mà tr ng thái_độ của t đc có đi rủ_rê mí có đi mô_tô đâu có thế mạnh của t đc có đi,phan_nan_dich_vu
hãy cùng chúng tớ đã có hai đứa thôi có tr ng thái_độ của t đc mà đi mô chị rủ_rê mí đôi có đi mô_tô xe_máy đâu có thế mạnh của t đc có đi,hãy cùng chúng tớ đã có hai đứa thôi có tr ng thái_độ của t đc mà đi mô chị rủ_rê mí đôi có đi mô_tô xe_máy đâu có thế mạnh của t đc có đi,phan_nan_dich_vu
hãy thôi chúng tớ đã có hai đứa cùng mà tr ng thái_độ của t đc có đi mô chị rủ_rê mí đôi có đi mô_tô xe_máy đâu có thế mạnh của t đc có đi,hãy thôi chúng tớ đã có hai đứa cùng mà tr ng thái_độ của t đc có đi mô chị rủ_rê mí đôi có đi mô_tô xe_máy đâu có thế mạnh của t đc có đi,phan_nan_dich_vu
shop chăm_sóc khách_hàng với thái_độ tận tâm chưa được tốt lắm còn chất_lượng sản_phẩm thì ổn,shop chăm_sóc khách_hàng với thái_độ tận tâm chưa được tốt lắm còn chất_lượng sản_phẩm thì ổn,phan_nan_dich_vu
shop chăm_sóc khách_hàng chưa thái_độ với được tốt lắm còn chất_lượng sản_phẩm thì ổn,shop chăm_sóc khách_hàng chưa thái_độ với được tốt lắm còn chất_lượng sản_phẩm thì ổn,phan_nan_dich_vu
lắm chăm_sóc khách_hàng với thái_độ chưa được tốt shop còn chất_lượng sản_phẩm thì ổn,lắm chăm_sóc khách_hàng với thái_độ chưa được tốt shop còn chất_lượng sản_phẩm thì ổn,phan_nan_dich_vu
đáng tiền thái_độ phục_vụ ko tốt,đáng tiền thái_độ phục_vụ ko tốt,phan_nan_dich_vu
dép đẹp thái_độ ship e vui vẻ r thân_thiện,dép đẹp thái_độ ship e vui vẻ r thân_thiện,phan_nan_dich_vu
dép đẹp thái_độ ship e quá đỉnh r thân_thiện,dép đẹp thái_độ ship e quá đỉnh r thân_thiện,phan_nan_dich_vu
dép đáng tiền đẹp thái_độ ship e r thân_thiện,dép đáng tiền đẹp thái_độ ship e r thân_thiện,phan_nan_dich_vu
giao hàng siêu nhanh nhưng mình kh hài_lòng về chắc thái_độ phục_vụ lắm,giao hàng siêu nhanh nhưng mình kh hài_lòng về chắc thái_độ phục_vụ lắm,phan_nan_dich_vu
giao hàng siêu nhanh nhưng mình kh về thái_độ phục_vụ lắm,giao hàng siêu nhanh nhưng mình kh về thái_độ phục_vụ lắm,phan_nan_dich_vu
giao hàng siêu nhanh nhưng mình kh hài_lòng thái_độ về phục_vụ lắm,giao hàng siêu nhanh nhưng mình kh hài_lòng thái_độ về phục_vụ lắm,phan_nan_dich_vu
với cảm_ơn cả thái_độ phục_vụ của shop cũng như,với cảm_ơn cả thái_độ phục_vụ của shop cũng như,phan_nan_dich_vu
với cả thái_độ oke phục_vụ của shop cũng như,với cả thái_độ oke phục_vụ của shop cũng như,phan_nan_dich_vu
với cả thái_độ phục_vụ của xịn shop cũng như,với cả thái_độ phục_vụ của xịn shop cũng như,phan_nan_dich_vu
hãy cùng chúng tớ đã mô hai đứa thôi mà tr ng thái_độ của t đc có đi có chị rủ_rê mí đôi có đi mô_tô xe_máy đâu có thế mạnh của t đc có đi,hãy cùng chúng tớ đã mô hai đứa thôi mà tr ng thái_độ của t đc có đi có chị rủ_rê mí đôi có đi mô_tô xe_máy đâu có thế mạnh của t đc có đi,phan_nan_dich_vu
có cùng chúng tớ đã có hai đứa thôi mà tr ng thái_độ của t đc có đi mô chị rủ_rê mí đôi có đi mô_tô xe_máy đâu có thế mạnh của t đc hãy đi,có cùng chúng tớ đã có hai đứa thôi mà tr ng thái_độ của t đc có đi mô chị rủ_rê mí đôi có đi mô_tô xe_máy đâu có thế mạnh của t đc hãy đi,phan_nan_dich_vu
hãy cùng chúng tớ đã có hai đứa thôi mà tr ng thái_độ của t đc có đi mô chị rủ_rê mí đôi có đi mô_tô xe_máy đâu có thế đi của t đc có mạnh,hãy cùng chúng tớ đã có hai đứa thôi mà tr ng thái_độ của t đc có đi mô chị rủ_rê mí đôi có đi mô_tô xe_máy đâu có thế đi của t đc có mạnh,phan_nan_dich_vu
hãy cùng chúng tớ đã có hai đứa mà tr ng thái_độ của đc có đi mô chị rủ_rê mí đôi đi mô_tô xe_máy đâu thế mạnh của t đc có đi,hãy cùng chúng tớ đã có hai đứa mà tr ng thái_độ của đc có đi mô chị rủ_rê mí đôi đi mô_tô xe_máy đâu thế mạnh của t đc có đi,phan_nan_dich_vu
shop chăm_sóc khách_hàng với thái_độ chưa được tốt lắm còn chất_lượng sản_phẩm thì ổn hợp_lý,shop chăm_sóc khách_hàng với thái_độ chưa được tốt lắm còn chất_lượng sản_phẩm thì ổn hợp_lý,phan_nan_dich_vu
shop với khách_hàng chăm_sóc thái_độ chưa được tốt lắm còn chất_lượng sản_phẩm thì ổn,shop với khách_hàng chăm_sóc thái_độ chưa được tốt lắm còn chất_lượng sản_phẩm thì ổn,phan_nan_dich_vu
shop chăm_sóc khách_hàng với thái_độ được lắm còn sản_phẩm thì ổn,shop chăm_sóc khách_hàng với thái_độ được lắm còn sản_phẩm thì ổn,phan_nan_dich_vu
sản_phẩm chăm_sóc khách_hàng với thái_độ chưa được tốt lắm còn chất_lượng shop thì ổn,sản_phẩm chăm_sóc khách_hàng với thái_độ chưa được tốt lắm còn chất_lượng shop thì ổn,phan_nan_dich_vu
thái_độ phục_vụ ko tốt chắc,thái_độ phục_vụ ko tốt chắc,phan_nan_dich_vu
xinh thái_độ phục_vụ ko tốt,xinh thái_độ phục_vụ ko tốt,phan_nan_dich_vu
tuyệt vời thái_độ phục_vụ ko tốt,tuyệt vời thái_độ phục_vụ ko tốt,phan_nan_dich_vu
dép thái_độ ship e r,dép thái_độ ship e r,phan_nan_dich_vu
dép đẹp thái_độ ship e r thân_thiện gói hàng,dép đẹp thái_độ ship e r thân_thiện gói hàng,phan_nan_dich_vu
hài_lòng dép đẹp thái_độ ship e r thân_thiện,hài_lòng dép đẹp thái_độ ship e r thân_thiện,phan_nan_dich_vu
giao hàng nhanh siêu nhưng mình kh hài_lòng về thái_độ phục_vụ lắm,giao hàng nhanh siêu nhưng mình kh hài_lòng về thái_độ phục_vụ lắm,phan_nan_dich_vu
với cả xịn thái_độ phục_vụ của shop cũng như,với cả xịn thái_độ phục_vụ của shop cũng như,phan_nan_dich_vu
với cả thái_độ phục_vụ của shop cũng êm như,với cả thái_độ phục_vụ của shop cũng êm như,phan_nan_dich_vu
với cả thái_độ phục_vụ của shop chuẩn mô tả cũng như,với cả thái_độ phục_vụ của shop chuẩn mô tả cũng như,phan_nan_dich_vu
chúng tớ đã có hai đứa thôi mà tr thái_độ của t đc có đi mô chị rủ_rê mí đôi có đi mô_tô xe_máy đâu có thế mạnh của t đc có,chúng tớ đã có hai đứa thôi mà tr thái_độ của t đc có đi mô chị rủ_rê mí đôi có đi mô_tô xe_máy đâu có thế mạnh của t đc có,phan_nan_dich_vu
hãy cùng chúng tớ mà có hai đứa thôi đã tr ng thái_độ của t đc có đi mô chị rủ_rê mí đôi có đi mô_tô xe_máy đâu có thế mạnh của t đc có đi,hãy cùng chúng tớ mà có hai đứa thôi đã tr ng thái_độ của t đc có đi mô chị rủ_rê mí đôi có đi mô_tô xe_máy đâu có thế mạnh của t đc có đi,phan_nan_dich_vu
hãy chúng tớ đã có hai đứa mà tr ng thái_độ của t đc có đi mô chị rủ_rê mí có đi mô_tô xe_máy đâu có thế mạnh của t đc có đi,hãy chúng tớ đã có hai đứa mà tr ng thái_độ của t đc có đi mô chị rủ_rê mí có đi mô_tô xe_máy đâu có thế mạnh của t đc có đi,phan_nan_dich_vu
shop chăm_sóc thái_độ với khách_hàng chưa được tốt lắm còn chất_lượng sản_phẩm thì ổn,shop chăm_sóc thái_độ với khách_hàng chưa được tốt lắm còn chất_lượng sản_phẩm thì ổn,phan_nan_dich_vu
thái_độ phục_vụ ko tốt không đạt,thái_độ phục_vụ ko tốt không đạt,phan_nan_dich_vu
xịn thái_độ phục_vụ ko tốt,xịn thái_độ phục_vụ ko tốt,phan_nan_dich_vu
bị lỗi thái_độ phục_vụ ko tốt,bị lỗi thái_độ phục_vụ ko tốt,phan_nan_dich_vu
dép đẹp thái_độ ship rcm e r thân_thiện,dép đẹp thái_độ ship rcm e r thân_thiện,phan_nan_dich_vu
dép thân_thiện thái_độ ship e r đẹp,dép thân_thiện thái_độ ship e r đẹp,phan_nan_dich_vu
giao thái_độ siêu nhanh nhưng mình kh hài_lòng về hàng phục_vụ lắm,giao thái_độ siêu nhanh nhưng mình kh hài_lòng về hàng phục_vụ lắm,phan_nan_dich_vu
thái_độ hàng siêu nhanh nhưng mình kh hài_lòng về giao phục_vụ lắm,thái_độ hàng siêu nhanh nhưng mình kh hài_lòng về giao phục_vụ lắm,phan_nan_dich_vu
giao hàng siêu nhanh nhưng mình kh cute hài_lòng về thái_độ phục_vụ lắm,giao hàng siêu nhanh nhưng mình kh cute hài_lòng về thái_độ phục_vụ lắm,phan_nan_dich_vu
với cả thái_độ phục_vụ cũng shop của như,với cả thái_độ phục_vụ cũng shop của như,phan_nan_dich_vu
với cả thái_độ đúng như quảng cáo phục_vụ của shop cũng như,với cả thái_độ đúng như quảng cáo phục_vụ của shop cũng như,phan_nan_dich_vu
cả phục_vụ của shop cũng,cả phục_vụ của shop cũng,phan_nan_dich_vu
hãy cùng chúng tớ đã t hai đứa thôi mà tr ng thái_độ của t đc có đi mô chị rủ_rê mí đôi có đi mô_tô xe_máy đâu có thế mạnh của có đc có đi,hãy cùng chúng tớ đã t hai đứa thôi mà tr ng thái_độ của t đc có đi mô chị rủ_rê mí đôi có đi mô_tô xe_máy đâu có thế mạnh của có đc có đi,phan_nan_dich_vu
hãy cùng chúng đã có đứa thôi mà tr ng thái_độ của t đc có đi mô chị rủ_rê có mô_tô xe_máy đâu có thế mạnh t đc có đi,hãy cùng chúng đã có đứa thôi mà tr ng thái_độ của t đc có đi mô chị rủ_rê có mô_tô xe_máy đâu có thế mạnh t đc có đi,phan_nan_dich_vu
hãy cùng chúng tớ đã có hai đứa thôi mà thái_độ của t đc đi mô chị rủ_rê mí có đi mô_tô xe_máy đâu có thế mạnh của t có đi,hãy cùng chúng tớ đã có hai đứa thôi mà thái_độ của t đc đi mô chị rủ_rê mí có đi mô_tô xe_máy đâu có thế mạnh của t có đi,phan_nan_dich_vu
chất_lượng chăm_sóc khách_hàng với thái_độ chưa được tốt lắm còn shop sản_phẩm thì ổn,chất_lượng chăm_sóc khách_hàng với thái_độ chưa được tốt lắm còn shop sản_phẩm thì ổn,phan_nan_dich_vu
shop chăm_sóc khách_hàng với thái_độ chưa được tốt chán lắm còn chất_lượng sản_phẩm thì ổn,shop chăm_sóc khách_hàng với thái_độ chưa được tốt chán lắm còn chất_lượng sản_phẩm thì ổn,phan_nan_dich_vu
dép r thái_độ ship e đẹp thân_thiện,dép r thái_độ ship e đẹp thân_thiện,phan_nan_dich_vu
dép đẹp thái_độ ship e r thân_thiện xứng đáng,dép đẹp thái_độ ship e r thân_thiện xứng đáng,phan_nan_dich_vu
dép đẹp bị lỗi thái_độ ship e r thân_thiện,dép đẹp bị lỗi thái_độ ship e r thân_thiện,phan_nan_dich_vu
dép đẹp thái_độ ship đúng như quảng cáo e r thân_thiện,dép đẹp thái_độ ship đúng như quảng cáo e r thân_thiện,phan_nan_dich_vu
giao hàng siêu nhanh nhưng mình kh mềm_mại hài_lòng về thái_độ phục_vụ lắm,giao hàng siêu nhanh nhưng mình kh mềm_mại hài_lòng về thái_độ phục_vụ lắm,phan_nan_dich_vu
giao hàng siêu nhanh mình kh về thái_độ phục_vụ lắm,giao hàng siêu nhanh mình kh về thái_độ phục_vụ lắm,phan_nan_dich_vu
giao hàng siêu mình kh hài_lòng thái_độ phục_vụ lắm,giao hàng siêu mình kh hài_lòng thái_độ phục_vụ lắm,phan_nan_dich_vu
với phục_vụ thái_độ cả của shop cũng như,với phục_vụ thái_độ cả của shop cũng như,phan_nan_dich_vu
cả thái_độ của shop cũng như,cả thái_độ của shop cũng như,phan_nan_dich_vu
với cả giới thiệu thái_độ phục_vụ của shop cũng như,với cả giới thiệu thái_độ phục_vụ của shop cũng như,phan_nan_dich_vu
với phục_vụ của shop cũng như,với phục_vụ của shop cũng như,phan_nan_dich_vu
hãy cùng chúng tớ đã có hai đứa thôi mà tr ng thái_độ của t đc có đi có chị rủ_rê mí đôi có đi mô_tô xe_máy đâu mô thế mạnh của t đc có đi,hãy cùng chúng tớ đã có hai đứa thôi mà tr ng thái_độ của t đc có đi có chị rủ_rê mí đôi có đi mô_tô xe_máy đâu mô thế mạnh của t đc có đi,phan_nan_dich_vu
bị lỗi hãy cùng chúng tớ đã có hai đứa thôi mà tr ng thái_độ của t đc có đi mô chị rủ_rê mí đôi có đi mô_tô xe_máy đâu có thế mạnh của t đc có đi,bị lỗi hãy cùng chúng tớ đã có hai đứa thôi mà tr ng thái_độ của t đc có đi mô chị rủ_rê mí đôi có đi mô_tô xe_máy đâu có thế mạnh của t đc có đi,phan_nan_dich_vu
hãy cùng chúng tớ đã có hai thế thôi mà tr ng thái_độ của t đc có đi mô chị rủ_rê mí đôi có đi mô_tô xe_máy đâu có đứa mạnh của t đc có đi,hãy cùng chúng tớ đã có hai thế thôi mà tr ng thái_độ của t đc có đi mô chị rủ_rê mí đôi có đi mô_tô xe_máy đâu có đứa mạnh của t đc có đi,phan_nan_dich_vu
hãy chúng tớ có hai đứa thôi tr ng thái_độ của đc có đi mô chị mí đôi có đi xe_máy đâu có thế mạnh của t đc đi,hãy chúng tớ có hai đứa thôi tr ng thái_độ của đc có đi mô chị mí đôi có đi xe_máy đâu có thế mạnh của t đc đi,phan_nan_dich_vu
shop chăm_sóc khách_hàng với thái_độ chưa được ổn lắm còn chất_lượng sản_phẩm thì ổn,shop chăm_sóc khách_hàng với thái_độ chưa được ổn lắm còn chất_lượng sản_phẩm thì ổn,phan_nan_dich_vu
shop chăm_sóc khách_hàng với thái_độ chưa được lắm tốt còn chất_lượng sản_phẩm thì ổn,shop chăm_sóc khách_hàng với thái_độ chưa được lắm tốt còn chất_lượng sản_phẩm thì ổn,phan_nan_dich_vu
shop chăm_sóc khách_hàng với thái_độ chưa thân_thiện được tốt lắm còn chất_lượng sản_phẩm thì ổn,shop chăm_sóc khách_hàng với thái_độ chưa thân_thiện được tốt lắm còn chất_lượng sản_phẩm thì ổn,phan_nan_dich_vu
phục_vụ thái_độ ko tốt,phục_vụ thái_độ ko tốt,phan_nan_dich_vu
thái_độ,thái_độ,phan_nan_dich_vu
thái_độ phục_vụ ko cl tốt,thái_độ phục_vụ ko cl tốt,phan_nan_dich_vu
đẹp ship e r thân_thiện,đẹp ship e r thân_thiện,phan_nan_dich_vu
giao hàng siêu nhanh nhưng mình kh hài_lòng về phục_vụ lắm,giao hàng siêu nhanh nhưng mình kh hài_lòng về phục_vụ lắm,phan_nan_dich_vu
giao hàng siêu nhanh hòa đồng nhưng mình kh hài_lòng về thái_độ phục_vụ lắm,giao hàng siêu nhanh hòa đồng nhưng mình kh hài_lòng về thái_độ phục_vụ lắm,phan_nan_dich_vu
giao siêu nhanh nhưng kh hài_lòng về thái_độ phục_vụ lắm,giao siêu nhanh nhưng kh hài_lòng về thái_độ phục_vụ lắm,phan_nan_dich_vu
với cả thái_độ phục_vụ của shop cũng vừa ý như,với cả thái_độ phục_vụ của shop cũng vừa ý như,phan_nan_dich_vu
thái_độ phục_vụ của shop như,thái_độ phục_vụ của shop như,phan_nan_dich_vu
với cả cảm ơn shop thái_độ phục_vụ của shop cũng như,với cả cảm ơn shop thái_độ phục_vụ của shop cũng như,phan_nan_dich_vu
hãy cùng chúng tớ đã có hai đứa thôi tr ng thái_độ t đc có đi mô rủ_rê mí đôi có đi mô_tô xe_máy đâu thế mạnh t đc có đi,hãy cùng chúng tớ đã có hai đứa thôi tr ng thái_độ t đc có đi mô rủ_rê mí đôi có đi mô_tô xe_máy đâu thế mạnh t đc có đi,phan_nan_dich_vu
cùng tớ đã có đứa thôi tr ng thái_độ t đc có đi mô chị rủ_rê đôi có đi mô_tô đâu thế mạnh của t đc có đi,cùng tớ đã có đứa thôi tr ng thái_độ t đc có đi mô chị rủ_rê đôi có đi mô_tô đâu thế mạnh của t đc có đi,phan_nan_dich_vu
hãy cùng chúng tớ đã có hai đứa thôi mà tr ng thái_độ của t đc có đi mô chị rủ_rê mí đôi vui vẻ có đi mô_tô xe_máy đâu có thế mạnh của t đc có đi,hãy cùng chúng tớ đã có hai đứa thôi mà tr ng thái_độ của t đc có đi mô chị rủ_rê mí đôi vui vẻ có đi mô_tô xe_máy đâu có thế mạnh của t đc có đi,phan_nan_dich_vu
hãy cùng chúng tớ đã có hai đứa thôi lâu mà tr ng thái_độ của t đc có đi mô chị rủ_rê mí đôi có đi mô_tô xe_máy đâu có thế mạnh của t đc có đi,hãy cùng chúng tớ đã có hai đứa thôi lâu mà tr ng thái_độ của t đc có đi mô chị rủ_rê mí đôi có đi mô_tô xe_máy đâu có thế mạnh của t đc có đi,phan_nan_dich_vu
shop chăm_sóc khách_hàng với thái_độ chưa được tốt lẹ lắm còn chất_lượng sản_phẩm thì ổn,shop chăm_sóc khách_hàng với thái_độ chưa được tốt lẹ lắm còn chất_lượng sản_phẩm thì ổn,phan_nan_dich_vu
shop chăm_sóc khách_hàng với thái_độ chưa được tốt lắm chất_lượng ổn,shop chăm_sóc khách_hàng với thái_độ chưa được tốt lắm chất_lượng ổn,phan_nan_dich_vu
shop chăm_sóc khách_hàng với thái_độ chưa được tốt lắm còn nhanh_chóng chất_lượng sản_phẩm thì ổn,shop chăm_sóc khách_hàng với thái_độ chưa được tốt lắm còn nhanh_chóng chất_lượng sản_phẩm thì ổn,phan_nan_dich_vu
thái_độ phục_vụ hợp lý ko tốt,thái_độ phục_vụ hợp lý ko tốt,phan_nan_dich_vu
dép đẹp ship e thân_thiện,dép đẹp ship e thân_thiện,phan_nan_dich_vu
dép đẹp thái_độ ship e mùi nồng r thân_thiện,dép đẹp thái_độ ship e mùi nồng r thân_thiện,phan_nan_dich_vu
giao hàng siêu nhanh xứng đáng nhưng mình kh hài_lòng về thái_độ phục_vụ lắm,giao hàng siêu nhanh xứng đáng nhưng mình kh hài_lòng về thái_độ phục_vụ lắm,phan_nan_dich_vu
với cả thái_độ phục_vụ bị lỗi của shop cũng như,với cả thái_độ phục_vụ bị lỗi của shop cũng như,phan_nan_dich_vu
với cả thái_độ phục_vụ của shop ưng cũng như,với cả thái_độ phục_vụ của shop ưng cũng như,phan_nan_dich_vu
với cả thái_độ phục_vụ của cũng như,với cả thái_độ phục_vụ của cũng như,phan_nan_dich_vu
hãy cùng tớ đã có hai thôi mà tr ng thái_độ t đc đi mô chị rủ_rê mí có đi mô_tô xe_máy đâu có thế mạnh của t đc có đi,hãy cùng tớ đã có hai thôi mà tr ng thái_độ t đc đi mô chị rủ_rê mí có đi mô_tô xe_máy đâu có thế mạnh của t đc có đi,phan_nan_dich_vu
hãy cùng chúng tớ đã có hai đứa thôi mà tr ng có của t đc có đi mô chị rủ_rê mí đôi có đi mô_tô xe_máy đâu có thế mạnh của t đc thái_độ đi,hãy cùng chúng tớ đã có hai đứa thôi mà tr ng có của t đc có đi mô chị rủ_rê mí đôi có đi mô_tô xe_máy đâu có thế mạnh của t đc thái_độ đi,phan_nan_dich_vu
hãy cùng tớ đã có hai đứa thôi mà tr ng thái_độ của t đc có đi chị mí đi mô_tô xe_máy đâu có thế mạnh của đc có đi,hãy cùng tớ đã có hai đứa thôi mà tr ng thái_độ của t đc có đi chị mí đi mô_tô xe_máy đâu có thế mạnh của đc có đi,phan_nan_dich_vu
hãy cùng chúng tớ đã hai đứa thôi mà ng thái_độ của t đc có đi rủ_rê mí đi xe_máy có thế mạnh của t đc có đi,hãy cùng chúng tớ đã hai đứa thôi mà ng thái_độ của t đc có đi rủ_rê mí đi xe_máy có thế mạnh của t đc có đi,phan_nan_dich_vu
shop khách_hàng với chưa tốt lắm còn chất_lượng sản_phẩm thì,shop khách_hàng với chưa tốt lắm còn chất_lượng sản_phẩm thì,phan_nan_dich_vu
shop chăm_sóc khách_hàng với thái_độ chưa được tốt chất_lượng còn lắm sản_phẩm thì ổn,shop chăm_sóc khách_hàng với thái_độ chưa được tốt chất_lượng còn lắm sản_phẩm thì ổn,phan_nan_dich_vu
shop chăm_sóc khách_hàng với thái_độ chưa được tốt lắm còn chất_lượng sản_phẩm thì ổn ổn,shop chăm_sóc khách_hàng với thái_độ chưa được tốt lắm còn chất_lượng sản_phẩm thì ổn ổn,phan_nan_dich_vu
thái_độ phục_vụ oke ko tốt,thái_độ phục_vụ oke ko tốt,phan_nan_dich_vu
thái_độ phục_vụ ko đúng như quảng cáo tốt,thái_độ phục_vụ ko đúng như quảng cáo tốt,phan_nan_dich_vu
phục_vụ ko,phục_vụ ko,phan_nan_dich_vu
đẹp thái_độ ship e r thân_thiện,đẹp thái_độ ship e r thân_thiện,phan_nan_dich_vu
dép đẹp thái_độ ship e r thân_thiện chuẩn,dép đẹp thái_độ ship e r thân_thiện chuẩn,phan_nan_dich_vu
hàng siêu nhanh nhưng mình kh thái_độ phục_vụ lắm,hàng siêu nhanh nhưng mình kh thái_độ phục_vụ lắm,phan_nan_dich_vu
giao hàng siêu nhanh nhưng kh hài_lòng về thái_độ phục_vụ,giao hàng siêu nhanh nhưng kh hài_lòng về thái_độ phục_vụ,phan_nan_dich_vu
giao hàng nhanh nhưng mình hài_lòng về thái_độ lắm,giao hàng nhanh nhưng mình hài_lòng về thái_độ lắm,phan_nan_dich_vu
giao lỗi hàng hàng siêu nhanh nhưng mình kh hài_lòng về thái_độ phục_vụ lắm,giao lỗi hàng hàng siêu nhanh nhưng mình kh hài_lòng về thái_độ phục_vụ lắm,phan_nan_dich_vu
với cả shop phục_vụ của thái_độ cũng như,với cả shop phục_vụ của thái_độ cũng như,phan_nan_dich_vu
với cả phục_vụ shop cũng,với cả phục_vụ shop cũng,phan_nan_dich_vu
hãy cùng chúng tớ đã có hai đứa thôi mà ưng tr ng thái_độ của t đc có đi mô chị rủ_rê mí đôi có đi mô_tô xe_máy đâu có thế mạnh của t đc có đi,hãy cùng chúng tớ đã có hai đứa thôi mà ưng tr ng thái_độ của t đc có đi mô chị rủ_rê mí đôi có đi mô_tô xe_máy đâu có thế mạnh của t đc có đi,phan_nan_dich_vu
hãy cùng chúng tớ đã có hai đứa thôi mà tr ng thái_độ của t đc có đi mô chị rủ_rê mí đôi có đi mô_tô xe_máy đâu có thế mạnh của xịn t đc có đi,hãy cùng chúng tớ đã có hai đứa thôi mà tr ng thái_độ của t đc có đi mô chị rủ_rê mí đôi có đi mô_tô xe_máy đâu có thế mạnh của xịn t đc có đi,phan_nan_dich_vu
hãy cùng chúng tớ đã có hai đứa thôi mà ng thái_độ của t đc có đi mô chị rủ_rê mí đôi có đi mô_tô xe_máy đâu có thế mạnh của t đc có đi,hãy cùng chúng tớ đã có hai đứa thôi mà ng thái_độ của t đc có đi mô chị rủ_rê mí đôi có đi mô_tô xe_máy đâu có thế mạnh của t đc có đi,phan_nan_dich_vu
hãy cùng chúng tớ đã có hai đứa thôi mà tr ng thái_độ của t đc đc đi mô chị rủ_rê mí đôi có đi mô_tô xe_máy đâu có thế mạnh của t có có đi,hãy cùng chúng tớ đã có hai đứa thôi mà tr ng thái_độ của t đc đc đi mô chị rủ_rê mí đôi có đi mô_tô xe_máy đâu có thế mạnh của t có có đi,phan_nan_dich_vu
shop chăm_sóc khách_hàng với thái_độ chưa được tốt lắm chất_lượng sản_phẩm thì ổn,shop chăm_sóc khách_hàng với thái_độ chưa được tốt lắm chất_lượng sản_phẩm thì ổn,phan_nan_dich_vu
shop chăm_sóc khách_hàng với thái_độ chưa được chất_lượng lắm còn tốt sản_phẩm thì ổn,shop chăm_sóc khách_hàng với thái_độ chưa được chất_lượng lắm còn tốt sản_phẩm thì ổn,phan_nan_dich_vu
shop khách_hàng thái_độ được tốt lắm chất_lượng sản_phẩm thì ổn,shop khách_hàng thái_độ được tốt lắm chất_lượng sản_phẩm thì ổn,phan_nan_dich_vu
chăm_sóc khách_hàng với thái_độ chưa được tốt lắm còn chất_lượng sản_phẩm thì ổn,chăm_sóc khách_hàng với thái_độ chưa được tốt lắm còn chất_lượng sản_phẩm thì ổn,phan_nan_dich_vu
thái_độ phải chăng phục_vụ ko tốt,thái_độ phải chăng phục_vụ ko tốt,phan_nan_dich_vu
dép gói hàng đẹp thái_độ ship e r thân_thiện,dép gói hàng đẹp thái_độ ship e r thân_thiện,phan_nan_dich_vu
giao hàng kh nhanh nhưng mình siêu hài_lòng về thái_độ phục_vụ lắm,giao hàng kh nhanh nhưng mình siêu hài_lòng về thái_độ phục_vụ lắm,phan_nan_dich_vu
giao hàng siêu kh nhưng mình nhanh hài_lòng về thái_độ phục_vụ lắm,giao hàng siêu kh nhưng mình nhanh hài_lòng về thái_độ phục_vụ lắm,phan_nan_dich_vu
với cả khuyến nghị thái_độ phục_vụ của shop cũng như,với cả khuyến nghị thái_độ phục_vụ của shop cũng như,phan_nan_dich_vu
với của thái_độ phục_vụ cả shop cũng như,với của thái_độ phục_vụ cả shop cũng như,phan_nan_dich_vu
với cả thái_độ phục_vụ của shop cũng như hỏng,với cả thái_độ phục_vụ của shop cũng như hỏng,phan_nan_dich_vu
hãy chán cùng chúng tớ đã có hai đứa thôi mà tr ng thái_độ của t đc có đi mô chị rủ_rê mí đôi có đi mô_tô xe_máy đâu có thế mạnh của t đc có đi,hãy chán cùng chúng tớ đã có hai đứa thôi mà tr ng thái_độ của t đc có đi mô chị rủ_rê mí đôi có đi mô_tô xe_máy đâu có thế mạnh của t đc có đi,phan_nan_dich_vu
hãy cùng chúng tớ đúng_mô_tả đã có hai đứa thôi mà tr ng thái_độ của t đc có đi mô chị rủ_rê mí đôi có đi mô_tô xe_máy đâu có thế mạnh của t đc có đi,hãy cùng chúng tớ đúng_mô_tả đã có hai đứa thôi mà tr ng thái_độ của t đc có đi mô chị rủ_rê mí đôi có đi mô_tô xe_máy đâu có thế mạnh của t đc có đi,phan_nan_dich_vu
hãy cùng tớ có hai đứa thôi mà tr ng của đc đi mô rủ_rê mí đôi có đi mô_tô xe_máy đâu có thế mạnh của t đc có đi,hãy cùng tớ có hai đứa thôi mà tr ng của đc đi mô rủ_rê mí đôi có đi mô_tô xe_máy đâu có thế mạnh của t đc có đi,phan_nan_dich_vu
hãy cùng chúng tớ đã có hai đứa thôi mà tr ng thái_độ của t đc có đi mô chị rủ_rê mí đôi có đi mô_tô xe_máy đâu có thế hợp_lý mạnh của t đc có đi,hãy cùng chúng tớ đã có hai đứa thôi mà tr ng thái_độ của t đc có đi mô chị rủ_rê mí đôi có đi mô_tô xe_máy đâu có thế hợp_lý mạnh của t đc có đi,phan_nan_dich_vu
shop chăm_sóc khách_hàng với thái_độ cl chưa được tốt lắm còn chất_lượng sản_phẩm thì ổn,shop chăm_sóc khách_hàng với thái_độ cl chưa được tốt lắm còn chất_lượng sản_phẩm thì ổn,phan_nan_dich_vu
chăm_sóc khách_hàng với thái_độ chưa được tốt lắm còn chất_lượng sản_phẩm ổn,chăm_sóc khách_hàng với thái_độ chưa được tốt lắm còn chất_lượng sản_phẩm ổn,phan_nan_dich_vu
khách_hàng với thái_độ chưa tốt còn chất_lượng sản_phẩm thì ổn,khách_hàng với thái_độ chưa tốt còn chất_lượng sản_phẩm thì ổn,phan_nan_dich_vu
shop chăm_sóc thái_độ tốt lắm chất_lượng sản_phẩm thì ổn,shop chăm_sóc thái_độ tốt lắm chất_lượng sản_phẩm thì ổn,phan_nan_dich_vu
thái_độ phục_vụ bền_đẹp ko tốt,thái_độ phục_vụ bền_đẹp ko tốt,phan_nan_dich_vu
hỏng dép đẹp thái_độ ship e r thân_thiện,hỏng dép đẹp thái_độ ship e r thân_thiện,phan_nan_dich_vu
dép đẹp thái_độ thân_thiện e r ship,dép đẹp thái_độ thân_thiện e r ship,phan_nan_dich_vu
hợp lý dép đẹp thái_độ ship e r thân_thiện,hợp lý dép đẹp thái_độ ship e r thân_thiện,phan_nan_dich_vu
giao siêu nhưng kh hài_lòng về thái_độ phục_vụ lắm,giao siêu nhưng kh hài_lòng về thái_độ phục_vụ lắm,phan_nan_dich_vu
giao hàng siêu nhanh nhưng mình kh như hình hài_lòng về thái_độ phục_vụ lắm,giao hàng siêu nhanh nhưng mình kh như hình hài_lòng về thái_độ phục_vụ lắm,phan_nan_dich_vu
giao hàng siêu nhanh nhưng mình kh hài_lòng về thái_độ phục_vụ lắm tận_tình,giao hàng siêu nhanh nhưng mình kh hài_lòng về thái_độ phục_vụ lắm tận_tình,phan_nan_dich_vu
với cả thái_độ phục_vụ của shop chắc_chắn cũng như,với cả thái_độ phục_vụ của shop chắc_chắn cũng như,phan_nan_dich_vu
với cả thái_độ chắc bền phục_vụ của shop cũng như,với cả thái_độ chắc bền phục_vụ của shop cũng như,phan_nan_dich_vu
với cả thái_độ phục_vụ của shop đúng_mô_tả cũng như,với cả thái_độ phục_vụ của shop đúng_mô_tả cũng như,phan_nan_dich_vu
với cả thái_độ phục_vụ của shop cũng như lâu,với cả thái_độ phục_vụ của shop cũng như lâu,phan_nan_dich_vu
hãy cùng chúng tớ đã có hai đứa thôi mà bền_đẹp tr ng thái_độ của t đc có đi mô chị rủ_rê mí đôi có đi mô_tô xe_máy đâu có thế mạnh của t đc có đi,hãy cùng chúng tớ đã có hai đứa thôi mà bền_đẹp tr ng thái_độ của t đc có đi mô chị rủ_rê mí đôi có đi mô_tô xe_máy đâu có thế mạnh của t đc có đi,phan_nan_dich_vu
hãy cùng chúng tớ đã có kỹ hai đứa thôi mà tr ng thái_độ của t đc có đi mô chị rủ_rê mí đôi có đi mô_tô xe_máy đâu có thế mạnh của t đc có đi,hãy cùng chúng tớ đã có kỹ hai đứa thôi mà tr ng thái_độ của t đc có đi mô chị rủ_rê mí đôi có đi mô_tô xe_máy đâu có thế mạnh của t đc có đi,phan_nan_dich_vu
hãy cùng tớ đã có hai đứa thôi mà ng thái_độ của t đc có đi mô chị rủ_rê mí đôi có mô_tô xe_máy có thế mạnh của t có,hãy cùng tớ đã có hai đứa thôi mà ng thái_độ của t đc có đi mô chị rủ_rê mí đôi có mô_tô xe_máy có thế mạnh của t có,phan_nan_dich_vu
hãy cùng chúng tớ đã có hai đứa thôi mà tr ng thái_độ của t đc có đi oke mô chị rủ_rê mí đôi có đi mô_tô xe_máy đâu có thế mạnh của t đc có đi,hãy cùng chúng tớ đã có hai đứa thôi mà tr ng thái_độ của t đc có đi oke mô chị rủ_rê mí đôi có đi mô_tô xe_máy đâu có thế mạnh của t đc có đi,phan_nan_dich_vu
shop chăm_sóc khách_hàng với thái_độ chưa được thank you tốt lắm còn chất_lượng sản_phẩm thì ổn,shop chăm_sóc khách_hàng với thái_độ chưa được thank you tốt lắm còn chất_lượng sản_phẩm thì ổn,phan_nan_dich_vu
thái_độ thanks phục_vụ ko tốt,thái_độ thanks phục_vụ ko tốt,phan_nan_dich_vu
thái_độ phục_vụ ko tốt bao bì,thái_độ phục_vụ ko tốt bao bì,phan_nan_dich_vu
giao hàng siêu nhanh nhưng mình kh hài_lòng về chuẩn thái_độ phục_vụ lắm,giao hàng siêu nhanh nhưng mình kh hài_lòng về chuẩn thái_độ phục_vụ lắm,phan_nan_dich_vu
giao siêu nhanh nhưng mình kh về thái_độ phục_vụ lắm,giao siêu nhanh nhưng mình kh về thái_độ phục_vụ lắm,phan_nan_dich_vu
giao hàng siêu nhanh nhưng phục_vụ kh hài_lòng về thái_độ mình lắm,giao hàng siêu nhanh nhưng phục_vụ kh hài_lòng về thái_độ mình lắm,phan_nan_dich_vu
giao hàng siêu nhanh nhưng mình kh hài_lòng về thái_độ lắm,giao hàng siêu nhanh nhưng mình kh hài_lòng về thái_độ lắm,phan_nan_dich_vu
giới thiệu với cả thái_độ phục_vụ của shop cũng như,giới thiệu với cả thái_độ phục_vụ của shop cũng như,phan_nan_dich_vu
với cả thái_độ phục_vụ của shop phải chăng cũng như,với cả thái_độ phục_vụ của shop phải chăng cũng như,phan_nan_dich_vu
hãy chúng tớ đã có hai đứa thôi mà tr ng thái_độ t đc có đi mô chị rủ_rê đôi có mô_tô xe_máy đâu có thế mạnh của t đc đi,hãy chúng tớ đã có hai đứa thôi mà tr ng thái_độ t đc có đi mô chị rủ_rê đôi có mô_tô xe_máy đâu có thế mạnh của t đc đi,phan_nan_dich_vu
hãy cùng chúng tớ đã có hai đứa thôi mà tr chắc ng thái_độ của t đc có đi mô chị rủ_rê mí đôi có đi mô_tô xe_máy đâu có thế mạnh của t đc có đi,hãy cùng chúng tớ đã có hai đứa thôi mà tr chắc ng thái_độ của t đc có đi mô chị rủ_rê mí đôi có đi mô_tô xe_máy đâu có thế mạnh của t đc có đi,phan_nan_dich_vu
hãy cùng chúng tớ đã có hai đứa thôi mà tr ổn ng thái_độ của t đc có đi mô chị rủ_rê mí đôi có đi mô_tô xe_máy đâu có thế mạnh của t đc có đi,hãy cùng chúng tớ đã có hai đứa thôi mà tr ổn ng thái_độ của t đc có đi mô chị rủ_rê mí đôi có đi mô_tô xe_máy đâu có thế mạnh của t đc có đi,phan_nan_dich_vu
hãy cùng chúng tớ đã có hai đứa thôi mà tr ng thái_độ của t đc có đi mô chị rủ_rê hỗ trợ tốt mí đôi có đi mô_tô xe_máy đâu có thế mạnh của t đc có đi,hãy cùng chúng tớ đã có hai đứa thôi mà tr ng thái_độ của t đc có đi mô chị rủ_rê hỗ trợ tốt mí đôi có đi mô_tô xe_máy đâu có thế mạnh của t đc có đi,phan_nan_dich_vu
shop chăm_sóc khách_hàng với thái_độ chưa được tốt lắm còn siêu nhanh chất_lượng sản_phẩm thì ổn,shop chăm_sóc khách_hàng với thái_độ chưa được tốt lắm còn siêu nhanh chất_lượng sản_phẩm thì ổn,phan_nan_dich_vu
shop chăm_sóc khách_hàng với thái_độ chưa được lắm còn chất_lượng ổn,shop chăm_sóc khách_hàng với thái_độ chưa được lắm còn chất_lượng ổn,phan_nan_dich_vu
dép mùi nồng đẹp thái_độ ship e r thân_thiện,dép mùi nồng đẹp thái_độ ship e r thân_thiện,phan_nan_dich_vu
lắm hàng siêu nhanh nhưng mình kh hài_lòng về thái_độ phục_vụ giao,lắm hàng siêu nhanh nhưng mình kh hài_lòng về thái_độ phục_vụ giao,phan_nan_dich_vu
giao siêu nhanh nhưng mình kh hài_lòng về thái_độ phục_vụ lắm,giao siêu nhanh nhưng mình kh hài_lòng về thái_độ phục_vụ lắm,phan_nan_dich_vu
giao hàng nhanh nhưng mình kh hài_lòng về phục_vụ,giao hàng nhanh nhưng mình kh hài_lòng về phục_vụ,phan_nan_dich_vu
với cả thái_độ phục_vụ của shop cũng mùi khó chịu như,với cả thái_độ phục_vụ của shop cũng mùi khó chịu như,phan_nan_dich_vu
với cả thái_độ phục_vụ của shop cũng như ổn,với cả thái_độ phục_vụ của shop cũng như ổn,phan_nan_dich_vu
với cả phục_vụ của,với cả phục_vụ của,phan_nan_dich_vu
hãy cùng chúng tớ đã có hai đứa thôi mà tr ng thái_độ của t đc có đi mô chị rủ_rê xe_máy đôi có đi mô_tô mí đâu có thế mạnh của t đc có đi,hãy cùng chúng tớ đã có hai đứa thôi mà tr ng thái_độ của t đc có đi mô chị rủ_rê xe_máy đôi có đi mô_tô mí đâu có thế mạnh của t đc có đi,phan_nan_dich_vu
hãy cùng chúng tớ đã có hai đứa thôi mà tr ng thái_độ của t đc có đi mô chị rủ_rê mí đôi có đi mô_tô xe_máy đi có thế mạnh của t đc có đâu,hãy cùng chúng tớ đã có hai đứa thôi mà tr ng thái_độ của t đc có đi mô chị rủ_rê mí đôi có đi mô_tô xe_máy đi có thế mạnh của t đc có đâu,phan_nan_dich_vu
hãy cùng chúng t đã có hai đứa thôi mà tr ng thái_độ của tớ đc có đi mô chị rủ_rê mí đôi có đi mô_tô xe_máy đâu có thế mạnh của t đc có đi,hãy cùng chúng t đã có hai đứa thôi mà tr ng thái_độ của tớ đc có đi mô chị rủ_rê mí đôi có đi mô_tô xe_máy đâu có thế mạnh của t đc có đi,phan_nan_dich_vu
hãy cùng chúng tớ có hai đứa thôi mà tr thái_độ của t đc có đi chị rủ_rê mí đôi có đi mô_tô xe_máy đâu có thế mạnh của t đc có,hãy cùng chúng tớ có hai đứa thôi mà tr thái_độ của t đc có đi chị rủ_rê mí đôi có đi mô_tô xe_máy đâu có thế mạnh của t đc có,phan_nan_dich_vu
chăm_sóc khách_hàng với chưa được tốt còn chất_lượng sản_phẩm thì ổn,chăm_sóc khách_hàng với chưa được tốt còn chất_lượng sản_phẩm thì ổn,phan_nan_dich_vu
shop chăm_sóc khách_hàng với thái_độ thì được tốt lắm còn chất_lượng sản_phẩm chưa ổn,shop chăm_sóc khách_hàng với thái_độ thì được tốt lắm còn chất_lượng sản_phẩm chưa ổn,phan_nan_dich_vu
shop khách_hàng với thái_độ chưa được tốt lắm còn chất_lượng sản_phẩm thì ổn,shop khách_hàng với thái_độ chưa được tốt lắm còn chất_lượng sản_phẩm thì ổn,phan_nan_dich_vu
shop chăm_sóc khách_hàng với thái_độ chưa muộn được tốt lắm còn chất_lượng sản_phẩm thì ổn,shop chăm_sóc khách_hàng với thái_độ chưa muộn được tốt lắm còn chất_lượng sản_phẩm thì ổn,phan_nan_dich_vu
thái_độ phục_vụ ko đóng_gói tốt,thái_độ phục_vụ ko đóng_gói tốt,phan_nan_dich_vu
thái_độ tốt,thái_độ tốt,phan_nan_dich_vu
dép đẹp ship r thân_thiện,dép đẹp ship r thân_thiện,phan_nan_dich_vu
thái_độ e r thân_thiện,thái_độ e r thân_thiện,phan_nan_dich_vu
dép đẹp thái_độ ổn ship e r thân_thiện,dép đẹp thái_độ ổn ship e r thân_thiện,phan_nan_dich_vu
dép đẹp thái_độ ship e r thân_thiện đáng mua,dép đẹp thái_độ ship e r thân_thiện đáng mua,phan_nan_dich_vu
giao hàng siêu nhanh nhưng mình kh phục_vụ về thái_độ hài_lòng lắm,giao hàng siêu nhanh nhưng mình kh phục_vụ về thái_độ hài_lòng lắm,phan_nan_dich_vu
hàng siêu nhanh nhưng mình kh hài_lòng về thái_độ phục_vụ,hàng siêu nhanh nhưng mình kh hài_lòng về thái_độ phục_vụ,phan_nan_dich_vu
với cả thái_độ phục_vụ chuẩn của shop cũng như,với cả thái_độ phục_vụ chuẩn của shop cũng như,phan_nan_dich_vu
với cả thái_độ phục_vụ của shop cũng như chất,với cả thái_độ phục_vụ của shop cũng như chất,phan_nan_dich_vu
hãy cùng chúng tớ đã có hai đứa thôi mà tr ng cẩn_thận thái_độ của t đc có đi mô chị rủ_rê mí đôi có đi mô_tô xe_máy đâu có thế mạnh của t đc có đi,hãy cùng chúng tớ đã có hai đứa thôi mà tr ng cẩn_thận thái_độ của t đc có đi mô chị rủ_rê mí đôi có đi mô_tô xe_máy đâu có thế mạnh của t đc có đi,phan_nan_dich_vu
nhẹ hãy cùng chúng tớ đã có hai đứa thôi mà tr ng thái_độ của t đc có đi mô chị rủ_rê mí đôi có đi mô_tô xe_máy đâu có thế mạnh của t đc có đi,nhẹ hãy cùng chúng tớ đã có hai đứa thôi mà tr ng thái_độ của t đc có đi mô chị rủ_rê mí đôi có đi mô_tô xe_máy đâu có thế mạnh của t đc có đi,phan_nan_dich_vu
hãy cùng chúng tớ đã có hai đứa thôi tr thái_độ của t đc có đi mô chị rủ_rê mí đôi có đi mô_tô xe_máy đâu có thế t đc đi,hãy cùng chúng tớ đã có hai đứa thôi tr thái_độ của t đc có đi mô chị rủ_rê mí đôi có đi mô_tô xe_máy đâu có thế t đc đi,phan_nan_dich_vu
hãy cùng chúng tớ đã có có đứa thôi mà tr ng thái_độ của t đc hai đi mô chị rủ_rê mí đôi có đi mô_tô xe_máy đâu có thế mạnh của t đc có đi,hãy cùng chúng tớ đã có có đứa thôi mà tr ng thái_độ của t đc hai đi mô chị rủ_rê mí đôi có đi mô_tô xe_máy đâu có thế mạnh của t đc có đi,phan_nan_dich_vu
shop khách_hàng với thái_độ chưa tốt lắm còn chất_lượng sản_phẩm thì ổn,shop khách_hàng với thái_độ chưa tốt lắm còn chất_lượng sản_phẩm thì ổn,phan_nan_dich_vu
shop chăm_sóc khách_hàng với thái_độ chưa được tốt lắm còn chất_lượng sản_phẩm thì thank you ổn,shop chăm_sóc khách_hàng với thái_độ chưa được tốt lắm còn chất_lượng sản_phẩm thì thank you ổn,phan_nan_dich_vu
shop chăm_sóc khách_hàng với thái_độ chưa còn tốt lắm được chất_lượng sản_phẩm thì ổn,shop chăm_sóc khách_hàng với thái_độ chưa còn tốt lắm được chất_lượng sản_phẩm thì ổn,phan_nan_dich_vu
hòa đồng thái_độ phục_vụ ko tốt,hòa đồng thái_độ phục_vụ ko tốt,phan_nan_dich_vu
giao hàng siêu nhanh nhưng mình kh hài_lòng về lắm,giao hàng siêu nhanh nhưng mình kh hài_lòng về lắm,phan_nan_dich_vu
giao tận_tình hàng siêu nhanh nhưng mình kh hài_lòng về thái_độ phục_vụ lắm,giao tận_tình hàng siêu nhanh nhưng mình kh hài_lòng về thái_độ phục_vụ lắm,phan_nan_dich_vu
với cả dễ thương thái_độ phục_vụ của shop cũng như,với cả dễ thương thái_độ phục_vụ của shop cũng như,phan_nan_dich_vu
với tỉ mỉ cả thái_độ phục_vụ của shop cũng như,với tỉ mỉ cả thái_độ phục_vụ của shop cũng như,phan_nan_dich_vu
với cả thái_độ phục_vụ của shop cũng đúng hẹn như,với cả thái_độ phục_vụ của shop cũng đúng hẹn như,phan_nan_dich_vu
hãy cùng chúng tớ đã có hai thôi mà tr ng của t đc đi mô chị rủ_rê mí đôi có mô_tô xe_máy đâu có thế của t đc có đi,hãy cùng chúng tớ đã có hai thôi mà tr ng của t đc đi mô chị rủ_rê mí đôi có mô_tô xe_máy đâu có thế của t đc có đi,phan_nan_dich_vu
hãy cùng chúng tớ đã có hai đứa lâu thôi mà tr ng thái_độ của t đc có đi mô chị rủ_rê mí đôi có đi mô_tô xe_máy đâu có thế mạnh của t đc có đi,hãy cùng chúng tớ đã có hai đứa lâu thôi mà tr ng thái_độ của t đc có đi mô chị rủ_rê mí đôi có đi mô_tô xe_máy đâu có thế mạnh của t đc có đi,phan_nan_dich_vu
hãy cùng chúng tớ đã có hai đứa thôi mà tr ng thái_độ của t đc có đi mô chị rủ_rê kỹ mí đôi có đi mô_tô xe_máy đâu có thế mạnh của t đc có đi,hãy cùng chúng tớ đã có hai đứa thôi mà tr ng thái_độ của t đc có đi mô chị rủ_rê kỹ mí đôi có đi mô_tô xe_máy đâu có thế mạnh của t đc có đi,phan_nan_dich_vu
hãy cùng chúng tớ đã có hai đứa thôi mà tr ng thái_độ của t đc có đi mô chị rủ_rê mí đôi có đi mô_tô xe_máy đâu có thế mạnh của t đc có xinh đi,hãy cùng chúng tớ đã có hai đứa thôi mà tr ng thái_độ của t đc có đi mô chị rủ_rê mí đôi có đi mô_tô xe_máy đâu có thế mạnh của t đc có xinh đi,phan_nan_dich_vu
shop chăm_sóc khách_hàng với thái_độ chưa được tốt đúng hẹn lắm còn chất_lượng sản_phẩm thì ổn,shop chăm_sóc khách_hàng với thái_độ chưa được tốt đúng hẹn lắm còn chất_lượng sản_phẩm thì ổn,phan_nan_dich_vu
thái_độ phục_vụ ko chán tốt,thái_độ phục_vụ ko chán tốt,phan_nan_dich_vu
e đẹp thái_độ ship dép r thân_thiện,e đẹp thái_độ ship dép r thân_thiện,phan_nan_dich_vu
dép đẹp ship e r thân_thiện,dép đẹp ship e r thân_thiện,phan_nan_dich_vu
giao hàng siêu nhưng mình kh hài_lòng thái_độ phục_vụ lắm,giao hàng siêu nhưng mình kh hài_lòng thái_độ phục_vụ lắm,phan_nan_dich_vu
giao hàng siêu nhanh nhưng kh mình hài_lòng về thái_độ phục_vụ lắm,giao hàng siêu nhanh nhưng kh mình hài_lòng về thái_độ phục_vụ lắm,phan_nan_dich_vu
với cả thái_độ phục_vụ của shop cũng như defect,với cả thái_độ phục_vụ của shop cũng như defect,phan_nan_dich_vu
với cả thái_độ phục_vụ của shop mùi khó chịu cũng như,với cả thái_độ phục_vụ của shop mùi khó chịu cũng như,phan_nan_dich_vu
với cả thái_độ hỏng phục_vụ của shop cũng như,với cả thái_độ hỏng phục_vụ của shop cũng như,phan_nan_dich_vu
hãy cùng chúng tớ đã có hai đứa thôi mà tr ng thái_độ của t đc có đi mô chị rủ_rê mí đôi có oke đi mô_tô xe_máy đâu có thế mạnh của t đc có đi,hãy cùng chúng tớ đã có hai đứa thôi mà tr ng thái_độ của t đc có đi mô chị rủ_rê mí đôi có oke đi mô_tô xe_máy đâu có thế mạnh của t đc có đi,phan_nan_dich_vu
hãy cùng chúng tớ đã có hai đứa mà ng thái_độ của t đc có đi mô chị rủ_rê mí đôi có đi mô_tô đâu có thế mạnh của t đc đi,hãy cùng chúng tớ đã có hai đứa mà ng thái_độ của t đc có đi mô chị rủ_rê mí đôi có đi mô_tô đâu có thế mạnh của t đc đi,phan_nan_dich_vu
hãy cùng chúng tớ đã có hai đứa thôi mà tr ng thái_độ của t đc có đi mô chị rủ_rê mí đôi có đi hỏng mô_tô xe_máy đâu có thế mạnh của t đc có đi,hãy cùng chúng tớ đã có hai đứa thôi mà tr ng thái_độ của t đc có đi mô chị rủ_rê mí đôi có đi hỏng mô_tô xe_máy đâu có thế mạnh của t đc có đi,phan_nan_dich_vu
hãy cùng chúng tớ đã có hai đứa thôi mà tr ng thái_độ của t đc có đi mô chị rủ_rê mí đôi có đi mô_tô xịn xe_máy đâu có thế mạnh của t đc có đi,hãy cùng chúng tớ đã có hai đứa thôi mà tr ng thái_độ của t đc có đi mô chị rủ_rê mí đôi có đi mô_tô xịn xe_máy đâu có thế mạnh của t đc có đi,phan_nan_dich_vu
shop chăm_sóc khách_hàng với thái_độ chưa được tốt lắm còn chất_lượng sản_phẩm thì ổn dễ thương,shop chăm_sóc khách_hàng với thái_độ chưa được tốt lắm còn chất_lượng sản_phẩm thì ổn dễ thương,phan_nan_dich_vu
shop chăm_sóc khách_hàng xứng đáng với thái_độ chưa được tốt lắm còn chất_lượng sản_phẩm thì ổn,shop chăm_sóc khách_hàng xứng đáng với thái_độ chưa được tốt lắm còn chất_lượng sản_phẩm thì ổn,phan_nan_dich_vu
shop khách_hàng thái_độ chưa lắm còn chất_lượng thì ổn,shop khách_hàng thái_độ chưa lắm còn chất_lượng thì ổn,phan_nan_dich_vu
thái_độ lẹ phục_vụ ko tốt,thái_độ lẹ phục_vụ ko tốt,phan_nan_dich_vu
dép nên mua đẹp thái_độ ship e r thân_thiện,dép nên mua đẹp thái_độ ship e r thân_thiện,phan_nan_dich_vu
dép đẹp thái_độ ship e r thân_thiện recommend,dép đẹp thái_độ ship e r thân_thiện recommend,phan_nan_dich_vu
giao hàng siêu nhanh nhưng mình kh hài_lòng về lỗi hàng thái_độ phục_vụ lắm,giao hàng siêu nhanh nhưng mình kh hài_lòng về lỗi hàng thái_độ phục_vụ lắm,phan_nan_dich_vu
giao hàng nhiệt_tình siêu nhanh nhưng mình kh hài_lòng về thái_độ phục_vụ lắm,giao hàng nhiệt_tình siêu nhanh nhưng mình kh hài_lòng về thái_độ phục_vụ lắm,phan_nan_dich_vu
siêu hàng giao nhanh nhưng mình kh hài_lòng về thái_độ phục_vụ lắm,siêu hàng giao nhanh nhưng mình kh hài_lòng về thái_độ phục_vụ lắm,phan_nan_dich_vu
với cả thái_độ chuẩn hình phục_vụ của shop cũng như,với cả thái_độ chuẩn hình phục_vụ của shop cũng như,phan_nan_dich_vu
hãy cùng chúng tớ của có hai đứa thôi mà tr ng thái_độ của t đc có đi mô chị rủ_rê mí đôi có đi mô_tô xe_máy đâu có thế mạnh đã t đc có đi,hãy cùng chúng tớ của có hai đứa thôi mà tr ng thái_độ của t đc có đi mô chị rủ_rê mí đôi có đi mô_tô xe_máy đâu có thế mạnh đã t đc có đi,phan_nan_dich_vu
hãy cùng chúng tớ êm đã có hai đứa thôi mà tr ng thái_độ của t đc có đi mô chị rủ_rê mí đôi có đi mô_tô xe_máy đâu có thế mạnh của t đc có đi,hãy cùng chúng tớ êm đã có hai đứa thôi mà tr ng thái_độ của t đc có đi mô chị rủ_rê mí đôi có đi mô_tô xe_máy đâu có thế mạnh của t đc có đi,phan_nan_dich_vu
hãy cùng chúng tớ đã có hợp lý hai đứa thôi mà tr ng thái_độ của t đc có đi mô chị rủ_rê mí đôi có đi mô_tô xe_máy đâu có thế mạnh của t đc có đi,hãy cùng chúng tớ đã có hợp lý hai đứa thôi mà tr ng thái_độ của t đc có đi mô chị rủ_rê mí đôi có đi mô_tô xe_máy đâu có thế mạnh của t đc có đi,phan_nan_dich_vu
hãy cùng chúng tớ hai đứa thôi mà tr ng thái_độ của t đc có đi mô chị rủ_rê mí đôi có đi mô_tô xe_máy đâu có thế mạnh của t đc có đi,hãy cùng chúng tớ hai đứa thôi mà tr ng thái_độ của t đc có đi mô chị rủ_rê mí đôi có đi mô_tô xe_máy đâu có thế mạnh của t đc có đi,phan_nan_dich_vu
shop chăm_sóc khách_hàng với thái_độ chưa lắm tốt được còn chất_lượng sản_phẩm thì ổn,shop chăm_sóc khách_hàng với thái_độ chưa lắm tốt được còn chất_lượng sản_phẩm thì ổn,phan_nan_dich_vu
shop chăm_sóc khách_hàng với thái_độ chưa được tốt lắm còn chất_lượng sản_phẩm chuẩn hình thì ổn,shop chăm_sóc khách_hàng với thái_độ chưa được tốt lắm còn chất_lượng sản_phẩm chuẩn hình thì ổn,phan_nan_dich_vu
thái_độ phục_vụ ko cute tốt,thái_độ phục_vụ ko cute tốt,phan_nan_dich_vu
dép thái_độ e r thân_thiện,dép thái_độ e r thân_thiện,phan_nan_dich_vu
dép đẹp không ổn thái_độ ship e r thân_thiện,dép đẹp không ổn thái_độ ship e r thân_thiện,phan_nan_dich_vu
giao hàng hôi siêu nhanh nhưng mình kh hài_lòng về thái_độ phục_vụ lắm,giao hàng hôi siêu nhanh nhưng mình kh hài_lòng về thái_độ phục_vụ lắm,phan_nan_dich_vu
giao hàng siêu nhưng mình hài_lòng về thái_độ phục_vụ lắm,giao hàng siêu nhưng mình hài_lòng về thái_độ phục_vụ lắm,phan_nan_dich_vu
với cả thái_độ phục_vụ của shop giá tốt cũng như,với cả thái_độ phục_vụ của shop giá tốt cũng như,phan_nan_dich_vu
với thái_độ cả phục_vụ của shop cũng như,với thái_độ cả phục_vụ của shop cũng như,phan_nan_dich_vu
hãy cùng chúng tớ đã có hai đứa thôi mà tr ng thái_độ của t đc có đi mô chị rủ_rê mí đôi có đi mô_tô xe_máy đâu có như hình thế mạnh của t đc có đi,hãy cùng chúng tớ đã có hai đứa thôi mà tr ng thái_độ của t đc có đi mô chị rủ_rê mí đôi có đi mô_tô xe_máy đâu có như hình thế mạnh của t đc có đi,phan_nan_dich_vu
hãy cùng chúng tớ đã có hai đứa thôi mà tr ng thái_độ của t đc có đi mô chị rủ_rê mí đôi có đi mô_tô xe_máy đâu có thế mạnh của chưa tới t đc có đi,hãy cùng chúng tớ đã có hai đứa thôi mà tr ng thái_độ của t đc có đi mô chị rủ_rê mí đôi có đi mô_tô xe_máy đâu có thế mạnh của chưa tới t đc có đi,phan_nan_dich_vu
hãy cùng chúng tớ đã có hai đứa thôi mà tr ng thái_độ của t đc đi mô chị rủ_rê mí đôi có đi mô_tô xe_máy đâu có thế mạnh đc có đi,hãy cùng chúng tớ đã có hai đứa thôi mà tr ng thái_độ của t đc đi mô chị rủ_rê mí đôi có đi mô_tô xe_máy đâu có thế mạnh đc có đi,phan_nan_dich_vu
hãy cùng chúng tớ đã có hai đứa thôi mà tr ng thái_độ của t đc có đi mô chị rủ_rê cl mí đôi có đi mô_tô xe_máy đâu có thế mạnh của t đc có đi,hãy cùng chúng tớ đã có hai đứa thôi mà tr ng thái_độ của t đc có đi mô chị rủ_rê cl mí đôi có đi mô_tô xe_máy đâu có thế mạnh của t đc có đi,phan_nan_dich_vu
shop chăm_sóc khách_hàng với thái_độ chưa được tốt lắm chất_lượng thì ổn,shop chăm_sóc khách_hàng với thái_độ chưa được tốt lắm chất_lượng thì ổn,phan_nan_dich_vu
shop chăm_sóc khách_hàng với thái_độ oke chưa được tốt lắm còn chất_lượng sản_phẩm thì ổn,shop chăm_sóc khách_hàng với thái_độ oke chưa được tốt lắm còn chất_lượng sản_phẩm thì ổn,phan_nan_dich_vu
siêu nhanh shop chăm_sóc khách_hàng với thái_độ chưa được tốt lắm còn chất_lượng sản_phẩm thì ổn,siêu nhanh shop chăm_sóc khách_hàng với thái_độ chưa được tốt lắm còn chất_lượng sản_phẩm thì ổn,phan_nan_dich_vu
thì chăm_sóc khách_hàng với thái_độ chưa được tốt lắm còn chất_lượng sản_phẩm shop ổn,thì chăm_sóc khách_hàng với thái_độ chưa được tốt lắm còn chất_lượng sản_phẩm shop ổn,phan_nan_dich_vu
thái_độ phục_vụ ko đáng tiền tốt,thái_độ phục_vụ ko đáng tiền tốt,phan_nan_dich_vu
thái_độ giá ổn phục_vụ ko tốt,thái_độ giá ổn phục_vụ ko tốt,phan_nan_dich_vu
dép e thái_độ ship đẹp r thân_thiện,dép e thái_độ ship đẹp r thân_thiện,phan_nan_dich_vu
đẹp thái_độ ship e r,đẹp thái_độ ship e r,phan_nan_dich_vu
hàng siêu nhanh nhưng mình kh hài_lòng phục_vụ lắm,hàng siêu nhanh nhưng mình kh hài_lòng phục_vụ lắm,phan_nan_dich_vu
lâu giao hàng siêu nhanh nhưng mình kh hài_lòng về thái_độ phục_vụ lắm,lâu giao hàng siêu nhanh nhưng mình kh hài_lòng về thái_độ phục_vụ lắm,phan_nan_dich_vu
với cả như phục_vụ của shop cũng thái_độ,với cả như phục_vụ của shop cũng thái_độ,phan_nan_dich_vu
với cả thái_độ phục_vụ của đóng_gói shop cũng như,với cả thái_độ phục_vụ của đóng_gói shop cũng như,phan_nan_dich_vu
hãy cùng chúng tớ đã có hai đứa thôi mà tr ng thái_độ của t đc có đi mô của rủ_rê mí đôi có đi mô_tô xe_máy đâu có thế mạnh chị t đc có đi,hãy cùng chúng tớ đã có hai đứa thôi mà tr ng thái_độ của t đc có đi mô của rủ_rê mí đôi có đi mô_tô xe_máy đâu có thế mạnh chị t đc có đi,phan_nan_dich_vu
hãy cùng chúng tớ đã có hai mô thôi mà tr ng thái_độ của t đc có đi đứa chị rủ_rê mí đôi có đi mô_tô xe_máy đâu có thế mạnh của t đc có đi,hãy cùng chúng tớ đã có hai mô thôi mà tr ng thái_độ của t đc có đi đứa chị rủ_rê mí đôi có đi mô_tô xe_máy đâu có thế mạnh của t đc có đi,phan_nan_dich_vu
hãy cùng chúng đã có đứa thôi mà tr thái_độ của t đc có đi mô chị rủ_rê mí đôi có đi mô_tô đâu có thế mạnh của đc có đi,hãy cùng chúng đã có đứa thôi mà tr thái_độ của t đc có đi mô chị rủ_rê mí đôi có đi mô_tô đâu có thế mạnh của đc có đi,phan_nan_dich_vu
cùng chúng tớ đã có hai đứa mà tr thái_độ của t đc đi chị rủ_rê đôi có đi mô_tô xe_máy đâu có thế mạnh của t đc đi,cùng chúng tớ đã có hai đứa mà tr thái_độ của t đc đi chị rủ_rê đôi có đi mô_tô xe_máy đâu có thế mạnh của t đc đi,phan_nan_dich_vu
shop chăm_sóc khách_hàng với thái_độ chưa lắm còn chất_lượng sản_phẩm thì ổn,shop chăm_sóc khách_hàng với thái_độ chưa lắm còn chất_lượng sản_phẩm thì ổn,phan_nan_dich_vu
shop chăm_sóc khách_hàng với thái_độ quá đỉnh chưa được tốt lắm còn chất_lượng sản_phẩm thì ổn,shop chăm_sóc khách_hàng với thái_độ quá đỉnh chưa được tốt lắm còn chất_lượng sản_phẩm thì ổn,phan_nan_dich_vu
shop chăm_sóc khách_hàng với thái_độ chưa được tốt lắm còn chất_lượng sản_phẩm thì giá ổn ổn,shop chăm_sóc khách_hàng với thái_độ chưa được tốt lắm còn chất_lượng sản_phẩm thì giá ổn ổn,phan_nan_dich_vu
oke shop chăm_sóc khách_hàng với thái_độ chưa được tốt lắm còn chất_lượng sản_phẩm thì ổn,oke shop chăm_sóc khách_hàng với thái_độ chưa được tốt lắm còn chất_lượng sản_phẩm thì ổn,phan_nan_dich_vu
thái_độ phục_vụ ko phải chăng tốt,thái_độ phục_vụ ko phải chăng tốt,phan_nan_dich_vu
thái_độ phục_vụ ko nhẹ tốt,thái_độ phục_vụ ko nhẹ tốt,phan_nan_dich_vu
dép ship e r,dép ship e r,phan_nan_dich_vu
giao hàng siêu nhanh nhưng mình kh hài_lòng chưa tới về thái_độ phục_vụ lắm,giao hàng siêu nhanh nhưng mình kh hài_lòng chưa tới về thái_độ phục_vụ lắm,phan_nan_dich_vu
giao hàng siêu nhanh nhưng mình chuẩn kh hài_lòng về thái_độ phục_vụ lắm,giao hàng siêu nhanh nhưng mình chuẩn kh hài_lòng về thái_độ phục_vụ lắm,phan_nan_dich_vu
với cả thái_độ phục_vụ của tốt bụng shop cũng như,với cả thái_độ phục_vụ của tốt bụng shop cũng như,phan_nan_dich_vu
lỗi hàng với cả thái_độ phục_vụ của shop cũng như,lỗi hàng với cả thái_độ phục_vụ của shop cũng như,phan_nan_dich_vu
hãy cùng chúng tớ đã hai thôi mà tr ng thái_độ của t đc có đi rủ_rê mí đôi có xe_máy đâu có thế của t đc đi,hãy cùng chúng tớ đã hai thôi mà tr ng thái_độ của t đc có đi rủ_rê mí đôi có xe_máy đâu có thế của t đc đi,phan_nan_dich_vu
hãy cùng chúng tớ đã có hai đứa thôi mà tr ng thái_độ của t đc có đi mô chị có mí đôi có đi mô_tô xe_máy đâu rủ_rê thế mạnh của t đc có đi,hãy cùng chúng tớ đã có hai đứa thôi mà tr ng thái_độ của t đc có đi mô chị có mí đôi có đi mô_tô xe_máy đâu rủ_rê thế mạnh của t đc có đi,phan_nan_dich_vu
hãy cùng chúng tớ đã có hai đứa thôi mà tr ng thái_độ của t đc giá tốt có đi mô chị rủ_rê mí đôi có đi mô_tô xe_máy đâu có thế mạnh của t đc có đi,hãy cùng chúng tớ đã có hai đứa thôi mà tr ng thái_độ của t đc giá tốt có đi mô chị rủ_rê mí đôi có đi mô_tô xe_máy đâu có thế mạnh của t đc có đi,phan_nan_dich_vu
cùng chúng tớ đã có hai đứa thôi mà tr ng của đc có đi mô chị rủ_rê mí có đi mô_tô xe_máy mạnh của t đc có đi,cùng chúng tớ đã có hai đứa thôi mà tr ng của đc có đi mô chị rủ_rê mí có đi mô_tô xe_máy mạnh của t đc có đi,phan_nan_dich_vu
shop chăm_sóc khách_hàng thái_độ chưa tốt lắm còn chất_lượng sản_phẩm thì ổn,shop chăm_sóc khách_hàng thái_độ chưa tốt lắm còn chất_lượng sản_phẩm thì ổn,phan_nan_dich_vu
shop chăm_sóc khách_hàng với thái_độ sản_phẩm được tốt lắm còn chất_lượng chưa thì ổn,shop chăm_sóc khách_hàng với thái_độ sản_phẩm được tốt lắm còn chất_lượng chưa thì ổn,phan_nan_dich_vu
shop chăm_sóc khách_hàng với được lắm còn chất_lượng sản_phẩm thì ổn,shop chăm_sóc khách_hàng với được lắm còn chất_lượng sản_phẩm thì ổn,phan_nan_dich_vu
nhiệt_tình thái_độ phục_vụ ko tốt,nhiệt_tình thái_độ phục_vụ ko tốt,phan_nan_dich_vu
hỗ trợ tốt dép đẹp thái_độ ship e r thân_thiện,hỗ trợ tốt dép đẹp thái_độ ship e r thân_thiện,phan_nan_dich_vu
dép thái_độ ship r thân_thiện,dép thái_độ ship r thân_thiện,phan_nan_dich_vu
giao hàng siêu nhanh nhưng mình kh hài_lòng thái_độ phục_vụ lắm,giao hàng siêu nhanh nhưng mình kh hài_lòng thái_độ phục_vụ lắm,phan_nan_dich_vu
giao hàng siêu nhanh nhưng mình kh hài_lòng về thái_độ bị lỗi phục_vụ lắm,giao hàng siêu nhanh nhưng mình kh hài_lòng về thái_độ bị lỗi phục_vụ lắm,phan_nan_dich_vu
giao hàng nhanh nhưng mình hài_lòng về thái_độ phục_vụ,giao hàng nhanh nhưng mình hài_lòng về thái_độ phục_vụ,phan_nan_dich_vu
cả thái_độ của shop như,cả thái_độ của shop như,phan_nan_dich_vu
với cả nồng mùi thái_độ phục_vụ của shop cũng như,với cả nồng mùi thái_độ phục_vụ của shop cũng như,phan_nan_dich_vu
hãy cùng đã hai đứa thôi mà tr ng thái_độ t có đi mô chị rủ_rê mí đôi có đi mô_tô xe_máy đâu có thế của t đc có đi,hãy cùng đã hai đứa thôi mà tr ng thái_độ t có đi mô chị rủ_rê mí đôi có đi mô_tô xe_máy đâu có thế của t đc có đi,phan_nan_dich_vu
hãy cùng chúng tớ đã có hai đứa thôi mà tr ng gói hàng thái_độ của t đc có đi mô chị rủ_rê mí đôi có đi mô_tô xe_máy đâu có thế mạnh của t đc có đi,hãy cùng chúng tớ đã có hai đứa thôi mà tr ng gói hàng thái_độ của t đc có đi mô chị rủ_rê mí đôi có đi mô_tô xe_máy đâu có thế mạnh của t đc có đi,phan_nan_dich_vu
hãy cùng chúng tớ đã có hai đứa thôi mà đóng_gói tr ng thái_độ của t đc có đi mô chị rủ_rê mí đôi có đi mô_tô xe_máy đâu có thế mạnh của t đc có đi,hãy cùng chúng tớ đã có hai đứa thôi mà đóng_gói tr ng thái_độ của t đc có đi mô chị rủ_rê mí đôi có đi mô_tô xe_máy đâu có thế mạnh của t đc có đi,phan_nan_dich_vu
hãy cùng chúng tớ đã có hai thôi mà tr thái_độ của đc có đi mô chị rủ_rê mí đôi có đi mô_tô xe_máy đâu có thế mạnh của đc có đi,hãy cùng chúng tớ đã có hai thôi mà tr thái_độ của đc có đi mô chị rủ_rê mí đôi có đi mô_tô xe_máy đâu có thế mạnh của đc có đi,phan_nan_dich_vu
shop chăm_sóc khách_hàng ổn thái_độ chưa được tốt lắm còn chất_lượng sản_phẩm thì với,shop chăm_sóc khách_hàng ổn thái_độ chưa được tốt lắm còn chất_lượng sản_phẩm thì với,phan_nan_dich_vu
thái_độ tuyệt vời phục_vụ ko tốt,thái_độ tuyệt vời phục_vụ ko tốt,phan_nan_dich_vu
dép đẹp thái_độ ship thanks e r thân_thiện,dép đẹp thái_độ ship thanks e r thân_thiện,phan_nan_dich_vu
dép chán đẹp thái_độ ship e r thân_thiện,dép chán đẹp thái_độ ship e r thân_thiện,phan_nan_dich_vu
dép đẹp thái_độ r thân_thiện,dép đẹp thái_độ r thân_thiện,phan_nan_dich_vu
giao hàng siêu nhanh nhưng hài_lòng về thái_độ lắm,giao hàng siêu nhanh nhưng hài_lòng về thái_độ lắm,phan_nan_dich_vu
đáng tiền với cả thái_độ phục_vụ của shop cũng như,đáng tiền với cả thái_độ phục_vụ của shop cũng như,phan_nan_dich_vu
cùng chúng tớ đã có hai đứa thôi mà tr ng thái_độ của t đc có đi mô chị rủ_rê mí đôi đi xe_máy đâu có thế mạnh của đc có đi,cùng chúng tớ đã có hai đứa thôi mà tr ng thái_độ của t đc có đi mô chị rủ_rê mí đôi đi xe_máy đâu có thế mạnh của đc có đi,phan_nan_dich_vu
hãy cùng chúng tớ đã có hai đứa thôi mà tr ng thái_độ của t đc có đi mô chị rủ_rê đc đôi có đi mô_tô xe_máy đâu có thế mạnh của t mí có đi,hãy cùng chúng tớ đã có hai đứa thôi mà tr ng thái_độ của t đc có đi mô chị rủ_rê đc đôi có đi mô_tô xe_máy đâu có thế mạnh của t mí có đi,phan_nan_dich_vu
hãy cùng chúng tớ đã giới thiệu có hai đứa thôi mà tr ng thái_độ của t đc có đi mô chị rủ_rê mí đôi có đi mô_tô xe_máy đâu có thế mạnh của t đc có đi,hãy cùng chúng tớ đã giới thiệu có hai đứa thôi mà tr ng thái_độ của t đc có đi mô chị rủ_rê mí đôi có đi mô_tô xe_máy đâu có thế mạnh của t đc có đi,phan_nan_dich_vu
hãy cùng chúng tớ đã có hai đứa mà ng thái_độ của đc có đi mô chị rủ_rê mí đi mô_tô xe_máy đâu có thế mạnh của t đc có đi,hãy cùng chúng tớ đã có hai đứa mà ng thái_độ của đc có đi mô chị rủ_rê mí đi mô_tô xe_máy đâu có thế mạnh của t đc có đi,phan_nan_dich_vu
giao hàng nồng mùi siêu nhanh nhưng mình kh hài_lòng về thái_độ phục_vụ lắm,giao hàng nồng mùi siêu nhanh nhưng mình kh hài_lòng về thái_độ phục_vụ lắm,phan_nan_dich_vu
giúp đỡ với cả thái_độ phục_vụ của shop cũng như,giúp đỡ với cả thái_độ phục_vụ của shop cũng như,phan_nan_dich_vu
với cả thái_độ phục_vụ của shop cũng như như hình,với cả thái_độ phục_vụ của shop cũng như như hình,phan_nan_dich_vu
hãy cùng chúng tớ đã có hai đứa thôi mà thái_độ của t đc có đi mô chị rủ_rê mí đôi đi mô_tô xe_máy đâu có thế mạnh t đc có đi,hãy cùng chúng tớ đã có hai đứa thôi mà thái_độ của t đc có đi mô chị rủ_rê mí đôi đi mô_tô xe_máy đâu có thế mạnh t đc có đi,phan_nan_dich_vu
hãy cùng chúng tớ đã có đứa thôi tr ng thái_độ của t đc có đi chị đôi có đi mô_tô xe_máy đâu có thế mạnh của t đc có đi,hãy cùng chúng tớ đã có đứa thôi tr ng thái_độ của t đc có đi chị đôi có đi mô_tô xe_máy đâu có thế mạnh của t đc có đi,phan_nan_dich_vu
hãy cùng tớ đã có hai đứa thôi mà tr ng thái_độ của t đc có đi mô chị rủ_rê mí đôi có đi mô_tô xe_máy đâu có thế mạnh của đc có đi,hãy cùng tớ đã có hai đứa thôi mà tr ng thái_độ của t đc có đi mô chị rủ_rê mí đôi có đi mô_tô xe_máy đâu có thế mạnh của đc có đi,phan_nan_dich_vu
hãy cùng chúng tớ đã có đứa thôi mà tr ng thái_độ của t đc đi mô chị mí đôi có đi mô_tô đâu có thế mạnh của t đc có đi,hãy cùng chúng tớ đã có đứa thôi mà tr ng thái_độ của t đc đi mô chị mí đôi có đi mô_tô đâu có thế mạnh của t đc có đi,phan_nan_dich_vu
shop chăm_sóc khách_hàng với chưa được tốt lắm còn chất_lượng thì ổn,shop chăm_sóc khách_hàng với chưa được tốt lắm còn chất_lượng thì ổn,phan_nan_dich_vu
shop chăm_sóc khách_hàng với thái_độ chưa được tốt lắm còn cute chất_lượng sản_phẩm thì ổn,shop chăm_sóc khách_hàng với thái_độ chưa được tốt lắm còn cute chất_lượng sản_phẩm thì ổn,phan_nan_dich_vu
shop chăm_sóc với thái_độ chưa tốt lắm còn sản_phẩm thì,shop chăm_sóc với thái_độ chưa tốt lắm còn sản_phẩm thì,phan_nan_dich_vu
thái_độ chắc bền phục_vụ ko tốt,thái_độ chắc bền phục_vụ ko tốt,phan_nan_dich_vu
thái_độ phục_vụ giá tốt ko tốt,thái_độ phục_vụ giá tốt ko tốt,phan_nan_dich_vu
dép đẹp thái_độ ship oke e r thân_thiện,dép đẹp thái_độ ship oke e r thân_thiện,phan_nan_dich_vu
dép đẹp thái_độ ship thân_thiện,dép đẹp thái_độ ship thân_thiện,phan_nan_dich_vu
dép đẹp ship e r,dép đẹp ship e r,phan_nan_dich_vu
giao hàng siêu nhanh nhưng mình kh hài_lòng về thái_độ rcm phục_vụ lắm,giao hàng siêu nhanh nhưng mình kh hài_lòng về thái_độ rcm phục_vụ lắm,phan_nan_dich_vu
giao hàng như hình siêu nhanh nhưng mình kh hài_lòng về thái_độ phục_vụ lắm,giao hàng như hình siêu nhanh nhưng mình kh hài_lòng về thái_độ phục_vụ lắm,phan_nan_dich_vu
giao hàng siêu nhanh nhưng mình kh thái_độ về hài_lòng phục_vụ lắm,giao hàng siêu nhanh nhưng mình kh thái_độ về hài_lòng phục_vụ lắm,phan_nan_dich_vu
với cả thái_độ phục_vụ của shop y hình cũng như,với cả thái_độ phục_vụ của shop y hình cũng như,phan_nan_dich_vu
với cả thái_độ cũng của shop phục_vụ như,với cả thái_độ cũng của shop phục_vụ như,phan_nan_dich_vu
với chưa tới cả thái_độ phục_vụ của shop cũng như,với chưa tới cả thái_độ phục_vụ của shop cũng như,phan_nan_dich_vu
hãy cùng chúng tớ đã có hai đứa thôi giá tốt mà tr ng thái_độ của t đc có đi mô chị rủ_rê mí đôi có đi mô_tô xe_máy đâu có thế mạnh của t đc có đi,hãy cùng chúng tớ đã có hai đứa thôi giá tốt mà tr ng thái_độ của t đc có đi mô chị rủ_rê mí đôi có đi mô_tô xe_máy đâu có thế mạnh của t đc có đi,phan_nan_dich_vu
hãy cùng chúng tớ đã có hai đứa thôi mà tr thái_độ của t đc có mô chị rủ_rê mí đôi đi mô_tô xe_máy đâu có thế mạnh của đc có đi,hãy cùng chúng tớ đã có hai đứa thôi mà tr thái_độ của t đc có mô chị rủ_rê mí đôi đi mô_tô xe_máy đâu có thế mạnh của đc có đi,phan_nan_dich_vu
hãy cùng chúng tớ đã có hai đứa thôi mà mí ng thái_độ của t đc có đi mô chị rủ_rê tr đôi có đi mô_tô xe_máy đâu có thế mạnh của t đc có đi,hãy cùng chúng tớ đã có hai đứa thôi mà mí ng thái_độ của t đc có đi mô chị rủ_rê tr đôi có đi mô_tô xe_máy đâu có thế mạnh của t đc có đi,phan_nan_dich_vu
hãy cùng chúng tớ đã có hai đứa thôi mà tr ng xịn thái_độ của t đc có đi mô chị rủ_rê mí đôi có đi mô_tô xe_máy đâu có thế mạnh của t đc có đi,hãy cùng chúng tớ đã có hai đứa thôi mà tr ng xịn thái_độ của t đc có đi mô chị rủ_rê mí đôi có đi mô_tô xe_máy đâu có thế mạnh của t đc có đi,phan_nan_dich_vu
shop giống hình chăm_sóc khách_hàng với thái_độ chưa được tốt lắm còn chất_lượng sản_phẩm thì ổn,shop giống hình chăm_sóc khách_hàng với thái_độ chưa được tốt lắm còn chất_lượng sản_phẩm thì ổn,phan_nan_dich_vu
shop chăm_sóc khách_hàng với thái_độ chưa được tốt lắm còn chất_lượng sản_phẩm thì ưng ổn,shop chăm_sóc khách_hàng với thái_độ chưa được tốt lắm còn chất_lượng sản_phẩm thì ưng ổn,phan_nan_dich_vu
thái_độ phục_vụ ko quá đỉnh tốt,thái_độ phục_vụ ko quá đỉnh tốt,phan_nan_dich_vu
đúng như quảng cáo thái_độ phục_vụ ko tốt,đúng như quảng cáo thái_độ phục_vụ ko tốt,phan_nan_dich_vu
thái_độ phục_vụ chu đáo ko tốt,thái_độ phục_vụ chu đáo ko tốt,phan_nan_dich_vu
dép đẹp thái_độ ship e xịn r thân_thiện,dép đẹp thái_độ ship e xịn r thân_thiện,phan_nan_dich_vu
ship đẹp thái_độ dép e r thân_thiện,ship đẹp thái_độ dép e r thân_thiện,phan_nan_dich_vu
giao hàng siêu nhanh nhưng đóng_gói mình kh hài_lòng về thái_độ phục_vụ lắm,giao hàng siêu nhanh nhưng đóng_gói mình kh hài_lòng về thái_độ phục_vụ lắm,phan_nan_dich_vu
với cả thái_độ phục_vụ của shop cũng như giá ổn,với cả thái_độ phục_vụ của shop cũng như giá ổn,phan_nan_dich_vu
với thái_độ của shop cũng như,với thái_độ của shop cũng như,phan_nan_dich_vu
cả thái_độ phục_vụ của cũng như,cả thái_độ phục_vụ của cũng như,phan_nan_dich_vu
cùng chúng tớ đã có hai đứa mà tr ng thái_độ đc có đi mô rủ_rê mí đôi có đi mô_tô xe_máy đâu có thế mạnh của t đc có đi,cùng chúng tớ đã có hai đứa mà tr ng thái_độ đc có đi mô rủ_rê mí đôi có đi mô_tô xe_máy đâu có thế mạnh của t đc có đi,phan_nan_dich_vu
hãy cùng chúng tớ đã hai thôi mà tr ng thái_độ của t đc có đi mô chị mí có đi mô_tô xe_máy đâu có thế mạnh t đc có đi,hãy cùng chúng tớ đã hai thôi mà tr ng thái_độ của t đc có đi mô chị mí có đi mô_tô xe_máy đâu có thế mạnh t đc có đi,phan_nan_dich_vu
hãy cùng chúng tớ đã có hai đứa thôi mà tr ng thái_độ của t đc có đi mô chị rủ_rê mí đôi có đi tuyệt_vời mô_tô xe_máy đâu có thế mạnh của t đc có đi,hãy cùng chúng tớ đã có hai đứa thôi mà tr ng thái_độ của t đc có đi mô chị rủ_rê mí đôi có đi tuyệt_vời mô_tô xe_máy đâu có thế mạnh của t đc có đi,phan_nan_dich_vu
shop chăm_sóc khách_hàng với thái_độ chưa được tốt lắm còn chất_lượng sản_phẩm thích thì ổn,shop chăm_sóc khách_hàng với thái_độ chưa được tốt lắm còn chất_lượng sản_phẩm thích thì ổn,phan_nan_dich_vu
shop chăm_sóc khách_hàng với thái_độ chưa êm được tốt lắm còn chất_lượng sản_phẩm thì ổn,shop chăm_sóc khách_hàng với thái_độ chưa êm được tốt lắm còn chất_lượng sản_phẩm thì ổn,phan_nan_dich_vu
shop thái_độ khách_hàng với chăm_sóc chưa được tốt lắm còn chất_lượng sản_phẩm thì ổn,shop thái_độ khách_hàng với chăm_sóc chưa được tốt lắm còn chất_lượng sản_phẩm thì ổn,phan_nan_dich_vu
dép hỏng đẹp thái_độ ship e r thân_thiện,dép hỏng đẹp thái_độ ship e r thân_thiện,phan_nan_dich_vu
dép đẹp thái_độ ship thân_thiện r e,dép đẹp thái_độ ship thân_thiện r e,phan_nan_dich_vu
giao oke hàng siêu nhanh nhưng mình kh hài_lòng về thái_độ phục_vụ lắm,giao oke hàng siêu nhanh nhưng mình kh hài_lòng về thái_độ phục_vụ lắm,phan_nan_dich_vu
với cả phục_vụ của cũng như,với cả phục_vụ của cũng như,phan_nan_dich_vu
hãy cùng chúng tớ đã có hai đứa xịn thôi mà tr ng thái_độ của t đc có đi mô chị rủ_rê mí đôi có đi mô_tô xe_máy đâu có thế mạnh của t đc có đi,hãy cùng chúng tớ đã có hai đứa xịn thôi mà tr ng thái_độ của t đc có đi mô chị rủ_rê mí đôi có đi mô_tô xe_máy đâu có thế mạnh của t đc có đi,phan_nan_dich_vu
hãy cùng chúng tớ đã có hai đứa thôi mà tr ng thái_độ của t đc có đi mô chị rủ_rê mí đôi của đi mô_tô xe_máy đâu có thế mạnh có t đc có đi,hãy cùng chúng tớ đã có hai đứa thôi mà tr ng thái_độ của t đc có đi mô chị rủ_rê mí đôi của đi mô_tô xe_máy đâu có thế mạnh có t đc có đi,phan_nan_dich_vu
hãy cùng xe_máy tớ đã có hai đứa thôi mà tr ng thái_độ của t đc có đi mô chị rủ_rê mí đôi có đi mô_tô chúng đâu có thế mạnh của t đc có đi,hãy cùng xe_máy tớ đã có hai đứa thôi mà tr ng thái_độ của t đc có đi mô chị rủ_rê mí đôi có đi mô_tô chúng đâu có thế mạnh của t đc có đi,phan_nan_dich_vu
hãy cùng chúng tớ có hai đứa thôi mà tr ng của t đc có chị rủ_rê mí đôi đi mô_tô xe_máy đâu thế mạnh của t đc có đi,hãy cùng chúng tớ có hai đứa thôi mà tr ng của t đc có chị rủ_rê mí đôi đi mô_tô xe_máy đâu thế mạnh của t đc có đi,phan_nan_dich_vu
shop chăm_sóc xứng đáng khách_hàng với thái_độ chưa được tốt lắm còn chất_lượng sản_phẩm thì ổn,shop chăm_sóc xứng đáng khách_hàng với thái_độ chưa được tốt lắm còn chất_lượng sản_phẩm thì ổn,phan_nan_dich_vu
ổn chăm_sóc khách_hàng với thái_độ chưa được tốt lắm còn chất_lượng sản_phẩm thì shop,ổn chăm_sóc khách_hàng với thái_độ chưa được tốt lắm còn chất_lượng sản_phẩm thì shop,phan_nan_dich_vu
lẹ thái_độ phục_vụ ko tốt,lẹ thái_độ phục_vụ ko tốt,phan_nan_dich_vu
hỏng thái_độ phục_vụ ko tốt,hỏng thái_độ phục_vụ ko tốt,phan_nan_dich_vu
giao hàng siêu nhanh mình kh hài_lòng về thái_độ phục_vụ lắm,giao hàng siêu nhanh mình kh hài_lòng về thái_độ phục_vụ lắm,phan_nan_dich_vu
giao hàng siêu nhanh nhưng mình kh về thái_độ phục_vụ,giao hàng siêu nhanh nhưng mình kh về thái_độ phục_vụ,phan_nan_dich_vu
giao hàng siêu nhanh nhưng mình kh hài_lòng về thái_độ hợp lý phục_vụ lắm,giao hàng siêu nhanh nhưng mình kh hài_lòng về thái_độ hợp lý phục_vụ lắm,phan_nan_dich_vu
với cả nhanh_chóng thái_độ phục_vụ của shop cũng như,với cả nhanh_chóng thái_độ phục_vụ của shop cũng như,phan_nan_dich_vu
phục_vụ cả thái_độ với của shop cũng như,phục_vụ cả thái_độ với của shop cũng như,phan_nan_dich_vu
chất với cả thái_độ phục_vụ của shop cũng như,chất với cả thái_độ phục_vụ của shop cũng như,phan_nan_dich_vu
hãy cùng tớ có đứa mà tr ng thái_độ của đc có đi mô chị đôi có đi mô_tô xe_máy đâu có thế mạnh của t đc có đi,hãy cùng tớ có đứa mà tr ng thái_độ của đc có đi mô chị đôi có đi mô_tô xe_máy đâu có thế mạnh của t đc có đi,phan_nan_dich_vu
hãy cùng chúng tớ đã có hai đứa thôi mà tr ng thái_độ của t đc có đi mô chị rủ_rê mí đôi có đi mô_tô xe_máy đâu có thế mạnh của t đc có khuyến nghị đi,hãy cùng chúng tớ đã có hai đứa thôi mà tr ng thái_độ của t đc có đi mô chị rủ_rê mí đôi có đi mô_tô xe_máy đâu có thế mạnh của t đc có khuyến nghị đi,phan_nan_dich_vu
hãy cùng chúng tớ đã có hai đứa thôi mà tr ng thái_độ của t đc đi mô chị rủ_rê đôi có đi xe_máy đâu có thế mạnh của t có đi,hãy cùng chúng tớ đã có hai đứa thôi mà tr ng thái_độ của t đc đi mô chị rủ_rê đôi có đi xe_máy đâu có thế mạnh của t có đi,phan_nan_dich_vu
hãy cùng chúng tớ đã có hai đứa thôi mà ng thái_độ t đi mô chị rủ_rê mí đôi có đi mô_tô xe_máy đâu có thế của t đc có đi,hãy cùng chúng tớ đã có hai đứa thôi mà ng thái_độ t đi mô chị rủ_rê mí đôi có đi mô_tô xe_máy đâu có thế của t đc có đi,phan_nan_dich_vu
shop khách_hàng với thái_độ chưa tốt lắm chất_lượng sản_phẩm thì ổn,shop khách_hàng với thái_độ chưa tốt lắm chất_lượng sản_phẩm thì ổn,phan_nan_dich_vu
thái_độ cảm_ơn phục_vụ ko tốt,thái_độ cảm_ơn phục_vụ ko tốt,phan_nan_dich_vu
thái_độ phục_vụ ko dễ thương tốt,thái_độ phục_vụ ko dễ thương tốt,phan_nan_dich_vu
dép đẹp thái_độ ship e chắc r thân_thiện,dép đẹp thái_độ ship e chắc r thân_thiện,phan_nan_dich_vu
đẹp ship e r,đẹp ship e r,phan_nan_dich_vu
giao hàng siêu nhưng mình kh hài_lòng về thái_độ phục_vụ lắm,giao hàng siêu nhưng mình kh hài_lòng về thái_độ phục_vụ lắm,phan_nan_dich_vu
giao hàng siêu nhanh nhưng mình kh hài_lòng tuyệt về thái_độ phục_vụ lắm,giao hàng siêu nhanh nhưng mình kh hài_lòng tuyệt về thái_độ phục_vụ lắm,phan_nan_dich_vu
giao hàng siêu nhanh nhưng mình hài_lòng về thái_độ phục_vụ lắm,giao hàng siêu nhanh nhưng mình hài_lòng về thái_độ phục_vụ lắm,phan_nan_dich_vu
giao hàng siêu nhanh nhưng mình kh hài_lòng về thái_độ xịn phục_vụ lắm,giao hàng siêu nhanh nhưng mình kh hài_lòng về thái_độ xịn phục_vụ lắm,phan_nan_dich_vu
với cả thái_độ phục_vụ gói hàng của shop cũng như,với cả thái_độ phục_vụ gói hàng của shop cũng như,phan_nan_dich_vu
với cẩn_thận cả thái_độ phục_vụ của shop cũng như,với cẩn_thận cả thái_độ phục_vụ của shop cũng như,phan_nan_dich_vu
hãy cùng chúng có thôi mà ng của t có mô mí có mô_tô xe_máy đâu có mạnh của t có đi,hãy cùng chúng có thôi mà ng của t có mô mí có mô_tô xe_máy đâu có mạnh của t có đi,phan_nan_dich_vu
hãy cùng chúng tớ đã có hai đứa thôi mà tr ng thái_độ của t đc có đi mô lỗi hàng chị rủ_rê mí đôi có đi mô_tô xe_máy đâu có thế mạnh của t đc có đi,hãy cùng chúng tớ đã có hai đứa thôi mà tr ng thái_độ của t đc có đi mô lỗi hàng chị rủ_rê mí đôi có đi mô_tô xe_máy đâu có thế mạnh của t đc có đi,phan_nan_dich_vu
hãy cùng chúng tớ đã có hai đứa thôi mà tr ng thái_độ của t đc có đi mô chị rủ_rê mí xịn đôi có đi mô_tô xe_máy đâu có thế mạnh của t đc có đi,hãy cùng chúng tớ đã có hai đứa thôi mà tr ng thái_độ của t đc có đi mô chị rủ_rê mí xịn đôi có đi mô_tô xe_máy đâu có thế mạnh của t đc có đi,phan_nan_dich_vu
hãy cùng chúng tớ đã có hai đứa thôi mà thái_độ ng tr của t đc có đi mô chị rủ_rê mí đôi có đi mô_tô xe_máy đâu có thế mạnh của t đc có đi,hãy cùng chúng tớ đã có hai đứa thôi mà thái_độ ng tr của t đc có đi mô chị rủ_rê mí đôi có đi mô_tô xe_máy đâu có thế mạnh của t đc có đi,phan_nan_dich_vu
shop khách_hàng với thái_độ được tốt lắm còn chất_lượng sản_phẩm thì ổn,shop khách_hàng với thái_độ được tốt lắm còn chất_lượng sản_phẩm thì ổn,phan_nan_dich_vu
shop chăm_sóc khách_hàng với thái_độ chất_lượng được tốt lắm còn chưa sản_phẩm thì ổn,shop chăm_sóc khách_hàng với thái_độ chất_lượng được tốt lắm còn chưa sản_phẩm thì ổn,phan_nan_dich_vu
shop chăm_sóc khách_hàng kịp thời với thái_độ chưa được tốt lắm còn chất_lượng sản_phẩm thì ổn,shop chăm_sóc khách_hàng kịp thời với thái_độ chưa được tốt lắm còn chất_lượng sản_phẩm thì ổn,phan_nan_dich_vu
shop chăm_sóc khách_hàng với thái_độ chưa được rcm tốt lắm còn chất_lượng sản_phẩm thì ổn,shop chăm_sóc khách_hàng với thái_độ chưa được rcm tốt lắm còn chất_lượng sản_phẩm thì ổn,phan_nan_dich_vu
dép đẹp thái_độ đáng mua ship e r thân_thiện,dép đẹp thái_độ đáng mua ship e r thân_thiện,phan_nan_dich_vu
dép đẹp thái_độ ship e r thân_thiện mua nha,dép đẹp thái_độ ship e r thân_thiện mua nha,phan_nan_dich_vu
giao hàng siêu nhưng mình kh hài_lòng về phục_vụ,giao hàng siêu nhưng mình kh hài_lòng về phục_vụ,phan_nan_dich_vu
giao hàng siêu hài_lòng nhưng mình kh nhanh về thái_độ phục_vụ lắm,giao hàng siêu hài_lòng nhưng mình kh nhanh về thái_độ phục_vụ lắm,phan_nan_dich_vu
với cả của shop cũng như,với cả của shop cũng như,phan_nan_dich_vu
hãy cùng chúng tớ đã có hai đứa thôi mà tr ng thái_độ của t đc có đi mô chị rủ_rê mí đôi có đi mô_tô có thế mạnh của đc có,hãy cùng chúng tớ đã có hai đứa thôi mà tr ng thái_độ của t đc có đi mô chị rủ_rê mí đôi có đi mô_tô có thế mạnh của đc có,phan_nan_dich_vu
hãy cùng chúng đã có hai đứa tr thái_độ của t đc đi mô chị rủ_rê mí đôi có đi mô_tô xe_máy đâu có mạnh của t đc có đi,hãy cùng chúng đã có hai đứa tr thái_độ của t đc đi mô chị rủ_rê mí đôi có đi mô_tô xe_máy đâu có mạnh của t đc có đi,phan_nan_dich_vu
hãy cùng chúng tớ đã có hai đứa thôi mà tr ng thái_độ của t đc có đi mô chị mí đôi có đi mô_tô xe_máy đâu thế mạnh của t đc có đi,hãy cùng chúng tớ đã có hai đứa thôi mà tr ng thái_độ của t đc có đi mô chị mí đôi có đi mô_tô xe_máy đâu thế mạnh của t đc có đi,phan_nan_dich_vu
cùng chúng tớ đã đứa mà tr ng của t đi mô chị mí đôi có đi mô_tô xe_máy đâu có thế mạnh t đc có đi,cùng chúng tớ đã đứa mà tr ng của t đi mô chị mí đôi có đi mô_tô xe_máy đâu có thế mạnh t đc có đi,phan_nan_dich_vu
shop chăm_sóc khách_hàng với thái_độ được chưa tốt lắm còn chất_lượng sản_phẩm thì ổn,shop chăm_sóc khách_hàng với thái_độ được chưa tốt lắm còn chất_lượng sản_phẩm thì ổn,phan_nan_dich_vu
chăm_sóc khách_hàng với thái_độ chưa được tốt còn chất_lượng sản_phẩm thì ổn,chăm_sóc khách_hàng với thái_độ chưa được tốt còn chất_lượng sản_phẩm thì ổn,phan_nan_dich_vu
shop chăm_sóc khách_hàng với thái_độ chưa được lắm còn chất_lượng sản_phẩm ổn,shop chăm_sóc khách_hàng với thái_độ chưa được lắm còn chất_lượng sản_phẩm ổn,phan_nan_dich_vu
giao hàng siêu nhanh nhưng chất_lượng mình kh hài_lòng về thái_độ phục_vụ lắm,giao hàng siêu nhanh nhưng chất_lượng mình kh hài_lòng về thái_độ phục_vụ lắm,phan_nan_dich_vu
giao hàng siêu nhanh nhưng mình kh hài_lòng ổn về thái_độ phục_vụ lắm,giao hàng siêu nhanh nhưng mình kh hài_lòng ổn về thái_độ phục_vụ lắm,phan_nan_dich_vu
với cả thái_độ phục_vụ hài_lòng của shop cũng như,với cả thái_độ phục_vụ hài_lòng của shop cũng như,phan_nan_dich_vu
với cả thái_độ phục_vụ của shop cũng chuẩn hình như,với cả thái_độ phục_vụ của shop cũng chuẩn hình như,phan_nan_dich_vu
với cả thái_độ phục_vụ của lâu shop cũng như,với cả thái_độ phục_vụ của lâu shop cũng như,phan_nan_dich_vu
hãy cùng chúng tớ đã có hai đứa thôi mà tr ng thái_độ của t đc có đi mô có rủ_rê mí đôi chị đi mô_tô xe_máy đâu có thế mạnh của t đc có đi,hãy cùng chúng tớ đã có hai đứa thôi mà tr ng thái_độ của t đc có đi mô có rủ_rê mí đôi chị đi mô_tô xe_máy đâu có thế mạnh của t đc có đi,phan_nan_dich_vu
hãy cùng chúng tớ có hai đứa thôi tr ng thái_độ của t có đi mô chị rủ_rê mí đôi có đi mô_tô xe_máy đâu có thế mạnh của t đc đi,hãy cùng chúng tớ có hai đứa thôi tr ng thái_độ của t có đi mô chị rủ_rê mí đôi có đi mô_tô xe_máy đâu có thế mạnh của t đc đi,phan_nan_dich_vu
xe_máy cùng chúng tớ đã có hai đứa thôi mà tr ng thái_độ của t đc có đi mô chị rủ_rê mí đôi có đi mô_tô hãy đâu có thế mạnh của t đc có đi,xe_máy cùng chúng tớ đã có hai đứa thôi mà tr ng thái_độ của t đc có đi mô chị rủ_rê mí đôi có đi mô_tô hãy đâu có thế mạnh của t đc có đi,phan_nan_dich_vu
hãy chị chúng tớ đã có hai đứa thôi mà tr ng thái_độ của t đc có đi mô cùng rủ_rê mí đôi có đi mô_tô xe_máy đâu có thế mạnh của t đc có đi,hãy chị chúng tớ đã có hai đứa thôi mà tr ng thái_độ của t đc có đi mô cùng rủ_rê mí đôi có đi mô_tô xe_máy đâu có thế mạnh của t đc có đi,phan_nan_dich_vu
shop chăm_sóc khách_hàng thái_độ với chưa được tốt lắm còn chất_lượng sản_phẩm thì ổn,shop chăm_sóc khách_hàng thái_độ với chưa được tốt lắm còn chất_lượng sản_phẩm thì ổn,phan_nan_dich_vu
shop chăm_sóc với thái_độ chưa được tốt lắm còn sản_phẩm thì,shop chăm_sóc với thái_độ chưa được tốt lắm còn sản_phẩm thì,phan_nan_dich_vu
shop chăm_sóc khách_hàng với thái_độ chưa được tốt lắm còn chất_lượng mềm_mại sản_phẩm thì ổn,shop chăm_sóc khách_hàng với thái_độ chưa được tốt lắm còn chất_lượng mềm_mại sản_phẩm thì ổn,phan_nan_dich_vu
thái_độ phục_vụ ko mềm_mại tốt,thái_độ phục_vụ ko mềm_mại tốt,phan_nan_dich_vu
thái_độ phục_vụ ko tốt đóng_gói,thái_độ phục_vụ ko tốt đóng_gói,phan_nan_dich_vu
dép tuyệt đẹp thái_độ ship e r thân_thiện,dép tuyệt đẹp thái_độ ship e r thân_thiện,phan_nan_dich_vu
hàng siêu nhanh nhưng mình kh hài_lòng về phục_vụ lắm,hàng siêu nhanh nhưng mình kh hài_lòng về phục_vụ lắm,phan_nan_dich_vu
giao hàng siêu nhưng mình kh hài_lòng về thái_độ phục_vụ,giao hàng siêu nhưng mình kh hài_lòng về thái_độ phục_vụ,phan_nan_dich_vu
hàng siêu nhanh nhưng mình kh hài_lòng về thái_độ phục_vụ lắm,hàng siêu nhanh nhưng mình kh hài_lòng về thái_độ phục_vụ lắm,phan_nan_dich_vu
giao hàng siêu nhanh nhưng hài_lòng về phục_vụ,giao hàng siêu nhanh nhưng hài_lòng về phục_vụ,phan_nan_dich_vu
với cả thái_độ như hình phục_vụ của shop cũng như,với cả thái_độ như hình phục_vụ của shop cũng như,phan_nan_dich_vu
với cả cảm_ơn thái_độ phục_vụ của shop cũng như,với cả cảm_ơn thái_độ phục_vụ của shop cũng như,phan_nan_dich_vu
hãy cùng chúng tớ có hai đứa thôi mà thái_độ của t đc có chị rủ_rê mí đôi có đi mô_tô xe_máy đâu có thế mạnh của t đc có đi,hãy cùng chúng tớ có hai đứa thôi mà thái_độ của t đc có chị rủ_rê mí đôi có đi mô_tô xe_máy đâu có thế mạnh của t đc có đi,phan_nan_dich_vu
hãy cùng chúng tớ đã có hai đứa thôi mà tr ng thái_độ của t đc có đi mô chị rủ_rê mí đôi có đi mô_tô xe_máy xịn đâu có thế mạnh của t đc có đi,hãy cùng chúng tớ đã có hai đứa thôi mà tr ng thái_độ của t đc có đi mô chị rủ_rê mí đôi có đi mô_tô xe_máy xịn đâu có thế mạnh của t đc có đi,phan_nan_dich_vu
hãy cùng chúng tớ đã có hai đứa thôi mà tr ng thái_độ của t đc có đi mô chị rủ_rê kém mí đôi có đi mô_tô xe_máy đâu có thế mạnh của t đc có đi,hãy cùng chúng tớ đã có hai đứa thôi mà tr ng thái_độ của t đc có đi mô chị rủ_rê kém mí đôi có đi mô_tô xe_máy đâu có thế mạnh của t đc có đi,phan_nan_dich_vu
cùng chúng đã có hai thôi mà tr ng thái_độ của t đc có đi mô rủ_rê mí đôi có đi mô_tô xe_máy đâu thế mạnh của t đc có đi,cùng chúng đã có hai thôi mà tr ng thái_độ của t đc có đi mô rủ_rê mí đôi có đi mô_tô xe_máy đâu thế mạnh của t đc có đi,phan_nan_dich_vu
shop chăm_sóc khách_hàng với thái_độ thất vọng chưa được tốt lắm còn chất_lượng sản_phẩm thì ổn,shop chăm_sóc khách_hàng với thái_độ thất vọng chưa được tốt lắm còn chất_lượng sản_phẩm thì ổn,phan_nan_dich_vu
shop chăm_sóc khách_hàng lắm thái_độ chưa được tốt với còn chất_lượng sản_phẩm thì ổn,shop chăm_sóc khách_hàng lắm thái_độ chưa được tốt với còn chất_lượng sản_phẩm thì ổn,phan_nan_dich_vu
thái_độ phục_vụ ko nhanh_chóng tốt,thái_độ phục_vụ ko nhanh_chóng tốt,phan_nan_dich_vu
dép ship thái_độ đẹp e r thân_thiện,dép ship thái_độ đẹp e r thân_thiện,phan_nan_dich_vu
dép nhiệt_tình đẹp thái_độ ship e r thân_thiện,dép nhiệt_tình đẹp thái_độ ship e r thân_thiện,phan_nan_dich_vu
giao hàng siêu nhanh nhưng chắc_chắn mình kh hài_lòng về thái_độ phục_vụ lắm,giao hàng siêu nhanh nhưng chắc_chắn mình kh hài_lòng về thái_độ phục_vụ lắm,phan_nan_dich_vu
giao hàng siêu nhanh chắc bền nhưng mình kh hài_lòng về thái_độ phục_vụ lắm,giao hàng siêu nhanh chắc bền nhưng mình kh hài_lòng về thái_độ phục_vụ lắm,phan_nan_dich_vu
cả với thái_độ phục_vụ của shop cũng như,cả với thái_độ phục_vụ của shop cũng như,phan_nan_dich_vu
với phục_vụ của shop cũng,với phục_vụ của shop cũng,phan_nan_dich_vu
hãy cùng chúng tớ đã có hai đứa thôi mà tr ng thái_độ của t đc có đi mô chị rủ_rê mí đôi có đi mô_tô xe_máy đâu có thế mạnh của có đc t đi,hãy cùng chúng tớ đã có hai đứa thôi mà tr ng thái_độ của t đc có đi mô chị rủ_rê mí đôi có đi mô_tô xe_máy đâu có thế mạnh của có đc t đi,phan_nan_dich_vu
hãy cùng đã có hai đứa thôi tr ng thái_độ của t đc có mô chị rủ_rê mí đôi có đi mô_tô xe_máy có thế mạnh của t đi,hãy cùng đã có hai đứa thôi tr ng thái_độ của t đc có mô chị rủ_rê mí đôi có đi mô_tô xe_máy có thế mạnh của t đi,phan_nan_dich_vu
hãy cùng chúng tớ đã hai đứa thôi mà tr ng của t đc có đi mô chị rủ_rê mí có đi mô_tô xe_máy đâu thế mạnh của t đc có đi,hãy cùng chúng tớ đã hai đứa thôi mà tr ng của t đc có đi mô chị rủ_rê mí có đi mô_tô xe_máy đâu thế mạnh của t đc có đi,phan_nan_dich_vu
hãy cùng chúng đã có hai đứa thôi mà tr ng thái_độ của t đc đi mô chị rủ_rê mí đôi có đi mô_tô có của đc có đi,hãy cùng chúng đã có hai đứa thôi mà tr ng thái_độ của t đc đi mô chị rủ_rê mí đôi có đi mô_tô có của đc có đi,phan_nan_dich_vu
shop chăm_sóc khách_hàng với chưa được tốt lắm còn sản_phẩm thì ổn,shop chăm_sóc khách_hàng với chưa được tốt lắm còn sản_phẩm thì ổn,phan_nan_dich_vu
shop chăm_sóc khách_hàng với thái_độ chưa được tốt lắm còn chất_lượng hợp lý sản_phẩm thì ổn,shop chăm_sóc khách_hàng với thái_độ chưa được tốt lắm còn chất_lượng hợp lý sản_phẩm thì ổn,phan_nan_dich_vu
shop kịp thời chăm_sóc khách_hàng với thái_độ chưa được tốt lắm còn chất_lượng sản_phẩm thì ổn,shop kịp thời chăm_sóc khách_hàng với thái_độ chưa được tốt lắm còn chất_lượng sản_phẩm thì ổn,phan_nan_dich_vu
thái_độ phục_vụ ko đáng mua tốt,thái_độ phục_vụ ko đáng mua tốt,phan_nan_dich_vu
nên mua dép đẹp thái_độ ship e r thân_thiện,nên mua dép đẹp thái_độ ship e r thân_thiện,phan_nan_dich_vu
dép đẹp thái_độ ship chắc e r thân_thiện,dép đẹp thái_độ ship chắc e r thân_thiện,phan_nan_dich_vu
giao giới thiệu hàng siêu nhanh nhưng mình kh hài_lòng về thái_độ phục_vụ lắm,giao giới thiệu hàng siêu nhanh nhưng mình kh hài_lòng về thái_độ phục_vụ lắm,phan_nan_dich_vu
hãy cùng tớ đã đứa thôi mà tr ng thái_độ của đc mô chị mí đôi có đi mô_tô đâu có thế mạnh của t đc có,hãy cùng tớ đã đứa thôi mà tr ng thái_độ của đc mô chị mí đôi có đi mô_tô đâu có thế mạnh của t đc có,phan_nan_dich_vu
hãy cùng chúng rcm tớ đã có hai đứa thôi mà tr ng thái_độ của t đc có đi mô chị rủ_rê mí đôi có đi mô_tô xe_máy đâu có thế mạnh của t đc có đi,hãy cùng chúng rcm tớ đã có hai đứa thôi mà tr ng thái_độ của t đc có đi mô chị rủ_rê mí đôi có đi mô_tô xe_máy đâu có thế mạnh của t đc có đi,phan_nan_dich_vu
hãy cùng chúng tớ đã có hai đứa thôi thân_thiện mà tr ng thái_độ của t đc có đi mô chị rủ_rê mí đôi có đi mô_tô xe_máy đâu có thế mạnh của t đc có đi,hãy cùng chúng tớ đã có hai đứa thôi thân_thiện mà tr ng thái_độ của t đc có đi mô chị rủ_rê mí đôi có đi mô_tô xe_máy đâu có thế mạnh của t đc có đi,phan_nan_dich_vu
hãy cùng chúng tớ đã có hai đứa thôi mà tr có thái_độ của t đc có đi mô chị rủ_rê mí đôi có đi mô_tô xe_máy đâu ng thế mạnh của t đc có đi,hãy cùng chúng tớ đã có hai đứa thôi mà tr có thái_độ của t đc có đi mô chị rủ_rê mí đôi có đi mô_tô xe_máy đâu ng thế mạnh của t đc có đi,phan_nan_dich_vu
tốt chăm_sóc khách_hàng với thái_độ chưa được shop lắm còn chất_lượng sản_phẩm thì ổn,tốt chăm_sóc khách_hàng với thái_độ chưa được shop lắm còn chất_lượng sản_phẩm thì ổn,phan_nan_dich_vu
shop thì khách_hàng với thái_độ chưa được tốt lắm còn chất_lượng sản_phẩm chăm_sóc ổn,shop thì khách_hàng với thái_độ chưa được tốt lắm còn chất_lượng sản_phẩm chăm_sóc ổn,phan_nan_dich_vu
shop chăm_sóc khách_hàng với thái_độ chưa được tốt rcm lắm còn chất_lượng sản_phẩm thì ổn,shop chăm_sóc khách_hàng với thái_độ chưa được tốt rcm lắm còn chất_lượng sản_phẩm thì ổn,phan_nan_dich_vu
shop chăm_sóc với chưa được tốt còn chất_lượng sản_phẩm thì ổn,shop chăm_sóc với chưa được tốt còn chất_lượng sản_phẩm thì ổn,phan_nan_dich_vu
thái_độ phục_vụ chất_lượng ko tốt,thái_độ phục_vụ chất_lượng ko tốt,phan_nan_dich_vu
giao hàng siêu nhanh nhưng mình kh hài_lòng về thái_độ phục_vụ,giao hàng siêu nhanh nhưng mình kh hài_lòng về thái_độ phục_vụ,phan_nan_dich_vu
với cả thái_độ phục_vụ của shop như hình cũng như,với cả thái_độ phục_vụ của shop như hình cũng như,phan_nan_dich_vu
với cả thái_độ nồng mùi phục_vụ của shop cũng như,với cả thái_độ nồng mùi phục_vụ của shop cũng như,phan_nan_dich_vu
với cả thái_độ phục_vụ của shop cũng như bền_đẹp,với cả thái_độ phục_vụ của shop cũng như bền_đẹp,phan_nan_dich_vu
hãy cùng chúng tớ đã hai đứa thôi mà tr ng thái_độ của t đc có đi mô chị rủ_rê mí đôi có đi mô_tô đâu có thế mạnh của t đc có đi,hãy cùng chúng tớ đã hai đứa thôi mà tr ng thái_độ của t đc có đi mô chị rủ_rê mí đôi có đi mô_tô đâu có thế mạnh của t đc có đi,phan_nan_dich_vu
hãy cùng chúng tớ đã có hai đứa thôi mà tr ng thái_độ của t đc có đi mô chị rủ_rê mí đôi có đi mô_tô xe_máy thế có đâu mạnh của t đc có đi,hãy cùng chúng tớ đã có hai đứa thôi mà tr ng thái_độ của t đc có đi mô chị rủ_rê mí đôi có đi mô_tô xe_máy thế có đâu mạnh của t đc có đi,phan_nan_dich_vu
hãy cùng chúng tớ đã có hai đứa thôi mà tr ng thái_độ t có đi mô chị rủ_rê mí đôi có đi mô_tô xe_máy đâu có thế mạnh của đc có,hãy cùng chúng tớ đã có hai đứa thôi mà tr ng thái_độ t có đi mô chị rủ_rê mí đôi có đi mô_tô xe_máy đâu có thế mạnh của đc có,phan_nan_dich_vu
thái_độ phục_vụ ko tốt đóng hàng,thái_độ phục_vụ ko tốt đóng hàng,phan_nan_dich_vu
rcm dép đẹp thái_độ ship e r thân_thiện,rcm dép đẹp thái_độ ship e r thân_thiện,phan_nan_dich_vu
hàng siêu nhanh mình kh hài_lòng về thái_độ phục_vụ lắm,hàng siêu nhanh mình kh hài_lòng về thái_độ phục_vụ lắm,phan_nan_dich_vu
giao hàng siêu nhanh thái_độ mình kh hài_lòng về nhưng phục_vụ lắm,giao hàng siêu nhanh thái_độ mình kh hài_lòng về nhưng phục_vụ lắm,phan_nan_dich_vu
với cả thank you thái_độ phục_vụ của shop cũng như,với cả thank you thái_độ phục_vụ của shop cũng như,phan_nan_dich_vu
với cả thái_độ của shop như,với cả thái_độ của shop như,phan_nan_dich_vu
với cả thái_độ phục_vụ của hỗ_trợ shop cũng như,với cả thái_độ phục_vụ của hỗ_trợ shop cũng như,phan_nan_dich_vu
với cả thái_độ phục_vụ shop cũng,với cả thái_độ phục_vụ shop cũng,phan_nan_dich_vu
hãy cùng chúng tớ đã có hai đứa thôi mà tr ng của t đc có đi mô chị rủ_rê mí đôi có đi mô_tô xe_máy đâu có mạnh t đc có đi,hãy cùng chúng tớ đã có hai đứa thôi mà tr ng của t đc có đi mô chị rủ_rê mí đôi có đi mô_tô xe_máy đâu có mạnh t đc có đi,phan_nan_dich_vu
hãy cùng chúng thích tớ đã có hai đứa thôi mà tr ng thái_độ của t đc có đi mô chị rủ_rê mí đôi có đi mô_tô xe_máy đâu có thế mạnh của t đc có đi,hãy cùng chúng thích tớ đã có hai đứa thôi mà tr ng thái_độ của t đc có đi mô chị rủ_rê mí đôi có đi mô_tô xe_máy đâu có thế mạnh của t đc có đi,phan_nan_dich_vu
hãy cùng đôi tớ đã có hai đứa thôi mà tr ng thái_độ của t đc có đi mô chị rủ_rê mí chúng có đi mô_tô xe_máy đâu có thế mạnh của t đc có đi,hãy cùng đôi tớ đã có hai đứa thôi mà tr ng thái_độ của t đc có đi mô chị rủ_rê mí chúng có đi mô_tô xe_máy đâu có thế mạnh của t đc có đi,phan_nan_dich_vu
hãy cùng chúng tớ đã có hai đứa thôi mà tr ng thái_độ của t đc có đi mô chị rủ_rê mí đôi có đi mô_tô chán xe_máy đâu có thế mạnh của t đc có đi,hãy cùng chúng tớ đã có hai đứa thôi mà tr ng thái_độ của t đc có đi mô chị rủ_rê mí đôi có đi mô_tô chán xe_máy đâu có thế mạnh của t đc có đi,phan_nan_dich_vu
chưa chăm_sóc khách_hàng với thái_độ shop được tốt lắm còn chất_lượng sản_phẩm thì ổn,chưa chăm_sóc khách_hàng với thái_độ shop được tốt lắm còn chất_lượng sản_phẩm thì ổn,phan_nan_dich_vu
thái_độ phục_vụ chuẩn ko tốt,thái_độ phục_vụ chuẩn ko tốt,phan_nan_dich_vu
thái_độ phục_vụ ko tốt dễ thương,thái_độ phục_vụ ko tốt dễ thương,phan_nan_dich_vu
thái_độ phục_vụ ko đóng hàng tốt,thái_độ phục_vụ ko đóng hàng tốt,phan_nan_dich_vu
dép đẹp thái_độ ship e r,dép đẹp thái_độ ship e r,phan_nan_dich_vu
